Microns Throughput
2.0483000488281253 0.0
2.049300048828125 0.0
2.050300048828125 3.716142643833426e-06
2.051300048828125 4.073193905622848e-06
2.052300048828125 5.986085351602118e-06
2.053300048828125 8.71069595578715e-06
2.054300048828125 3.394938253183541e-06
2.055300048828125 4.8375520623886645e-06
2.056300048828125 6.442376377952324e-06
2.057300048828125 6.4792393075078624e-06
2.058300048828125 5.92475154589011e-06
2.059300048828125 7.032866695437589e-06
2.060300048828125 5.893191794566049e-06
2.061300048828125 5.677079642929034e-06
2.062300048828125 9.38404576347594e-06
2.063300048828125 7.621973491471043e-06
2.064300048828125 1.0146239078051055e-05
2.065300048828125 1.032272907417573e-05
2.066300048828125 1.0895871099939889e-05
2.067300048828125 1.0572615653571868e-05
2.068300048828125 1.2932685193083084e-05
2.069300048828125 1.5200518579127018e-05
2.070300048828125 1.455761480127217e-05
2.071300048828125 1.6594300882756096e-05
2.072300048828125 2.021956713097205e-05
2.073300048828125 2.529505774851212e-05
2.074300048828125 3.032706803886808e-05
2.075300048828125 3.378392552166125e-05
2.076300048828125 4.677017635627815e-05
2.077300048828125 5.502552853228855e-05
2.078300048828125 6.505919672802783e-05
2.079300048828125 8.761734530816193e-05
2.080300048828125 0.0001095289310119192
2.081300048828125 0.00014459783650782503
2.082300048828125 0.00019607181494068145
2.083300048828125 0.0002632597035576577
2.084300048828125 0.0003577874154601077
2.085300048828125 0.0005021859594048706
2.086300048828125 0.0007182456796578505
2.087300048828125 0.0010516717263967111
2.088300048828125 0.0015558606676235698
2.089300048828125 0.002377554609568451
2.090300048828125 0.0036060950675713952
2.091300048828125 0.0054699269531160956
2.092300048828125 0.008394266235432137
2.093300048828125 0.012185286633403049
2.094300048828125 0.017366008700698363
2.095300048828125 0.0238842401288171
2.096300048828125 0.03171501296255538
2.097300048828125 0.040933577355356784
2.098300048828125 0.05160788118901365
2.099300048828125 0.06272569141669143
2.100300048828125 0.07206156254363402
2.101300048828125 0.0799798049621646
2.102300048828125 0.0886022728238544
2.103300048828125 0.09768963626424083
2.104300048828125 0.10851846182388826
2.105300048828125 0.12257035374209567
2.106300048828125 0.1376035894530114
2.107300048828125 0.1568341299393643
2.108300048828125 0.17799050710667863
2.109300048828125 0.2028707806193208
2.110300048828125 0.23033421489193429
2.111300048828125 0.26282590871385786
2.112300048828125 0.29660009925767133
2.113300048828125 0.32958374712775396
2.114300048828125 0.36462437984674695
2.115300048828125 0.3919321117512872
2.116300048828125 0.41513884659371875
2.117300048828125 0.4307036410486665
2.118300048828125 0.4457820897303743
2.119300048828125 0.44845392026755315
2.120300048828125 0.4546509765030565
2.121300048828125 0.45671382245684
2.122300048828125 0.4577151751355473
2.123300048828125 0.4587450550882296
2.124300048828125 0.4556708064115286
2.125300048828125 0.45557749482140225
2.126300048828125 0.45143617714260786
2.127300048828125 0.4416413180771558
2.128300048828125 0.4277387703711718
2.129300048828125 0.4065109910229191
2.130300048828125 0.3745916120303559
2.131300048828125 0.3440817728624564
2.132300048828125 0.3066208389870762
2.133300048828125 0.2708531031320484
2.134300048828125 0.23688822552174854
2.135300048828125 0.2048997881971401
2.136300048828125 0.17507508021566956
2.137300048828125 0.150459799687696
2.138300048828125 0.13161483107493174
2.139300048828125 0.11388536508226832
2.140300048828125 0.09991954456065104
2.141300048828125 0.08724297969739339
2.142300048828125 0.07473239901363356
2.143300048828125 0.06297448505957164
2.144300048828125 0.05253681381161213
2.145300048828125 0.04357175555025797
2.146300048828125 0.034908839386879165
2.147300048828125 0.027883577533030196
2.148300048828125 0.021710092069573958
2.149300048828125 0.01633641678335726
2.150300048828125 0.01206239867677662
2.151300048828125 0.008561908277596137
2.152300048828125 0.00585832752325557
2.153300048828125 0.0038777051151705926
2.154300048828125 0.002550493934314642
2.155300048828125 0.001648919221200432
2.156300048828125 0.0010805713263109867
2.157300048828125 0.0007308483046727668
2.158300048828125 0.0005011375384905237
2.159300048828125 0.00034915240586937623
2.160300048828125 0.0002523122975881166
2.161300048828125 0.00018459637002315532
2.162300048828125 0.00013532733901445242
2.163300048828125 0.00010614860866917164
2.164300048828125 7.950868653913901e-05
2.165300048828125 6.479470236125568e-05
2.166300048828125 5.102362285457802e-05
2.167300048828125 4.205624144647011e-05
2.168300048828125 3.1042714070837804e-05
2.169300048828125 2.5206005549545e-05
2.170300048828125 2.2199462569794065e-05
2.171300048828125 2.3609399959505037e-05
2.172300048828125 1.517811241206696e-05
2.173300048828125 1.4201613086137844e-05
2.174300048828125 1.3055585084886796e-05
2.175300048828125 1.31661071931709e-05
2.176300048828125 1.0191178956875824e-05
2.177300048828125 1.0634021626792788e-05
2.178300048828125 9.324591696990543e-06
2.179300048828125 8.364610637707632e-06
2.180300048828125 1.017507147369322e-05
2.181300048828125 8.695329843409542e-06
2.182300048828125 1.026264760522571e-05
2.183300048828125 2.7445188432341025e-06
2.184300048828125 6.428573479920482e-06
2.185300048828125 5.688243648269887e-06
2.186300048828125 6.805683247110692e-06
2.187300048828125 4.995951627209045e-06
2.188300048828125 4.524248284775324e-06
2.189300048828125 3.2707223693169953e-06
2.190300048828125 8.229353797900492e-06
2.191300048828125 7.617382531784453e-06
2.192300048828125 6.246235928689564e-06
2.193300048828125 3.047005604016096e-06
2.194300048828125 7.487533117813504e-06
2.195300048828125 4.588191011972116e-06
2.196300048828125 5.1401173813219915e-06
2.197300048828125 6.178052371385289e-06
2.198300048828125 7.445331644420128e-06
2.199300048828125 4.476013455412765e-06
2.200300048828125 6.352555946642892e-06
2.201300048828125 3.870922954248804e-06
2.202300048828125 8.348287431478804e-06
2.203300048828125 7.737394953321511e-06
2.204300048828125 6.323811095147312e-06
2.205300048828125 6.343905610060541e-06
2.206300048828125 6.515966594628488e-06
2.207300048828125 3.934055295043196e-06
2.208300048828125 6.468048009224725e-06
2.209300048828125 5.732460290422713e-06
2.210300048828125 2.7781493698566683e-06
2.211300048828125 5.9815216303040486e-06
2.212300048828125 8.853391235943409e-06
2.213300048828125 2.6861184406854898e-06
2.214300048828125 9.371481323265931e-06
2.215300048828125 4.700207362489478e-06
2.216300048828125 6.526537390592578e-06
2.217300048828125 5.310570611008127e-06
2.218300048828125 1.4240212330928548e-05
2.219300048828125 1.211670418738028e-05
2.220300048828125 2.846886500153882e-06
2.221300048828125 8.155296353529396e-06
2.222300048828125 6.218748542792181e-06
2.223300048828125 9.579356756790186e-06
2.224300048828125 4.706802866424939e-06
2.225300048828125 7.720196346771926e-06
2.226300048828125 6.360519474843521e-06
2.227300048828125 7.166566684969199e-06
2.228300048828125 1.328042585929756e-06
2.229300048828125 1.1809277903236236e-05
2.230300048828125 7.376325844955992e-06
2.231300048828125 1.1787956752853215e-05
2.232300048828125 6.012478939450761e-06
2.233300048828125 6.885453242189522e-06
2.234300048828125 1.915590389228063e-06
2.235300048828125 7.629024419646371e-06
2.236300048828125 5.468831002117985e-06
2.237300048828125 8.222072644445223e-06
2.238300048828125 4.686217259466216e-06
2.239300048828125 1.097708820518702e-05
2.240300048828125 9.19478896127565e-06
2.241300048828125 1.142996016561974e-05
2.242300048828125 1.2495767538246208e-05
2.243300048828125 5.069429717795577e-06
2.244300048828125 6.015582668205245e-06
2.245300048828125 1.5157040428262198e-05
2.246300048828125 1.1528640218957532e-05
2.247300048828125 8.592822900484479e-06
2.248300048828125 5.8617253085611755e-06
2.249300048828125 1.1747502858000734e-05
2.250300048828125 1.3024508606841075e-05
2.2513000488281247 0.0
2.2523000488281246 0.0
