Microns Throughput
0.398 0.0
0.399 0.0
0.4 0.0
0.401 0.0
0.402 0.0
0.403 0.0
0.404 0.0
0.405 0.0
0.406 0.0
0.407 0.0
0.408 0.0
0.409 0.0
0.41 0.0
0.411 0.0
0.412 0.0
0.413 0.0
0.414 0.0
0.415 0.0
0.416 0.0
0.417 0.0
0.418 0.0
0.419 0.0
0.42 0.0
0.421 0.0
0.422 0.0
0.423 0.0
0.424 0.0
0.425 0.0
0.426 0.0
0.427 0.0
0.428 0.0
0.429 0.0
0.43 0.0
0.431 0.0
0.432 0.0
0.433 0.0
0.434 0.0
0.435 0.0
0.436 0.0
0.437 0.0
0.438 0.0
0.439 0.0
0.44 0.0
0.441 0.0
0.442 0.0
0.443 0.0
0.444 0.0
0.445 0.0
0.446 0.0
0.447 0.0
0.448 0.0
0.449 0.0
0.45 0.0
0.451 0.0
0.452 0.0
0.453 0.0
0.454 0.0
0.455 0.0
0.456 0.0
0.457 0.0
0.458 0.0
0.459 0.0
0.46 0.0
0.461 0.0
0.462 0.0
0.463 0.0
0.464 0.0
0.465 0.0
0.466 0.0
0.467 0.0
0.468 0.0
0.469 0.0
0.47 0.0
0.471 0.0
0.472 0.0
0.473 0.0
0.474 0.0
0.475 0.0
0.476 0.0
0.477 0.0
0.478 0.0
0.479 0.0
0.48 0.0
0.481 0.0
0.482 0.0
0.483 0.0
0.484 0.0
0.485 0.0
0.486 0.0
0.487 0.0
0.488 0.0
0.489 0.0
0.49 0.0
0.491 0.0
0.492 0.0
0.493 0.0
0.494 0.0
0.495 0.0
0.496 0.0
0.497 0.0
0.498 0.0
0.499 0.0
0.5 0.0
0.501 0.0
0.502 0.0
0.503 0.0
0.504 0.0
0.505 0.0
0.506 0.0
0.507 0.0
0.508 0.0
0.509 0.0
0.51 0.0
0.511 0.0
0.512 0.0
0.513 0.0
0.514 0.0
0.515 0.0
0.516 0.0
0.517 0.0
0.518 0.0
0.519 0.0
0.52 0.0
0.521 0.0
0.522 0.0
0.523 0.0
0.524 0.0
0.525 2.5907478990662437e-07
0.526 1.0962924308711298e-06
0.527 1.9024879891156346e-06
0.528 2.407855587548302e-06
0.529 2.4745457301435533e-06
0.53 2.282135599172566e-06
0.531 2.12907700265617e-06
0.532 2.083832202020974e-06
0.533 2.1357321496768625e-06
0.534 2.230306079514193e-06
0.535 2.557330463569049e-06
0.536 3.1510539967936624e-06
0.537 4.174235674158016e-06
0.538 5.757671618259877e-06
0.539 8.752852568052052e-06
0.54 1.3627320472409067e-05
0.541 1.936432008668029e-05
0.542 2.2569659781305e-05
0.543 2.1543848765529665e-05
0.544 1.717350760935259e-05
0.545 1.2458321977851495e-05
0.546 8.81915228832497e-06
0.547 6.738078419821885e-06
0.548 5.611387465489505e-06
0.549 5.049019564454243e-06
0.55 4.992781417108239e-06
0.551 5.373641495945708e-06
0.552 5.923963052418872e-06
0.553 6.6603228175657524e-06
0.554 7.522190361134452e-06
0.555 8.335639448615805e-06
0.556 8.580575790241904e-06
0.557 8.676424279076254e-06
0.558 7.401235566422668e-06
0.559 5.204069626079467e-06
0.56 5.14769757517258e-06
0.561 5.8237638915909576e-06
0.562 5.539388442156223e-06
0.563 5.1463827082510495e-06
0.564 5.6870835130802445e-06
0.565 6.466653865261363e-06
0.566 7.141772851583885e-06
0.567 7.237268038889039e-06
0.568 7.5837120517246245e-06
0.569 7.95091276281081e-06
0.57 7.82336137633588e-06
0.571 8.247485654421318e-06
0.572 9.750147164060985e-06
0.573 1.1584530441397105e-05
0.574 1.2577618166845394e-05
0.575 1.4014888770752275e-05
0.576 1.68634118072147e-05
0.577 1.9317840638726186e-05
0.578 2.0298522303850643e-05
0.579 2.1227217092798774e-05
0.58 2.3521374443102396e-05
0.581 2.8910985273144358e-05
0.582 3.894521892517773e-05
0.583 5.843958902327969e-05
0.584 0.000104127172589154
0.585 0.000213915435704634
0.586 0.000396506622233232
0.587 0.000533805171978816
0.588 0.000501181360867608
0.589 0.000329164270221186
0.59 0.000174525465577398
0.591 9.839501945043736e-05
0.592 6.856391754500597e-05
0.593 5.260246399083539e-05
0.594 4.381950946692824e-05
0.595 4.2849215357375476e-05
0.596 4.011589306588714e-05
0.597 4.119611025738559e-05
0.598 4.4712495644244785e-05
0.599 4.64675975265547e-05
0.6 5.04135748732314e-05
0.601 5.62413552033369e-05
0.602 6.527264796080202e-05
0.603 7.962303896594392e-05
0.604 9.698941068728247e-05
0.605 0.000112499050811604
0.606 0.000129432894072576
0.607 0.00014450645219904
0.608 0.00014859210983375398
0.609 0.00014359048945258802
0.61 0.00013235932029581398
0.611 0.000117142327685592
0.612 9.920187625217268e-05
0.613 8.438297672866215e-05
0.614 7.223069865712145e-05
0.615 6.495066655077007e-05
0.616 5.881872261142133e-05
0.617 5.546420714616511e-05
0.618 5.481184308207182e-05
0.619 5.108510208487183e-05
0.62 4.7523174564077744e-05
0.621 4.5337374400633546e-05
0.622 5.0710691143464367e-05
0.623 5.452209817591469e-05
0.624 6.070321514740591e-05
0.625 7.222832177989918e-05
0.626 8.928797994771976e-05
0.627 0.00011660629493388001
0.628 0.00016346559100068002
0.629 0.000240707097643926
0.63 0.000359064561033186
0.631 0.0005068826997813
0.632 0.0006170355762990781
0.633 0.0006233087750033401
0.634 0.000530306741157954
0.635 0.00041238273236512805
0.636 0.00032003273603159406
0.637 0.000266942510236176
0.638 0.00024047749481487
0.639 0.00023244291321223198
0.64 0.000245618189667354
0.641 0.000271406141862222
0.642 0.00030833014422719404
0.643 0.000347186875952694
0.644 0.00037869223906967397
0.645 0.000383209900535544
0.646 0.000349382664932574
0.647 0.000291303807981486
0.648 0.00022811385926632802
0.649 0.00018133783180508402
0.65 0.000147130943929608
0.651 0.000121242426757032
0.652 0.00010484825598180599
0.653 0.00010094784431251198
0.654 9.98117651281184e-05
0.655 0.000102859458618474
0.656 0.000111121287485526
0.657 0.000130584607935234
0.658 0.00015399140836827
0.659 0.000185494040497674
0.66 0.000223306603085514
0.661 0.000262556901199932
0.662 0.000277259578347948
0.663 0.000264403687302846
0.664 0.00023660220382676402
0.665 0.000208057987411314
0.666 0.000179093044072956
0.667 0.00015456390033699
0.668 0.00014299641954839402
0.669 0.00013671586254342601
0.67 0.00013533049147064401
0.671 0.00013644286778931
0.672 0.000151285297699872
0.673 0.000175201516461078
0.674 0.00020800479404033999
0.675 0.00023911777470984
0.676 0.00026906693105923203
0.677 0.000287144849065344
0.678 0.00029421699006215404
0.679 0.000281330424565722
0.68 0.00025101550652914203
0.681 0.00020854290491169601
0.682 0.000176107737748326
0.683 0.00016459366146784799
0.684 0.000158957718289782
0.685 0.00015264914100598202
0.686 0.000147775281115782
0.687 0.000152197244649306
0.688 0.000160472469225114
0.689 0.00016646368364088
0.69 0.000178920376983042
0.691 0.00019089450277466998
0.692 0.00019227514441304402
0.693 0.00018311497587555
0.694 0.000169635262527588
0.695 0.000152755794698148
0.696 0.0001309224576936
0.697 0.000115708614983526
0.698 0.000105761264713296
0.699 9.815374860684239e-05
0.7 9.108888088320041e-05
0.701 8.269939838621929e-05
0.702 7.858346420353389e-05
0.703 8.290212301972837e-05
0.704 9.582253081454998e-05
0.705 0.00011199620204058
0.706 0.00013216965896774402
0.707 0.000155398273552008
0.708 0.000184749905480586
0.709 0.00023329556005467
0.71 0.00032474982548343003
0.711 0.000475682680870518
0.712 0.00070339035694626
0.713 0.001013310096779448
0.714 0.001431790425560616
0.715 0.00185921072869485
0.716 0.0021152225612332443
0.717 0.001994370133813542
0.718 0.0016041611834205838
0.719 0.00116707624570653
0.72 0.000822877280379696
0.721 0.000568115758823412
0.722 0.00039223742465673
0.723 0.000290829040013748
0.724 0.00021270586980123602
0.725 0.000161752781550558
0.726 0.00012928364349740998
0.727 0.000108830029952226
0.728 8.786647131157755e-05
0.729 6.790408290368941e-05
0.73 6.206655417172141e-05
0.731 5.912307785266625e-05
0.732 5.585045575280471e-05
0.733 5.1022286042665086e-05
0.734 5.615715899836099e-05
0.735 5.8336276600401016e-05
0.736 5.2620401422857006e-05
0.737 5.531165392716926e-05
0.738 6.78293789369388e-05
0.739 8.540308403713444e-05
0.74 9.388314178430189e-05
0.741 0.00011719000552356
0.742 0.000154569413745234
0.743 0.000222707640578124
0.744 0.00033199537076689204
0.745 0.000504066632715714
0.746 0.000753508830001914
0.747 0.0010800713563093559
0.748 0.0014188429012089122
0.749 0.001662957233718924
0.75 0.0017653523231648041
0.751 0.00183303152180979
0.752 0.002145571013928348
0.753 0.002901330807473526
0.754 0.003738209367717522
0.755 0.003731762188787178
0.756 0.0026447080098829265
0.757 0.001303957484995032
0.758 0.000534841887620088
0.759 0.000263013369579516
0.76 0.00014983312659442802
0.761 8.46263019458046e-05
0.762 5.0687859246517624e-05
0.763 4.110590307859719e-05
0.764 2.8527168918838867e-05
0.765 1.6077272195350168e-05
0.766 1.546549300931669e-05
0.767 1.651098671711359e-05
0.768 1.6197358929976514e-05
0.769 1.1107413886161206e-05
0.77 1.1524209792585812e-05
0.771 9.631477393229353e-06
0.772 1.2137591242038144e-05
0.773 1.1740747527716017e-05
0.774 5.279968288825477e-06
0.775 6.906284282015242e-06
0.776 9.991999394616356e-06
0.777 1.8195179831222214e-05
0.778 7.077109643318142e-06
0.779 8.21427194660805e-06
0.78 1.1488543901185423e-05
0.781 1.6962550961123968e-05
0.782 9.660748591996138e-06
0.783 1.867198623221272e-05
0.784 1.8693986155038362e-05
0.785 1.4425579070659555e-05
0.786 1.244120209217131e-05
0.787 1.938994180983828e-05
0.788 3.013948509026836e-05
0.789 5.5816595250911166e-05
0.79 0.00010942954076602201
0.791 0.000166628347063032
0.792 0.00019337910959853
0.793 0.000159028610591922
0.794 0.00010563862774536599
0.795 7.072503034025284e-05
0.796 5.2006738704157485e-05
0.797 -8.943201070032221e-05
0.798 0.00036814432082266205
0.799 0.001070248460727942
0.8 0.00226950086270427
0.801 0.001669702757801412
0.802 0.002477104317441714
0.803 0.002216903664327846
0.804 0.002258819952592536
0.805 0.00047433548937408
0.806 0.000182641882696098
0.807 0.000829188967962144
0.808 0.001896476664448164
0.809 0.0021060509360203558
0.81 0.001025389601992644
0.811 0.001301273517537948
0.812 0.0012135653819911859
0.813 0.001765276364003688
0.814 0.001681443594997452
0.815 0.00187837061523771
0.816 0.001315000761891336
0.817 0.0014761244191594499
0.818 0.0013717558799220182
0.819 0.001104954240837792
0.82 0.0015308578781672339
0.821 0.002483823723583518
0.822 0.0020774237869209482
0.823 0.0006198323414331181
0.824 -0.000389934506465784
0.825 0.000262057846534026
0.826 0.00164507221551426
0.827 0.002031612754909716
0.828 0.000905952935596308
0.829 5.638075578368855e-06
0.83 0.000588339538221492
0.831 0.001130942800211556
0.832 0.001455162684714264
0.833 0.001277945320395402
0.834 0.001246107676052976
0.835 0.001133655627331074
0.836 0.001205960035912266
0.837 0.001121290791132678
0.838 0.0014020517461187099
0.839 0.001447321272858318
0.84 0.00116641299517821
0.841 0.000950832604098858
0.842 0.001141237899007428
0.843 0.0009999356270452562
0.844 0.00086124052265313
0.845 0.000777418915049526
0.846 0.000969797563111788
0.847 0.0013384459323076859
0.848 0.0014779119567586978
0.849 0.0010927207984432919
0.85 0.0009512374777858021
0.851 0.00122145711922974
0.852 0.001414686486428076
0.853 0.0014406077742156302
0.854 0.001674665851811436
0.855 0.0011213586919466881
0.856 0.000629595512507262
0.857 0.00039201280205284803
0.858 0.001012009719155784
0.859 0.001267061132318412
0.86 0.0017056561659363721
0.861 0.001121376759080514
0.862 0.000895474952749146
0.863 0.000626265844784862
0.864 0.001151330148440514
0.865 0.001218903464953056
0.866 0.001358134811811444
0.867 0.0007731469004476321
0.868 0.000944458839361392
0.869 0.001268624666707146
0.87 0.0015207121517028062
0.871 0.00120033521002785
0.872 0.001353702180414018
0.873 0.001358197811455992
0.874 0.001177095032228172
0.875 0.001162585714658334
0.876 0.001293738902957658
0.877 0.001324458967006392
0.878 0.0012424842939830218
0.879 0.001190823683937066
0.88 0.001078479870012798
0.881 0.00093291206450415
0.882 0.000904119131897232
0.883 0.00095486633515578
0.884 0.000853158385542654
0.885 0.000698729715988236
0.886 0.000780724721701908
0.887 0.000974748047052552
0.888 0.000846552009607206
0.889 0.000697112806309284
0.89 0.000892447513169868
0.891 0.001032933142687896
0.892 0.001006193326070136
0.893 0.001055388317583366
0.894 0.001172832146811
0.895 0.0012047882304217202
0.896 0.001193165580692592
0.897 0.0011281069567773362
0.898 0.001103838850929126
0.899 0.001106199158975862
0.9 0.001171992974556162
0.901 0.001296903665733636
0.902 0.001338859634224884
0.903 0.0012969488387637239
0.904 0.001238990414753448
0.905 0.00122956939575993
0.906 0.001088665676860902
0.907 0.000941982741315924
0.908 0.000969780594291624
0.909 0.00103552231076358
0.91 0.000950379450066678
0.911 0.000802153972787748
0.912 0.000832045788053772
0.913 0.000987725198254488
0.914 0.000947714385060384
0.915 0.0008263795090601941
0.916 0.0006628625047659179
0.917 0.00052693372271268
0.918 0.000544930910616408
0.919 0.0006946169836600799
0.92 0.0007865246826890461
0.921 0.000740437028004324
0.922 0.0007014805402481219
0.923 0.000795351195021714
0.924 0.0009424332125794981
0.925 0.001051398442139424
0.926 0.001062809264704854
0.927 0.001219282308725418
0.928 0.0013860509329606382
0.929 0.001529652350109888
0.93 0.001565786059360134
0.931 0.001672316424972516
0.932 0.001884164609143248
0.933 0.002086628691340194
0.934 0.0021860422531667038
0.935 0.002240360117200224
0.936 0.002359524631442616
0.937 0.0025111608118942442
0.938 0.002631672668208432
0.939 0.002726865969915624
0.94 0.002757224341001682
0.941 0.00275239727927187
0.942 0.002751203769847188
0.943 0.002800383860001612
0.944 0.002760805064993226
0.945 0.0027121692301224297
0.946 0.002649348942408192
0.947 0.00257283703472154
0.948 0.0024631470622078623
0.949 0.002370556033637028
0.95 0.002264461271727726
0.951 0.002150752011187704
0.952 0.002087011718651022
0.953 0.0020052820076572023
0.954 0.001882014372963018
0.955 0.001804592437830354
0.956 0.001755468800551152
0.957 0.0016949781043666021
0.958 0.001634742925634682
0.959 0.00162304465901727
0.96 0.001617477607924506
0.961 0.001661275281181812
0.962 0.001768383757285626
0.963 0.00190035051770802
0.964 0.00197845656100098
0.965 0.0021199597947936
0.966 0.0023324898628147082
0.967 0.002587176864275958
0.968 0.002857642300159512
0.969 0.003219714303528768
0.97 0.003727342729203102
0.971 0.00430015831070925
0.972 0.0049770856630737305
0.973 0.0058196836480511336
0.974 0.006863756258762262
0.975 0.00804371099387685
0.976 0.009557121634429764
0.977 0.011358408931217303
0.978 0.013489598824101378
0.979 0.01594755946758995
0.98 0.019059579424363062
0.981 0.02247411813716925
0.982 0.026516661939991675
0.983 0.0310753275839651
0.984 0.03625672155055634
0.985 0.042420186442463634
0.986 0.048889953994771994
0.987 0.055899987415841644
0.988 0.06335199283594858
0.989 0.07221512842838622
0.99 0.0814628710589545
0.991 0.09099598607927403
0.992 0.10229849769192684
0.993 0.11321618772704745
0.994 0.1241441600022858
0.995 0.13512265327114326
0.996 0.1482992556508956
0.997 0.1612965064884329
0.998 0.17443556178480438
0.999 0.18735648098838698
1.0 0.19928796605355314
1.001 0.21090606435747578
1.002 0.22264493302174113
1.003 0.2345266743495279
1.004 0.24642698023834153
1.005 0.25705684540081397
1.006 0.26687129205231236
1.007 0.27506525517395686
1.008 0.28358752777158186
1.009 0.2913201987856802
1.01 0.2987128691983982
1.011 0.3063240323793139
1.012 0.3128454930476104
1.013 0.31893790972135583
1.014 0.32420005574176836
1.015 0.3293007179496376
1.016 0.33260291267085085
1.017 0.3360014873838276
1.018 0.3400655866905206
1.019 0.3437914850348623
1.02 0.3475841908052206
1.021 0.35104382431922215
1.022 0.3538885622202424
1.023 0.35522867584543566
1.024 0.3565895645381449
1.025 0.3573877497314505
1.026 0.3579697680222344
1.027 0.35916891867440864
1.028 0.36112569130795036
1.029 0.36287706778639045
1.03 0.3641331351983405
1.031 0.3654768372475179
1.032 0.36640093339663105
1.033 0.3667584499643706
1.034 0.3680217027103358
1.035 0.36905929820070454
1.036 0.3702957547904926
1.037 0.37159248161256087
1.038 0.3724236752684784
1.039 0.3722198500802533
1.04 0.3716202149313415
1.041 0.37173159120035065
1.042 0.37208440466953097
1.043 0.3737001062349769
1.044 0.3752298936401621
1.045 0.37551639565430833
1.046 0.3755847779915099
1.047 0.37589470273467435
1.048 0.37685130775217135
1.049 0.37684908288689584
1.05 0.3765292532123792
1.051 0.37639640397757224
1.052 0.37721631738823364
1.053 0.3785668986321154
1.054 0.37877500791881696
1.055 0.37815757067250927
1.056 0.3769285197900262
1.057 0.37647846381990113
1.058 0.376544805119986
1.059 0.37676760315444763
1.06 0.3773772371210352
1.061 0.3775933578846003
1.062 0.3778942313581697
1.063 0.3780004572997547
1.064 0.37784924101139566
1.065 0.3774287096565825
1.066 0.37750188629271336
1.067 0.3784196084297205
1.068 0.37908363850289056
1.069 0.37963942482081187
1.07 0.3788619447204538
1.071 0.37833212747782496
1.072 0.3779030956065967
1.073 0.378454835517557
1.074 0.3793431867419661
1.075 0.38079010921447826
1.076 0.38271040357348995
1.077 0.38423722194819276
1.078 0.3855488427737614
1.079 0.3863334881976834
1.08 0.38774271014094963
1.081 0.3889812476901166
1.082 0.3897166602683921
1.083 0.3900871964387698
1.084 0.39080612743032045
1.085 0.392149753289264
1.086 0.3934827799408764
1.087 0.39481289458697194
1.088 0.39518111489712776
1.089 0.3947642460269414
1.09 0.3943345760509586
1.091 0.39557751667840907
1.092 0.39785849952432173
1.093 0.3992122964822219
1.094 0.39963122695868114
1.095 0.3991796931414913
1.096 0.3991347311180746
1.097 0.399120458557176
1.098 0.39979573574211524
1.099 0.40063222012884386
1.1 0.40128794638538756
1.101 0.4020554274217273
1.102 0.40251702760512653
1.103 0.4026356939317683
1.104 0.4025082372580048
1.105 0.40237027250346447
1.106 0.40253532647327606
1.107 0.40305780894771964
1.108 0.4042955858515809
1.109 0.4043118258674191
1.11 0.4041737108655955
1.111 0.404052831604263
1.112 0.4042206059787723
1.113 0.40399479114318787
1.114 0.4040421442876317
1.115 0.4047977778809043
1.116 0.40502157063870997
1.117 0.40533200145174625
1.118 0.40560257723631765
1.119 0.4055625696052548
1.12 0.4045221648584633
1.121 0.403505756505457
1.122 0.4032263202928463
1.123 0.4026659524045209
1.124 0.4025936501469001
1.125 0.4033859923033921
1.126 0.4040108365593363
1.127 0.4034266153369745
1.128 0.4024464292326007
1.129 0.4019324616626628
1.13 0.402348865019922
1.131 0.40367756381715
1.132 0.4042877137446518
1.133 0.4039576332607338
1.134 0.40354165687353255
1.135 0.403423179011591
1.136 0.4039186243216736
1.137 0.4044936874612218
1.138 0.40512400974936813
1.139 0.4052828834911044
1.14 0.40639632747973986
1.141 0.40820744221421573
1.142 0.4101060084356628
1.143 0.4112885291171595
1.144 0.4112913488669893
1.145 0.4113152844706022
1.146 0.4120623729915539
1.147 0.4134435019494682
1.148 0.4152029685524587
1.149 0.41558395043732543
1.15 0.41593144375160074
1.151 0.41632683244916
1.152 0.41740238807977575
1.153 0.4179002773129974
1.154 0.41830888764319263
1.155 0.418995365956884
1.156 0.4194756670833595
1.157 0.4206488799634348
1.158 0.4217536995533328
1.159 0.4227398458734941
1.16 0.42229563930606845
1.161 0.4219721215472934
1.162 0.42222767382052506
1.163 0.42335109250887437
1.164 0.42415753875096945
1.165 0.42478210324878163
1.166 0.42492381289343134
1.167 0.4247899081194225
1.168 0.42425644497904086
1.169 0.4244005566719529
1.17 0.42415494704409484
1.171 0.4238223827973518
1.172 0.42306812694994
1.173 0.42321972672469704
1.174 0.4227465887134981
1.175 0.42164240795219804
1.176 0.41948961714281047
1.177 0.41694213307402855
1.178 0.41460694782734725
1.179 0.41160769671612163
1.18 0.40817670951588136
1.181 0.4042025317817835
1.182 0.39891501005352387
1.183 0.39189492782475827
1.184 0.38281217938496476
1.185 0.37391581291876064
1.186 0.3638273605542425
1.187 0.35253512368670537
1.188 0.33984494030373186
1.189 0.32785946260914584
1.19 0.31635914207316856
1.191 0.30355672266372197
1.192 0.2908433721791956
1.193 0.2786855944594994
1.194 0.2678863845191947
1.195 0.25860789875133655
1.196 0.251042178510297
1.197 0.24557950873048823
1.198 0.243630967751601
1.199 0.24434509760315531
1.2 0.24600949316240633
1.201 0.248822173029263
1.202 0.25414334574031494
1.203 0.26199910888204136
1.204 0.2712614963509836
1.205 0.2813877460788898
1.206 0.2931471605857717
1.207 0.3052768601858531
1.208 0.317543129893944
1.209 0.33022788519045243
1.21 0.34443774005635003
1.211 0.3575605440054492
1.212 0.3692303590245282
1.213 0.3807366130309301
1.214 0.3909430181629548
1.215 0.3995629648535944
1.216 0.4067623053261179
1.217 0.4137579815305211
1.218 0.42027755448655385
1.219 0.4252926543733308
1.22 0.42838062058441734
1.221 0.4301002574217745
1.222 0.4317544488376112
1.223 0.43355463269000866
1.224 0.4339869542763691
1.225 0.43434008124903545
1.226 0.4346299276803859
1.227 0.4355756095151733
1.228 0.43593394831089444
1.229 0.4358347903499402
1.23 0.4351667042916347
1.231 0.4344303081551886
1.232 0.434781186676812
1.233 0.43556493481901726
1.234 0.4361285752029774
1.235 0.43604856372951606
1.236 0.43591640043361807
1.237 0.43619988321590375
1.238 0.43607302813719895
1.239 0.4358418104133342
1.24 0.4357713925591661
1.241 0.43642024278797054
1.242 0.43726593086606064
1.243 0.43766766756749725
1.244 0.43785621721588863
1.245 0.43718729295701264
1.246 0.437196485568554
1.247 0.43691279198616967
1.248 0.4370985636496907
1.249 0.4375864195317156
1.25 0.43829928905789506
1.251 0.4385507253214024
1.252 0.4385743869273055
1.253 0.4388577726240921
1.254 0.4384480906237503
1.255 0.4383919821221806
1.256 0.4382340825465432
1.257 0.43824049825226974
1.258 0.43841345599771775
1.259 0.4390246909832262
1.26 0.43962548205540947
1.261 0.43983582730200893
1.262 0.43980540062107876
1.263 0.43953815463111784
1.264 0.43960628375286825
1.265 0.4402713236430998
1.266 0.4408991777813789
1.267 0.4414655285764871
1.268 0.44119155865567117
1.269 0.4406206681751349
1.27 0.4400808352315717
1.271 0.44033079282433313
1.272 0.44045397598371155
1.273 0.44043256626559235
1.274 0.4404849159641882
1.275 0.4406383303475833
1.276 0.4407719481222321
1.277 0.44109257699572657
1.278 0.4410096646146785
1.279 0.44025147431959527
1.28 0.4395730423772849
1.281 0.4400036728250897
1.282 0.4405232294140678
1.283 0.44109400679923433
1.284 0.44124872090690714
1.285 0.4414507554362823
1.286 0.4409439697874864
1.287 0.44030890245752097
1.288 0.439949946961374
1.289 0.43983864008599277
1.29 0.4395225893090462
1.291 0.4392227657436573
1.292 0.4395517582527442
1.293 0.4397654218521588
1.294 0.43940388601448543
1.295 0.43817017399286146
1.296 0.4371343756761434
1.297 0.43798460632597447
1.298 0.43999514616090046
1.299 0.44207877669122314
1.3 0.442340603580321
1.301 0.4419422303228182
1.302 0.4406534180818752
1.303 0.4401667909696225
1.304 0.4398757225867114
1.305 0.44035022478564095
1.306 0.44045462961749277
1.307 0.4406882656326276
1.308 0.4406400874007104
1.309 0.44125919006311687
1.31 0.4415013936466215
1.311 0.44229149552457536
1.312 0.4427590686208657
1.313 0.4432062254074383
1.314 0.44368326053320795
1.315 0.4451170141810114
1.316 0.4461782811374884
1.317 0.44623786835137624
1.318 0.4458277665097956
1.319 0.4465271529617703
1.32 0.44736109877807906
1.321 0.4476283636855636
1.322 0.4469182447651884
1.323 0.4473682650348647
1.324 0.4484917683987385
1.325 0.44951805105909715
1.326 0.4493978828204006
1.327 0.4488357765888361
1.328 0.4482833083523058
1.329 0.4480392642440939
1.33 0.44889690171013896
1.331 0.4500307930203147
1.332 0.4508879721451449
1.333 0.45065475479414013
1.334 0.44994530234683844
1.335 0.44912794231088166
1.336 0.4493583426391127
1.337 0.45045058525182136
1.338 0.4511718769303971
1.339 0.4513292294770152
1.34 0.45158778788145215
1.341 0.45217912273577443
1.342 0.4528490403381514
1.343 0.4531119582604241
1.344 0.4530192361618658
1.345 0.4527937610634191
1.346 0.4528923749782326
1.347 0.45343937282156754
1.348 0.454802739234815
1.349 0.45574378482977107
1.35 0.4552267524153919
1.351 0.45420062698166225
1.352 0.4537518718076245
1.353 0.4540906481754447
1.354 0.4556039754266059
1.355 0.45653338714637803
1.356 0.4563500245772419
1.357 0.45614534411042923
1.358 0.45676722037970346
1.359 0.45641380424196504
1.36 0.4552921459748486
1.361 0.4546520560150803
1.362 0.4553956077982778
1.363 0.45646611220160915
1.364 0.45724649381386845
1.365 0.45684926876769644
1.366 0.45583845141035023
1.367 0.45384828232983415
1.368 0.4525840785222326
1.369 0.45232071964251214
1.37 0.4530547941698156
1.371 0.45318151650568084
1.372 0.45218835570226323
1.373 0.4501655711690168
1.374 0.44796234400404666
1.375 0.44674119969026155
1.376 0.4462443708378374
1.377 0.44551411498011245
1.378 0.44400093630546345
1.379 0.4426335599747758
1.38 0.4418700497915024
1.381 0.4408074711722836
1.382 0.43962639237594947
1.383 0.43827974428039285
1.384 0.4369698768370119
1.385 0.4366012785526153
1.386 0.4372579534915691
1.387 0.43776256153088733
1.388 0.4372041902283005
1.389 0.4368137685390985
1.39 0.436854643909845
1.391 0.43743249491153535
1.392 0.43745316059866135
1.393 0.4383807958647563
1.394 0.43973480261425935
1.395 0.44112394336852667
1.396 0.4410677400679722
1.397 0.44127892939476276
1.398 0.4420482338843433
1.399 0.4429321051623261
1.4 0.4436643060761811
1.401 0.4446533431470656
1.402 0.4455077226825825
1.403 0.44599577340054425
1.404 0.4466790836399946
1.405 0.44715745690464304
1.406 0.4468355554739602
1.407 0.44706060102566425
1.408 0.44811587469814584
1.409 0.4494171334008822
1.41 0.45017917672565605
1.411 0.4513975964661194
1.412 0.4528315130141323
1.413 0.45378303400114806
1.414 0.45421700503420714
1.415 0.45396506392783315
1.416 0.4545808239922541
1.417 0.4560490719067815
1.418 0.4572919956818504
1.419 0.457429401017233
1.42 0.4564477310985597
1.421 0.4558146396145454
1.422 0.4545415553389061
1.423 0.45347976961964204
1.424 0.4515200435511164
1.425 0.4496429221630455
1.426 0.44754710450511626
1.427 0.44497066855730133
1.428 0.44124481134771343
1.429 0.4368791496785325
1.43 0.4327372194730254
1.431 0.4275679344557236
1.432 0.42169607660408787
1.433 0.41589050861178456
1.434 0.40986789843576554
1.435 0.40313903375571597
1.436 0.3952972051533244
1.437 0.38882892776941896
1.438 0.3809557692536511
1.439 0.3719982525526945
1.44 0.36178996985771544
1.441 0.3532606650674855
1.442 0.34509019916206174
1.443 0.33593053992682076
1.444 0.32618993594873524
1.445 0.31672737695239983
1.446 0.3074431786312368
1.447 0.299270772109757
1.448 0.2919244888937584
1.449 0.28590783584709173
1.45 0.2798412429108656
1.451 0.27492421025946795
1.452 0.2705114529297987
1.453 0.26664259770991733
1.454 0.26438551415211264
1.455 0.26395846007595436
1.456 0.2651120386788367
1.457 0.26679557528202197
1.458 0.27011138067514234
1.459 0.2751786810998783
1.46 0.2817798448898457
1.461 0.28898853513280554
1.462 0.2967255258178802
1.463 0.3059068213801261
1.464 0.3163122639313847
1.465 0.3292074207134964
1.466 0.3419500813951615
1.467 0.35496738520904025
1.468 0.36550854635598123
1.469 0.37690138734956646
1.47 0.3882433403201418
1.471 0.4002891987963154
1.472 0.41262063665326226
1.473 0.423751462240368
1.474 0.4345798578572037
1.475 0.4426676849285099
1.476 0.4508915153978195
1.477 0.4567478422888913
1.478 0.46212249665610716
1.479 0.46635384950172887
1.48 0.471053262200825
1.481 0.47454036593325205
1.482 0.47739960325272174
1.483 0.47992267245528153
1.484 0.4820608292894986
1.485 0.48228089939206853
1.486 0.4822377599750201
1.487 0.48153530774486775
1.488 0.48215158009210607
1.489 0.482939692826818
1.49 0.48452046968315743
1.491 0.4852581046519118
1.492 0.4854081161389635
1.493 0.48488135718745273
1.494 0.48364290780635105
1.495 0.48289132299170157
1.496 0.48248714674872073
1.497 0.4837479359375801
1.498 0.484403728165005
1.499 0.4851321367849719
1.5 0.4846569114938415
1.501 0.4846910748167638
1.502 0.48461507468102705
1.503 0.48439352169765915
1.504 0.4844521021114341
1.505 0.48559266635121306
1.506 0.48714159478351465
1.507 0.4873430625335365
1.508 0.4878708175671157
1.509 0.48839521222806315
1.51 0.48840358270670375
1.511 0.4885451116667954
1.512 0.48885707083657526
1.513 0.4896323763294979
1.514 0.4903803360465579
1.515 0.4911264710014972
1.516 0.491891299306863
1.517 0.4923305420357375
1.518 0.4922186933437388
1.519 0.49083687165574674
1.52 0.4901335082924039
1.521 0.48995229382854655
1.522 0.4905567440798443
1.523 0.4922750090548377
1.524 0.4935161377197329
1.525 0.4932504972464998
1.526 0.49311296533795873
1.527 0.49320575402438066
1.528 0.49452048393092585
1.529 0.49479620709817773
1.53 0.49562007575622047
1.531 0.49562992887253793
1.532 0.49647953722938787
1.533 0.496554093849659
1.534 0.496071580306713
1.535 0.4957979272467695
1.536 0.4956760500493192
1.537 0.49622022228861523
1.538 0.497221983440312
1.539 0.49817371462645654
1.54 0.49827930590591674
1.541 0.49794617463168533
1.542 0.4974715171467693
1.543 0.4959727037231063
1.544 0.49512479482925204
1.545 0.49490344033378353
1.546 0.4964636679267647
1.547 0.4968301188274722
1.548 0.4974734518420643
1.549 0.49729715861930684
1.55 0.4970291887393722
1.551 0.4962585770979125
1.552 0.49635910648134285
1.553 0.4971875095359249
1.554 0.4975779619823703
1.555 0.49869563244946147
1.556 0.4996315955771192
1.557 0.49941645731825174
1.558 0.4979927428801417
1.559 0.49680661089471084
1.56 0.4969472363529986
1.561 0.4976448798494512
1.562 0.49835974316685483
1.563 0.49911574859305297
1.564 0.5002741512762285
1.565 0.5002526926037113
1.566 0.49840718201483036
1.567 0.49713379251839085
1.568 0.4967340323317972
1.569 0.4970454022252862
1.57 0.4972803173198307
1.571 0.49769298262319545
1.572 0.49852657345382867
1.573 0.49861223259864734
1.574 0.49810873014492246
1.575 0.4971011583227059
1.576 0.4969622467154287
1.577 0.497186374030377
1.578 0.4977349460443304
1.579 0.49869411879685815
1.58 0.49963092171440726
1.581 0.5002544032841283
1.582 0.498212986070819
1.583 0.4967987190492157
1.584 0.4969980386997086
1.585 0.49831607147621615
1.586 0.4974925209561347
1.587 0.49678598434396065
1.588 0.49691589703209593
1.589 0.4963996217082765
1.59 0.49589262441513565
1.591 0.49479697995571176
1.592 0.4950116484597478
1.593 0.49529346254770984
1.594 0.4957020478326638
1.595 0.495760609214664
1.596 0.49590495378755
1.597 0.4968665095474029
1.598 0.4962253944519174
1.599 0.49572807400340957
1.6 0.4953228480834899
1.601 0.49581936062130905
1.602 0.49720492613465117
1.603 0.4992913212864165
1.604 0.5013753645598621
1.605 0.5005482416860932
1.606 0.4995089367533906
1.607 0.498427417262387
1.608 0.4982117421640966
1.609 0.49853838158659264
1.61 0.4995514409654041
1.611 0.5002529695985384
1.612 0.4993704580291036
1.613 0.49975718014345094
1.614 0.5007361422935196
1.615 0.5008167921381984
1.616 0.4993776770554239
1.617 0.4988500617866428
1.618 0.4997979157846056
1.619 0.5014614354033495
1.62 0.5025460081820302
1.621 0.5027547798441325
1.622 0.5016975930307427
1.623 0.5008561116970807
1.624 0.500191836583964
1.625 0.5017606540026984
1.626 0.503948824993663
1.627 0.5058054152292704
1.628 0.5057365592492368
1.629 0.5068892897865712
1.63 0.5068081253126678
1.631 0.5044948429110911
1.632 0.502803155277757
1.633 0.503128658466617
1.634 0.5046857705617331
1.635 0.5056571185922061
1.636 0.507406503970854
1.637 0.5071227970492765
1.638 0.5064721755339736
1.639 0.5051745829345137
1.64 0.5053680127680267
1.641 0.5062322545268242
1.642 0.5071179037007961
1.643 0.506576094260031
1.644 0.5064920800826569
1.645 0.5061767370875658
1.646 0.5061799220237323
1.647 0.505666725874564
1.648 0.5058047349851592
1.649 0.5048499581141879
1.65 0.5052901917351647
1.651 0.5065572123919918
1.652 0.5080787611218955
1.653 0.5078909940820749
1.654 0.5065733747595659
1.655 0.505894741467358
1.656 0.5054560062599349
1.657 0.5052573034469016
1.658 0.5051162371964477
1.659 0.5060307664839021
1.66 0.506590928188983
1.661 0.5059882946427452
1.662 0.5051051271222238
1.663 0.5046922436167431
1.664 0.5032964444079768
1.665 0.5024099564615225
1.666 0.5021102572690309
1.667 0.5027545446252185
1.668 0.502101789473971
1.669 0.50145662084909
1.67 0.4994187190759901
1.671 0.4973965566412764
1.672 0.49516103501692094
1.673 0.495455647148233
1.674 0.49756496517444726
1.675 0.49964060901741963
1.676 0.5011102653766469
1.677 0.5015315695502309
1.678 0.5017582300378549
1.679 0.5024479727296896
1.68 0.5046372100673671
1.681 0.5050554424330138
1.682 0.5045627285948
1.683 0.5057184836502089
1.684 0.507609324154023
1.685 0.5097981079084781
1.686 0.5101330449743641
1.687 0.5095323007909954
1.688 0.5087898596371512
1.689 0.5098333511730366
1.69 0.5096971900799542
1.691 0.5104134325298172
1.692 0.5111845812859742
1.693 0.5126103109916303
1.694 0.5121155158659234
1.695 0.5117915007091097
1.696 0.5100567541189993
1.697 0.5101420033219974
1.698 0.5098529505606509
1.699 0.510267944268274
1.7 0.5107083798336041
1.701 0.5120770159437419
1.702 0.5118218584512402
1.703 0.5100612463719912
1.704 0.5080856200927799
1.705 0.5069626377522953
1.706 0.5071700312601731
1.707 0.507432205064846
1.708 0.5074832812613603
1.709 0.5073992414568183
1.71 0.5065418559375822
1.711 0.5059325957299485
1.712 0.5048048582847926
1.713 0.503537581412556
1.714 0.5027692882511254
1.715 0.5032074101858887
1.716 0.5041441410606144
1.717 0.5045036591739794
1.718 0.5060909338373445
1.719 0.5062402186535492
1.72 0.505998999654346
1.721 0.5047625675638229
1.722 0.5059801156154764
1.723 0.507102384494535
1.724 0.5080842846778513
1.725 0.5095393811817115
1.726 0.5115544325442686
1.727 0.5130574257770677
1.728 0.5114925495016838
1.729 0.5101035538595253
1.73 0.508847635799039
1.731 0.5095796339907999
1.732 0.5102866258533691
1.733 0.5111160015355811
1.734 0.5113053027003974
1.735 0.510812657500332
1.736 0.5105395594926491
1.737 0.5106112920374744
1.738 0.5114173200491464
1.739 0.5120542342383804
1.74 0.5127617950383669
1.741 0.5129875825595033
1.742 0.5135403423777003
1.743 0.5147258494592218
1.744 0.5145630663997061
1.745 0.5138934160046517
1.746 0.5132668130574884
1.747 0.5133726945244004
1.748 0.5136017483060704
1.749 0.5149016189291907
1.75 0.5170612375290672
1.751 0.5175110352080086
1.752 0.5162677888827022
1.753 0.5153637887966342
1.754 0.5147955990411177
1.755 0.515376911761616
1.756 0.5158368472292452
1.757 0.5169205417524217
1.758 0.5163587295841797
1.759 0.516655546519297
1.76 0.5165504357586856
1.761 0.5156315405120111
1.762 0.5141386686980681
1.763 0.5139521663340574
1.764 0.514916840797981
1.765 0.5161069902341655
1.766 0.5169222619630036
1.767 0.5172009972827182
1.768 0.5157066248779921
1.769 0.514596294026638
1.77 0.5134161360664693
1.771 0.5140538307749856
1.772 0.5142277814554806
1.773 0.5136926817155066
1.774 0.514295843367013
1.775 0.516875593378879
1.776 0.5220719145153329
1.777 0.52009388449991
1.778 0.5160728711994992
1.779 0.5127600829730896
1.78 0.5153138245046791
1.781 0.5167617662796007
1.782 0.5184272254455012
1.783 0.5198472398381314
1.784 0.520020711982571
1.785 0.5188787680036099
1.786 0.5182652179225469
1.787 0.5188137771848531
1.788 0.5198242191302848
1.789 0.520925096935431
1.79 0.5216369029008308
1.791 0.521852305247593
1.792 0.5212597600193605
1.793 0.5199881398163876
1.794 0.5192937675210831
1.795 0.5193222135416161
1.796 0.5187152122683676
1.797 0.5188096624930836
1.798 0.5199935705135164
1.799 0.5219861221795691
1.8 0.5221318174046564
1.801 0.5220511901017899
1.802 0.5218204390697447
1.803 0.5215441925534067
1.804 0.521582207713683
1.805 0.5220419113910909
1.806 0.5234864867442652
1.807 0.5238937429602032
1.808 0.5242708017749024
1.809 0.5239284267967445
1.81 0.5238250018867421
1.811 0.5236075735068473
1.812 0.5237703822096885
1.813 0.5248525473542233
1.814 0.5265058590585425
1.815 0.5275981482982129
1.816 0.5274496964199072
1.817 0.5269852897482237
1.818 0.5258231029872705
1.819 0.5241098040542685
1.82 0.5229716976532038
1.821 0.5230291020997122
1.822 0.5240126412760681
1.823 0.5245077100779635
1.824 0.5248603189046381
1.825 0.5245106822414557
1.826 0.5238724622173327
1.827 0.5229540665431011
1.828 0.5228018978883966
1.829 0.522722722324227
1.83 0.5233272201523299
1.831 0.5243883635445276
1.832 0.5258759563660288
1.833 0.5256796650994633
1.834 0.5247861402489383
1.835 0.5244309474180471
1.836 0.5245652847039978
1.837 0.5247905056267111
1.838 0.5255870421173455
1.839 0.5278988845755949
1.84 0.5283256273443179
1.841 0.5272941946374486
1.842 0.525360219338634
1.843 0.5243384289959732
1.844 0.5242119867033767
1.845 0.5253461134960931
1.846 0.5268825959227145
1.847 0.5274886338244722
1.848 0.5277232379995008
1.849 0.5268634119439208
1.85 0.5259636534218161
1.851 0.5248746768605633
1.852 0.5245634597173473
1.853 0.5249814361200897
1.854 0.5260263975613407
1.855 0.5270902907812341
1.856 0.5268510048564558
1.857 0.5258953536825591
1.858 0.5246368784290238
1.859 0.5243765030442045
1.86 0.5243855112145905
1.861 0.5242301847239093
1.862 0.525268881565788
1.863 0.5266504442883427
1.864 0.5283082914856263
1.865 0.5282204022575491
1.866 0.5270289804730923
1.867 0.5253901459893559
1.868 0.5253042003696318
1.869 0.5273074582364827
1.87 0.5282216786005169
1.871 0.5287261904564498
1.872 0.5285185019027615
1.873 0.5298780239882606
1.874 0.5303026158052947
1.875 0.5303496291714803
1.876 0.5297737236214914
1.877 0.5302813981516942
1.878 0.5310356270730321
1.879 0.5320089484939299
1.88 0.5327032683065739
1.881 0.5317971536643786
1.882 0.5296460663735988
1.883 0.5279820970390084
1.884 0.5274896894790827
1.885 0.5283207249983671
1.886 0.5292957479721512
1.887 0.5302372128943884
1.888 0.5300158882181015
1.889 0.5297147047652401
1.89 0.5287271169059934
1.891 0.5276199250763757
1.892 0.5273804955609022
1.893 0.5272988601803438
1.894 0.5274504952753938
1.895 0.5280402123158339
1.896 0.529342253643763
1.897 0.5302661356895146
1.898 0.5293904097314918
1.899 0.5282282768517712
1.9 0.5274425125032949
1.901 0.5285546616660235
1.902 0.5291175569945497
1.903 0.5292980827796274
1.904 0.5295557405137118
1.905 0.5296614446033047
1.906 0.5287776018710268
1.907 0.5274107714512216
1.908 0.5274715453571999
1.909 0.5286112345264693
1.91 0.5300858671748963
1.911 0.5313845112838889
1.912 0.5315540094064917
1.913 0.5318604649322429
1.914 0.5311173412520253
1.915 0.5301060358949449
1.916 0.5285522595279925
1.917 0.5283454877362723
1.918 0.5297614280144062
1.919 0.5305542988184218
1.92 0.5310162108980988
1.921 0.5302913368816318
1.922 0.5302270515302404
1.923 0.5294090953295806
1.924 0.5285431721848958
1.925 0.5275429046720009
1.926 0.5272911517817521
1.927 0.5279365209728089
1.928 0.5283885754075814
1.929 0.5284809597715238
1.93 0.5279405374357332
1.931 0.5269743373219384
1.932 0.5254449238815103
1.933 0.523904470249194
1.934 0.524513013179931
1.935 0.5258357589088843
1.936 0.5272095196643101
1.937 0.527056157388781
1.938 0.5273778940949161
1.939 0.5269139465199905
1.94 0.5266954541932658
1.941 0.526591154518111
1.942 0.5274416607832125
1.943 0.5291700876204508
1.944 0.5306786328358939
1.945 0.5319316150126187
1.946 0.5323369310987929
1.947 0.5319736854028506
1.948 0.5306995455502787
1.949 0.5296856316624408
1.95 0.5302347661777238
1.951 0.5317386867428365
1.952 0.5329426474301158
1.953 0.5330320669450438
1.954 0.5330203311613799
1.955 0.5328696663575484
1.956 0.5325671722531204
1.957 0.5323911889124243
1.958 0.5324904897987265
1.959 0.5326197015406814
1.96 0.5331100046981543
1.961 0.5332886966749251
1.962 0.5337550468773808
1.963 0.533572856885713
1.964 0.533429239937048
1.965 0.5326231725805176
1.966 0.5332019496187989
1.967 0.5345173244391469
1.968 0.534833360994462
1.969 0.5343786164588075
1.97 0.5333452797295345
1.971 0.5335621020888748
1.972 0.5332198413552335
1.973 0.5335298461469937
1.974 0.5332076473565426
1.975 0.5336773000711722
1.976 0.5342225999554217
1.977 0.5347751645328638
1.978 0.5356211225792299
1.979 0.5359611852952687
1.98 0.5359336531703541
1.981 0.5351684209874172
1.982 0.5351114311736058
1.983 0.5356069030013684
1.984 0.5360730158396168
1.985 0.5369788923288628
1.986 0.5376276583589812
1.987 0.5385853261109641
1.988 0.5382518595634812
1.989 0.5380396777438811
1.99 0.5375829016981551
1.991 0.537920391165442
1.992 0.5381037275672117
1.993 0.5373694959317001
1.994 0.5359170766455045
1.995 0.5331375235839432
1.996 0.5301063875776882
1.997 0.5272867031243439
1.998 0.5293157878467413
1.999 0.5320897299875014
2.0 0.533971486552869
2.001 0.5340787123947471
2.002 0.5342187319037399
2.003 0.5340335186277814
2.004 0.5334929406124127
2.005 0.5342154607320638
2.006 0.5346346044758234
2.007 0.5360673530543775
2.008 0.5364854620725783
2.009 0.5363825670518526
2.01 0.5358047732970703
2.011 0.5349332900662889
2.012 0.5347360173720792
2.013 0.5351222015657566
2.014 0.5360385580779613
2.015 0.5356574973267749
2.016 0.5353382400789446
2.017 0.5356940264475298
2.018 0.5359616802376677
2.019 0.5353614133193332
2.02 0.5340472560346563
2.021 0.5343150623120457
2.022 0.5362137316586676
2.023 0.5373723770999276
2.024 0.536633683581403
2.025 0.5351817358866889
2.026 0.535148505440105
2.027 0.5348015193254801
2.028 0.5345444991836613
2.029 0.5339548026333399
2.03 0.5351185554620322
2.031 0.5366675323440602
2.032 0.5373090734411475
2.033 0.5364901053186149
2.034 0.5357092789026159
2.035 0.5359132993616273
2.036 0.535954126226406
2.037 0.5357559625432867
2.038 0.5358782467373278
2.039 0.5356097942339619
2.04 0.5346390669373656
2.041 0.533364336326268
2.042 0.5328886903527777
2.043 0.5330886963737095
2.044 0.5330660856951546
2.045 0.532960940279591
2.046 0.5324034739982028
2.047 0.532750916735979
2.048 0.5327108244443118
2.049 0.5325249541319623
2.05 0.532246000118347
2.051 0.5316406690900981
2.052 0.5309141147237864
2.053 0.5298218281407359
2.054 0.5307684316997425
2.055 0.531431143118535
2.056 0.5326422009035782
2.057 0.5331219731210757
2.058 0.5344527784235381
2.059 0.5350417302605877
2.06 0.5344247949352808
2.061 0.5340196432148454
2.062 0.5341284493199016
2.063 0.5358969781640914
2.064 0.5362602407184859
2.065 0.5361168808989712
2.066 0.5357039148154011
2.067 0.5350290765656699
2.068 0.5351872707770172
2.069 0.53501284242411
2.07 0.536376800782496
2.071 0.5375269499076967
2.072 0.5396624711717235
2.073 0.540386293543535
2.074 0.5408266119105034
2.075 0.5420367489048054
2.076 0.5422599608425369
2.077 0.5412505590465726
2.078 0.5395560196596633
2.079 0.5404684450640422
2.08 0.5424316431496802
2.081 0.5437121791207267
2.082 0.5442136168979014
2.083 0.5443247958283394
2.084 0.5452117149085715
2.085 0.5444247423841673
2.086 0.5451205872036174
2.087 0.5454036678893793
2.088 0.5468307924247006
2.089 0.5454398675843194
2.09 0.5436503813785053
2.091 0.5425001770533683
2.092 0.5433168519372165
2.093 0.5446119894541938
2.094 0.5439753754705703
2.095 0.5427878978633424
2.096 0.5424578501616456
2.097 0.5440155739759038
2.098 0.5454241696725246
2.099 0.545424069920046
2.1 0.5446389818392535
2.101 0.5443099005244388
2.102 0.5441712947037051
2.103 0.5437021522779049
2.104 0.5433224491549886
2.105 0.544380718308982
2.106 0.5451248928025719
2.107 0.545243901057353
2.108 0.5450419622436656
2.109 0.5457290632718256
2.11 0.5465559683436892
2.111 0.5457125794819531
2.112 0.5446248109139806
2.113 0.5450210236819739
2.114 0.5463674150841028
2.115 0.546139122062409
2.116 0.5457620953940235
2.117 0.5459164195116027
2.118 0.5466075550247614
2.119 0.5474800685038748
2.12 0.5484659218632536
2.121 0.5493507711624842
2.122 0.5492701966239522
2.123 0.5484344014410806
2.124 0.5481471797555296
2.125 0.549401182976717
2.126 0.550973769241216
2.127 0.5502191398723129
2.128 0.5489043011377356
2.129 0.5482348202191074
2.13 0.5495376334248442
2.131 0.5506688309859952
2.132 0.5504510481599332
2.133 0.549508606367318
2.134 0.5480508610736907
2.135 0.5480356737569302
2.136 0.5476255704872581
2.137 0.5471736344321355
2.138 0.5458677699569935
2.139 0.5445908208220437
2.14 0.5431473344576226
2.141 0.5421905921263154
2.142 0.542736202640999
2.143 0.5426523091782968
2.144 0.5423827463847851
2.145 0.5412841670730145
2.146 0.5412950242522342
2.147 0.5415651528308372
2.148 0.5420337416731631
2.149 0.5423356193905892
2.15 0.5419303530891968
2.151 0.5410144838938437
2.152 0.5394378074121147
2.153 0.5386175885363754
2.154 0.5383889406081284
2.155 0.5387034813125373
2.156 0.5394094452493776
2.157 0.5384311544879565
2.158 0.5375884843678822
2.159 0.5380406203601595
2.16 0.539021029191743
2.161 0.5386158084502329
2.162 0.53750178113599
2.163 0.5374984747436367
2.164 0.536404865434235
2.165 0.5347681373836572
2.166 0.5331896307078144
2.167 0.5334176513159827
2.168 0.5338517798026251
2.169 0.5328848824086991
2.17 0.531909869204169
2.171 0.5313375947450926
2.172 0.5316225845466125
2.173 0.531437434041596
2.174 0.5314741562351619
2.175 0.5305836738653236
2.176 0.5282658037564867
2.177 0.5255109678914694
2.178 0.5227509255038401
2.179 0.5209036711094182
2.18 0.5188593338678509
2.181 0.5173663813883062
2.182 0.5164000829502732
2.183 0.5150987889846211
2.184 0.5124553055889822
2.185 0.5086785361175076
2.186 0.5057930802348759
2.187 0.5024007345246241
2.188 0.5009193022368972
2.189 0.49785658822983164
2.19 0.49633862863314443
2.191 0.4925914630997763
2.192 0.49045290871243913
2.193 0.4867858216914979
2.194 0.4841749237214772
2.195 0.4803489321326763
2.196 0.47759835359563174
2.197 0.47434509437839034
2.198 0.47047859364539646
2.199 0.4662459184182199
2.2 0.4633610747195606
2.201 0.4595620601649226
2.202 0.4551356112136519
2.203 0.4501584364431248
2.204 0.44650498729929256
2.205 0.4438128540358363
2.206 0.4420095758180589
2.207 0.43985535121980013
2.208 0.4370936389498087
2.209 0.43396368074409125
2.21 0.43127206061953316
2.211 0.43002452160068205
2.212 0.4301363295794576
2.213 0.43038161336600567
2.214 0.4299762886114838
2.215 0.4290511064820926
2.216 0.42934493870572926
2.217 0.4306436858778379
2.218 0.43218652352670656
2.219 0.4330711164759669
2.22 0.4342813191444855
2.221 0.43589000323717936
2.222 0.43698975900280745
2.223 0.43897678944217206
2.224 0.4410161975354185
2.225 0.44248975570035776
2.226 0.44267492913755857
2.227 0.4432035689729159
2.228 0.44406287528848204
2.229 0.4455534228550085
2.23 0.44725157187023706
2.231 0.4481226030126699
2.232 0.4486350299025723
2.233 0.44972261546782055
2.234 0.4510316401335123
2.235 0.4520311354575468
2.236 0.4528971386418495
2.237 0.4534154097529583
2.238 0.45378660733271037
2.239 0.4551214967225604
2.24 0.45665538913559606
2.241 0.4563865462479368
2.242 0.45501841626135553
2.243 0.45448923165359206
2.244 0.45598650168631805
2.245 0.45799532641759244
2.246 0.4595575058756668
2.247 0.4598735323808498
2.248 0.45872556421604843
2.249 0.4584829983735757
2.25 0.4590367473562694
2.251 0.46052467703061684
2.252 0.46048228172075284
2.253 0.4599992447374737
2.254 0.45974309401932917
2.255 0.46050762563651304
2.256 0.4617375642017528
2.257 0.4617482956704561
2.258 0.4617711632743774
2.259 0.4617863435019942
2.26 0.46233638253458037
2.261 0.46259442841102577
2.262 0.4636752515247444
2.263 0.46395041909170065
2.264 0.46342716220450886
2.265 0.4628660630098332
2.266 0.4639447366754666
2.267 0.4651002720089814
2.268 0.4661719059661971
2.269 0.46783463569284145
2.27 0.4706937381502049
2.271 0.4738320212886145
2.272 0.4772092902479314
2.273 0.47945913422171577
2.274 0.481150907766774
2.275 0.48286879804416644
2.276 0.4852588463908712
2.277 0.4877075986796725
2.278 0.4895418908943587
2.279 0.49118736188923356
2.28 0.4921036145485552
2.281 0.49335166603255365
2.282 0.49553001061275936
2.283 0.4988430809016295
2.284 0.501654686937959
2.285 0.5024845210255054
2.286 0.5032538860576375
2.287 0.5045881671233451
2.288 0.5068338652386964
2.289 0.5085990127401698
2.29 0.5100181303878423
2.291 0.5105649117094923
2.292 0.5109038488536907
2.293 0.5123448361091664
2.294 0.514935015244566
2.295 0.5174655596062829
2.296 0.51821742679875
2.297 0.5186000685635429
2.298 0.5193080623219705
2.299 0.5216106103407616
2.3 0.5239789790347276
2.301 0.5249245340298724
2.302 0.5252242646622982
2.303 0.5265120541188384
2.304 0.52980574835737
2.305 0.5331159048990027
2.306 0.5357613592480872
2.307 0.5371435887070907
2.308 0.5394280522108729
2.309 0.5429654241459979
2.31 0.5458825120219432
2.311 0.5480895192620654
2.312 0.5498878248862762
2.313 0.5502503002172828
2.314 0.5498609788796335
2.315 0.549737560830902
2.316 0.5521302129380453
2.317 0.55426695070379
2.318 0.5555836311599405
2.319 0.5556334684249155
2.32 0.5559852124017427
2.321 0.5569471264410336
2.322 0.5591301990160723
2.323 0.5608005476282252
2.324 0.5603927576336261
2.325 0.5597126277359996
2.326 0.559876134507345
2.327 0.5600296599639505
2.328 0.561434638874894
2.329 0.5620772772322963
2.33 0.5625824981417665
2.331 0.5614065468135077
2.332 0.5632039369455631
2.333 0.5658367488017294
2.334 0.5672786056143349
2.335 0.56644127296844
2.336 0.5657493225086647
2.337 0.5658290661191339
2.338 0.5661529268098491
2.339 0.5667438283421977
2.34 0.5665622155424574
2.341 0.5663043547991392
2.342 0.5662567344519338
2.343 0.5659404771414382
2.344 0.5665148450501472
2.345 0.5660323216628134
2.346 0.5661853794525651
2.347 0.5662226213719954
2.348 0.5680784018055914
2.349 0.5700516692781356
2.35 0.5709352447708119
2.351 0.5716638934730562
2.352 0.5714905847379527
2.353 0.5726519218267907
2.354 0.5735856498248209
2.355 0.5752664227662051
2.356 0.5763939931211408
2.357 0.576812092222936
2.358 0.5776690319350396
2.359 0.5786640616945172
2.36 0.5807410393056046
2.361 0.580653155606623
2.362 0.5802113703937932
2.363 0.5785614614449276
2.364 0.5784463958234243
2.365 0.5796396271080418
2.366 0.5809330655212639
2.367 0.5819687283134851
2.368 0.5816989085319233
2.369 0.5811150586741113
2.37 0.5809728722991911
2.371 0.5816990574015182
2.372 0.5824564394148382
2.373 0.5815112885821059
2.374 0.5807658521066043
2.375 0.5808859916268765
2.376 0.5820890400716561
2.377 0.5819324933363531
2.378 0.5817194969720485
2.379 0.5808006835788357
2.38 0.5793751791277153
2.381 0.0
2.382 0.0
