Microns Throughput
3.998293828 0.0
3.999645059 0.0
4.00099629 2.5883915330351525e-05
4.002347521 2.7186373610147248e-05
4.003698753 2.6283599048502412e-05
4.005049984 2.434831039689673e-05
4.006401216 2.3654425003752214e-05
4.007752447 2.3401970174133662e-05
4.009103679 2.3277459028376152e-05
4.01045491 2.382846710656641e-05
4.011806141 2.4787227293904657e-05
4.013157373 2.571086024144228e-05
4.014508604 2.4523615268288915e-05
4.015859836 2.246563323808607e-05
4.017211067 2.0322922138717158e-05
4.018562299 1.832865207780733e-05
4.01991353 1.8335845575720567e-05
4.021264761 2.0542316141030158e-05
4.022615993 2.3429671985622436e-05
4.023967224 2.5949520922890295e-05
4.025318456 2.7822630866819463e-05
4.026669687 2.8263952831585686e-05
4.028020919 2.7175429731694812e-05
4.02937215 2.5047639320430945e-05
4.030723382 2.4621327689083452e-05
4.032074613 2.6418029698538225e-05
4.033425844 3.0900320137898164e-05
4.034777076 3.36287512888136e-05
4.036128307 3.077919233970823e-05
4.037479539 2.847244760642837e-05
4.03883077 3.052960396748959e-05
4.040182002 3.492584431241827e-05
4.041533233 3.912149452402301e-05
4.042884465 4.178360061129346e-05
4.044235696 4.372752677411255e-05
4.045586927 4.635198856344974e-05
4.046938159 5.170638348661666e-05
4.04828939 5.680558084344935e-05
4.049640622 5.877712015060965e-05
4.050991853 5.937986208497851e-05
4.052343085 6.282122643698186e-05
4.053694316 7.213288741495796e-05
4.055045547 8.301240298303932e-05
4.056396779 9.288539278597114e-05
4.05774801 0.00010269441292333518
4.059099241999999 0.00011169032154878799
4.060450473 0.00011964561146164538
4.061801705 0.00012726322154238726
4.063152936 0.00013653009320798402
4.064504168 0.00014823110913837975
4.065855399 0.00016074050465364614
4.06720663 0.00017263536483000312
4.0685578620000005 0.00018381474335884355
4.069909093000001 0.00019515134569245048
4.071260325 0.00020773116868740119
4.072611556 0.00022118125931178066
4.073962788 0.00023712242103265623
4.075314019 0.000257113458056545
4.07666525 0.00027947831493536413
4.078016482 0.00030285433982613996
4.079367713 0.00032694535222017635
4.080718945 0.0003534041412076305
4.082070176 0.0003820193940979257
4.083421408 0.0004136517119732728
4.084772639 0.00044947061896129004
4.086123871 0.0004887191332838738
4.087475102 0.000530320764924759
4.088826333 0.0005753637820523252
4.090177565 0.0006286218476691861
4.091528796 0.0006878313201722048
4.092880028 0.0007515861638837884
4.094231259 0.000820564150729338
4.095582491 0.0008954092149554376
4.096933722 0.0009766696341726232
4.098284953 0.001066473332563265
4.0996361850000005 0.001167124033524827
4.100987416 0.0012776562212887643
4.102338648 0.0013993059971927103
4.103689878999999 0.0015341571457637678
4.105041110999999 0.0016861391763006574
4.106392342 0.0018538858903625278
4.107743574 0.002036229401553057
4.109094805 0.002237245511944347
4.110446036 0.002459442509074406
4.111797268 0.0027064467548720355
4.113148499 0.002982336553827619
4.114499731 0.003292431847836661
4.115850962000001 0.0036376401213786694
4.117202194000001 0.004019301876359566
4.118553425 0.004440667848974827
4.119904657 0.0049095008112036865
4.121255887999999 0.0054358876295527575
4.122607119 0.006024861262936571
4.123958351000001 0.00668181677591992
4.125309582 0.007417779781088726
4.126660814 0.008239947425672328
4.128012045 0.009160137948933165
4.129363277 0.010185317222401805
4.130714508 0.011333398208993147
4.132065739 0.012620068792406654
4.133416971 0.01405765251101639
4.134768202 0.01566751269931254
4.136119434 0.01747636344320905
4.137470665 0.019503738997424504
4.138821897 0.021772900173054402
4.140173128000001 0.02432002397689531
4.14152436 0.027172455496700915
4.142875591 0.03036976398249586
4.144226821999999 0.033955031536511866
4.145578054 0.03796911891356866
4.146929285000001 0.042460922047018464
4.148280517 0.04748955175854101
4.149631748 0.053101973758598216
4.15098298 0.05937195923382213
4.152334211 0.06635560956373605
4.153685442 0.07409993398132879
4.155036674 0.082701803127937
4.156387905 0.09221287327792081
4.157739136999999 0.1027076169527734
4.159090368 0.11422932846113942
4.1604416 0.12680809046230268
4.161792831 0.14050363078836095
4.163144063 0.15535838154874992
4.164495294 0.17135238829823354
4.165846525 0.1884350217347972
4.167197757 0.20645559394829047
4.168548988 0.22539366461856145
4.169900220000001 0.24516510442000186
4.171251451 0.2656472768307735
4.172602683 0.286515415240706
4.173953914 0.3073021278025809
4.175305146 0.32809295435205516
4.1766563770000005 0.3485855934304439
4.178007608 0.3685806727064069
4.17935884 0.3877512110736037
4.180710071 0.405409836264261
4.182061303 0.42190305556820556
4.183412534 0.4370801153184072
4.184763766 0.4508859255868774
4.186114997 0.463226795549799
4.187466228 0.47358254700611363
4.18881746 0.4826249866882325
4.190168691 0.49041536676660796
4.191519923 0.49697152512684556
4.1928711540000005 0.5023468656955922
4.194222386000001 0.5065370095211997
4.195573617 0.5098987642130186
4.196924849 0.51253568377069
4.198276079999999 0.5145617616346909
4.199627311 0.5160464966291671
4.200978543 0.5169963525855232
4.202329774 0.5176334104007275
4.203681006 0.5180171628135979
4.205032237 0.5182250603641867
4.206383469 0.5182272161927948
4.2077347 0.5181100840562842
4.209085931 0.5179646128733586
4.210437163 0.5177805307180914
4.211788394 0.5175616482142713
4.213139626 0.517363940327648
4.214490857 0.5172298117088989
4.215842089 0.517128842453619
4.217193320000001 0.5170718728578824
4.218544552 0.5170860141318259
4.219895783 0.5171897772075897
4.221247013999999 0.5173151408425887
4.222598246 0.5175022393485794
4.223949477 0.5177573670380624
4.225300709 0.5180631320738762
4.22665194 0.5183716736924275
4.228003171999999 0.5187183445367393
4.229354403 0.5191002354896213
4.230705634 0.519492592823095
4.232056866 0.5198576553820781
4.233408097000001 0.5202589240751645
4.234759329 0.5206512109496166
4.23611056 0.5210107862331192
4.237461792 0.5213398723771364
4.238813023 0.5216855591593852
4.240164255 0.521991822489102
4.241515486 0.5222691183805309
4.242866717 0.5225157583445686
4.244217949 0.5227479106501126
4.24556918 0.5228916222294682
4.246920412000001 0.5229676978757029
4.248271643 0.5229852143388716
4.249622875 0.522970448335497
4.250974105999999 0.5228315215771475
4.252325338 0.5226281791187607
4.2536765690000005 0.522375175723418
4.2550278 0.522061461631469
4.256379032 0.5216191837013497
4.257730263 0.5210920568795941
4.259081495 0.5204886243581709
4.260432726 0.519788715999476
4.261783958 0.5189419685077565
4.263135189 0.5179433826286134
4.26448642 0.5167927190137964
4.265837652 0.515443652994633
4.267188883 0.513861448455692
4.268540115 0.5119478776516289
4.2698913460000005 0.5097139785671039
4.271242578000001 0.5072280468772008
4.272593809 0.5045838419073917
4.273945041 0.5021115040086146
4.275296271999999 0.5005508978524563
4.276647503 0.5001563212855019
4.277998735 0.5010168964600376
4.279349966 0.5031941477280231
4.280701198 0.5056549273171921
4.282052429 0.5075315152810562
4.283403661 0.5086488121469765
4.284754892 0.5089488541034892
4.286106123 0.5085070977719754
4.287457355 0.5078663723888
4.288808586 0.5071432381511654
4.290159818 0.5064327884400189
4.291511049 0.505685986417181
4.292862281 0.5049581634804032
4.294213512000001 0.5042837655771012
4.295564744 0.50362577478015
4.296915975 0.5029675035798155
4.298267206 0.5023673025206249
4.299618438 0.5017854380676109
4.300969669 0.5012373066071635
4.302320901 0.5007213247978307
4.303672132 0.5002560623945568
4.305023363999999 0.4998695312256888
4.306374595 0.49950411018958457
4.307725826 0.4991633221653023
4.309077058 0.4989455342287227
4.310428289000001 0.49876700859297307
4.311779521 0.4986369456966209
4.313130752 0.4985675719532937
4.314481984 0.49857544563381484
4.315833215 0.4986343319074667
4.317184447 0.4987605383581742
4.318535678 0.49888908397954496
4.319886909 0.4991111299183
4.321238141 0.4993974237214316
4.322589372 0.49968118354015134
4.323940604000001 0.49998537756600975
4.325291835 0.5003823505159927
4.326643067 0.5007476061933597
4.327994297999999 0.5011010672254904
4.329345529999999 0.5014702193596741
4.330696761 0.5018319425211674
4.332047992 0.5021860586080554
4.333399224 0.502466411663714
4.334750455 0.5026972837697987
4.336101687 0.5029078892782309
4.337452918 0.503003860791807
4.33880415 0.5030087834468854
4.340155381 0.502945818019614
4.341506612 0.5027506407823973
4.342857844 0.5024321017572263
4.344209075 0.5020141252545406
4.345560307 0.5014446674988345
4.3469115380000005 0.5007546807349034
4.34826277 0.499967410301363
4.349614001 0.4990187288905682
4.350965233 0.4979505211364442
4.352316464 0.4967782603752036
4.353667695 0.49548474505245776
4.355018927 0.4940943762940242
4.356370158 0.4926148711065856
4.35772139 0.4910679423360982
4.359072621 0.48946571801988303
4.360423853 0.48778613328683457
4.361775084 0.4860810672583118
4.363126315000001 0.4843424444653578
4.364477547000001 0.4825501516447501
4.365828778 0.48070180321220457
4.36718001 0.47880989142243574
4.368531241 0.476818070394386
4.369882473 0.4747117675459432
4.371233704 0.47243071123932634
4.372584936 0.46990570145990407
4.373936167 0.4670933762473201
4.375287398 0.46394372181108934
4.37663863 0.46018982364293926
4.377989861 0.4558079246896393
4.379341093 0.4507894660702833
4.380692324 0.4450752721349314
4.382043555999999 0.43802434625544906
4.383394787 0.4300287090925006
4.384746018 0.4210574389321868
4.38609725 0.4108363060111398
4.387448481000001 0.39895774433514586
4.388799713 0.38597354519054433
4.390150944 0.3719315846219754
4.391502176 0.3562472918926055
4.392853407 0.33922734037193025
4.394204639 0.3213893213864942
4.39555587 0.3029132729154285
4.396907101 0.2829557344137231
4.398258332999999 0.26281043525819636
4.399609564 0.2426915076494953
4.400960796000001 0.2225429211137607
4.402312027 0.20242946534264744
4.403663259 0.1831356625039389
4.405014489999999 0.1648248832611646
4.406365721999999 0.14728560483125347
4.407716953 0.1309621083623935
4.409068184 0.11601670969619146
4.410419416 0.10239987554404728
4.411770647 0.09001900341217003
4.413121879 0.07898755939342092
4.41447311 0.06919402981548432
4.415824342 0.06052782912584411
4.417175573000001 0.052910381895315294
4.418526804 0.04623982928547798
4.419878036 0.04040918645966203
4.421229266999999 0.03534390159576885
4.422580499 0.030933585519032476
4.4239317300000005 0.027094434939543246
4.425282962 0.023762072047323113
4.426634193 0.020873543008760095
4.427985425 0.018358453784703486
4.429336656 0.01616605339468938
4.430687887 0.014266919567920222
4.432039119 0.012611172872677545
4.43339035 0.011163551254043495
4.434741582 0.009898321487064574
4.436092813 0.008792273366048048
4.437444045 0.00782069156500726
4.438795276 0.006966965287282195
4.440146507000001 0.006217715388930967
4.441497739000001 0.005556658594624568
4.44284897 0.004972873262939181
4.444200202 0.004459096334780787
4.445551432999999 0.004002243957999781
4.446902665 0.0035967145514237873
4.448253896 0.0032378879852877967
4.449605128 0.0029209073610393273
4.450956359 0.0026356718292088323
4.45230759 0.002379263745831531
4.453658822 0.0021526214238652037
4.455010053 0.0019518890410394666
4.456361285 0.001771629762603671
4.457712516 0.0016081330265139261
4.459063747999999 0.0014610530184224382
4.460414979 0.0013285705345779182
4.4617662110000005 0.0012092718083523341
4.463117442 0.0011027846130908295
4.464468673000001 0.0010088887270006388
4.465819905 0.0009250568022325189
4.467171136 0.0008484907896368089
4.468522368 0.0007749346863214361
4.469873599 0.0007067683453860029
4.471224831000001 0.0006446198427917763
4.472576062 0.0005894529192780753
4.473927293 0.0005396043321111096
4.475278524999999 0.0004944509139563096
4.476629756 0.0004535369461691513
4.4779809880000006 0.00041529420929822006
4.479332219 0.0003802090113681346
4.480683451 0.00034938846241271105
4.482034682 0.0003229567254857423
4.483385914 0.00029808836232306165
4.484737145 0.0002731277023656632
4.486088376 0.00024984163694483314
4.487439608 0.0002305524685024836
4.488790839 0.00021517944507505864
4.490142071 0.00020018621557016964
4.491493302 0.0001840027483627243
4.492844534 0.00016760300941886264
4.494195765000001 0.00015235154637205977
4.495546996 0.00014037316429901957
4.496898228 0.0001310413086825992
4.498249458999999 0.0001249001066601028
4.499600691 0.00011821901002577019
4.5009519220000005 0.00011035989639855279
4.502303154 0.00010078096080203217
4.503654385 9.244245184237822e-05
4.505005617 8.461957579665313e-05
4.506356848 7.754700284611326e-05
4.507708079 6.809986542906107e-05
4.509059311 6.101944905982086e-05
4.510410542 5.6094315869291533e-05
4.511761774 5.2749082378387185e-05
4.513113005 4.795074222748819e-05
4.514464237 4.304009145262333e-05
4.515815468 3.958519649185341e-05
4.517166699000001 3.824546599082115e-05
4.518517931 3.722697204356493e-05
4.519869162 3.557791333779569e-05
4.521220394 3.3638775174873095e-05
4.522571624999999 3.208669316074337e-05
4.523922857 3.1089001601754875e-05
4.525274088 3.042768557321353e-05
4.52662532 2.9873006019803112e-05
4.527976551 2.9408035970793425e-05
4.529327782 2.877416694835197e-05
4.530679014 2.8564578190100286e-05
4.532030245 2.8717681940262597e-05
4.533381477 2.8787100574873358e-05
4.534732708 2.7185291964814208e-05
4.53608394 2.4678784563963255e-05
4.537435171 2.2479776038039666e-05
4.5387864030000005 2.2509151966779124e-05
4.540137634 2.346819964082399e-05
4.541488865 2.3678445158333643e-05
4.542840097 2.213501992348134e-05
4.544191328 2.0236236492283223e-05
4.54554256 1.887413966574179e-05
4.5468937910000005 1.8501908778504436e-05
4.548245023000001 1.881252501318541e-05
4.549596254 1.942978528285655e-05
4.550947485 0.0
4.552298716 0.0
