Microns Throughput
2.0483000488281253 0.0
2.049300048828125 0.0
2.050300048828125 3.997818867501322e-06
2.051300048828125 4.3823035513799614e-06
2.052300048828125 6.440906301267396e-06
2.053300048828125 9.373325686252962e-06
2.054300048828125 3.6535039275481512e-06
2.055300048828125 5.2064328094273854e-06
2.056300048828125 6.93422130181462e-06
2.057300048828125 6.9744936569259685e-06
2.058300048828125 6.378167722701582e-06
2.059300048828125 7.571734521062037e-06
2.060300048828125 6.34528070309518e-06
2.061300048828125 6.113115373313031e-06
2.062300048828125 1.0105670525501993e-05
2.063300048828125 8.208804919834307e-06
2.064300048828125 1.0928363852658873e-05
2.065300048828125 1.1119421886012048e-05
2.066300048828125 1.1737816910521668e-05
2.067300048828125 1.1390573335625493e-05
2.068300048828125 1.393444521543834e-05
2.069300048828125 1.6379373560747372e-05
2.070300048828125 1.5687982082223037e-05
2.071300048828125 1.7884379200675977e-05
2.072300048828125 2.1793394575815848e-05
2.073300048828125 2.7266342950967737e-05
2.074300048828125 3.269338609477212e-05
2.075300048828125 3.642318497360084e-05
2.076300048828125 5.0428403264887804e-05
2.077300048828125 5.933472094269605e-05
2.078300048828125 7.016037807196876e-05
2.079300048828125 9.449567403976688e-05
2.080300048828125 0.00011813793334137051
2.081300048828125 0.0001559771817916051
2.082300048828125 0.00021152089119101205
2.083300048828125 0.000284028147775744
2.084300048828125 0.0003860477452368686
2.085300048828125 0.0005419005121482673
2.086300048828125 0.0007751167540616996
2.087300048828125 0.0011350460384069467
2.088300048828125 0.001679357771353525
2.089300048828125 0.0025665063632256957
2.090300048828125 0.0038930358649446367
2.091300048828125 0.005905711378002491
2.092300048828125 0.009063855233819071
2.093300048828125 0.013158475325214431
2.094300048828125 0.018754673391395464
2.095300048828125 0.025796492551468906
2.096300048828125 0.03425736351201892
2.097300048828125 0.04421897032255066
2.098300048828125 0.05575513930890796
2.099300048828125 0.0677726325559213
2.100300048828125 0.0778668607239274
2.101300048828125 0.08643099147522153
2.102300048828125 0.09575781993827773
2.103300048828125 0.10558888017822003
2.104300048828125 0.11730423588836549
2.105300048828125 0.13250612374984713
2.106300048828125 0.14877185829534484
2.107300048828125 0.16957904654049166
2.108300048828125 0.19247268557663288
2.109300048828125 0.2193979128885445
2.110300048828125 0.24912209219102266
2.111300048828125 0.2842908152192882
2.112300048828125 0.32085357530405223
2.113300048828125 0.35656801649418257
2.114300048828125 0.3945148716037903
2.115300048828125 0.4241013654240809
2.116300048828125 0.4492555132987878
2.117300048828125 0.46614375745041375
2.118300048828125 0.48250887248037494
2.119300048828125 0.4854471340999727
2.120300048828125 0.4922024191313593
2.121300048828125 0.49448297184273493
2.122300048828125 0.49561465054144366
2.123300048828125 0.49677751439051665
2.124300048828125 0.49349586678050134
2.125300048828125 0.49344235706319395
2.126300048828125 0.4890040369772607
2.127300048828125 0.4784403207810359
2.128300048828125 0.4634242470828505
2.129300048828125 0.44046820016814237
2.130300048828125 0.4059219320823803
2.131300048828125 0.3728965861207867
2.132300048828125 0.3323309197115038
2.133300048828125 0.2935927380783325
2.134300048828125 0.2568014374490956
2.135300048828125 0.2221457645029291
2.136300048828125 0.18982940396761233
2.137300048828125 0.1631557266828652
2.138300048828125 0.14273465707219715
2.139300048828125 0.12351945205010194
2.140300048828125 0.10838290488527044
2.141300048828125 0.09464197707018078
2.142300048828125 0.08107842080972023
2.143300048828125 0.06832884750480611
2.144300048828125 0.057009388777148444
2.145300048828125 0.047285824510042804
2.146300048828125 0.03788825829570498
2.147300048828125 0.030266424519521804
2.148300048828125 0.02356773001148253
2.149300048828125 0.01773603053951534
2.150300048828125 0.013097153137806357
2.151300048828125 0.009297313435975214
2.152300048828125 0.006362155708727517
2.153300048828125 0.00421162058364513
2.154300048828125 0.002770401026615789
2.155300048828125 0.0017912725863985346
2.156300048828125 0.001173977470662464
2.157300048828125 0.0007941045091672941
2.158300048828125 0.0005445672485460375
2.159300048828125 0.00037944938791568473
2.160300048828125 0.0002742341531090993
2.161300048828125 0.00020065530856602695
2.162300048828125 0.00014711517898321436
2.163300048828125 0.00011540663104467154
2.164300048828125 8.645211475554075e-05
2.165300048828125 7.046041494429713e-05
2.166300048828125 5.549089302003311e-05
2.167300048828125 4.574310856266154e-05
2.168300048828125 3.376756675354647e-05
2.169300048828125 2.742136344700979e-05
2.170300048828125 2.415307796588016e-05
2.171300048828125 2.568976001147722e-05
2.172300048828125 1.6517260102458555e-05
2.173300048828125 1.545621443431567e-05
2.174300048828125 1.4210425514634864e-05
2.175300048828125 1.4332220622757967e-05
2.176300048828125 1.1094965374316294e-05
2.177300048828125 1.1578293588049125e-05
2.178300048828125 1.0153655111306144e-05
2.179300048828125 9.109277838460826e-06
2.180300048828125 1.1082082839956698e-05
2.181300048828125 9.471434486781573e-06
2.182300048828125 1.1179823834814838e-05
2.183300048828125 2.9901135124921717e-06
2.184300048828125 7.0045792937021446e-06
2.185300048828125 6.198572555685966e-06
2.186300048828125 7.417052541859902e-06
2.187300048828125 5.445327978590714e-06
2.188300048828125 4.931721158621265e-06
2.189300048828125 3.5656778153317575e-06
2.190300048828125 8.972439868308074e-06
2.191300048828125 8.306098227594866e-06
2.192300048828125 6.8117111861333485e-06
2.193300048828125 3.3232094118156772e-06
2.194300048828125 8.167138057712677e-06
2.195300048828125 5.005176362489521e-06
2.196300048828125 5.607867660601264e-06
2.197300048828125 6.740982492433449e-06
2.198300048828125 8.12461191940535e-06
2.199300048828125 4.884914823045263e-06
2.200300048828125 6.93363881319365e-06
2.201300048828125 4.225464111566409e-06
2.202300048828125 9.113905631221768e-06
2.203300048828125 8.447908740971213e-06
2.204300048828125 6.905270880977727e-06
2.205300048828125 6.9279699910271284e-06
2.206300048828125 7.1166508267690315e-06
2.207300048828125 4.297193025745923e-06
2.208300048828125 7.065864430735834e-06
2.209300048828125 6.262977537632932e-06
2.210300048828125 3.035590567141187e-06
2.211300048828125 6.53652840884984e-06
2.212300048828125 9.675937954684746e-06
2.213300048828125 2.936003641098346e-06
2.214300048828125 1.0244429034056724e-05
2.215300048828125 5.138598496844492e-06
2.216300048828125 7.13606373359573e-06
2.217300048828125 5.807181100751395e-06
2.218300048828125 1.5573599778293567e-05
2.219300048828125 1.3252734036527522e-05
2.220300048828125 3.114150751612354e-06
2.221300048828125 8.921909196025523e-06
2.222300048828125 6.80408436383149e-06
2.223300048828125 1.0482183376954869e-05
2.224300048828125 5.150983947620078e-06
2.225300048828125 8.449701844230302e-06
2.226300048828125 6.962329087517666e-06
2.227300048828125 7.845526583643127e-06
2.228300048828125 1.4540254729719333e-06
2.229300048828125 1.2931011185648843e-05
2.230300048828125 8.077899374145517e-06
2.231300048828125 1.2910591815970584e-05
2.232300048828125 6.585830147080781e-06
2.233300048828125 7.542909583157195e-06
2.234300048828125 2.098739317333461e-06
2.235300048828125 8.35938648464635e-06
2.236300048828125 5.9930723841772425e-06
2.237300048828125 9.011270365214653e-06
2.238300048828125 5.136613512133311e-06
2.239300048828125 1.2033485935043524e-05
2.240300048828125 1.0080822467480994e-05
2.241300048828125 1.2532822457900084e-05
2.242300048828125 1.3703047010359012e-05
2.243300048828125 5.559854499891673e-06
2.244300048828125 6.598302148848378e-06
2.245300048828125 1.6627201420838936e-05
2.246300048828125 1.2648329016225688e-05
2.247300048828125 9.428472056027971e-06
2.248300048828125 6.432523463129979e-06
2.249300048828125 1.2892941275484959e-05
2.250300048828125 1.4296126785651718e-05
2.2513000488281247 0.0
2.2523000488281246 0.0
