Microns Throughput
0.9682000122070312 0.0
0.9692000122070312 0.0
0.9702000122070312 5.092460058016879e-06
0.9712000122070312 6.045422724753165e-06
0.9722000122070312 7.023241293220423e-06
0.9732000122070312 8.004328178048884e-06
0.9742000122070312 8.90796749595781e-06
0.9752000122070312 9.793926520925073e-06
0.9762000122070312 1.0703115631359228e-05
0.9772000122070312 1.1820930550027183e-05
0.9782000122070312 1.3254126578429447e-05
0.9792000122070312 1.521749791940294e-05
0.9802000122070312 1.7845334953187202e-05
0.9812000122070312 2.1396077110107274e-05
0.9822000122070312 2.6208006530824222e-05
0.9832000122070312 3.260398361556931e-05
0.9842000122070312 4.086261364471157e-05
0.9852000122070312 5.139935277082478e-05
0.9862000122070312 6.42578693888476e-05
0.9872000122070312 7.964000376147231e-05
0.9882000122070312 9.760579250219836e-05
0.9892000122070312 0.00011815392239120764
0.9902000122070312 0.00014149870933728205
0.9912000122070312 0.0001674893393571398
0.9922000122070312 0.00019681921119937555
0.9932000122070312 0.00023032107559908783
0.9942000122070312 0.0002695107404743524
0.9952000122070312 0.00031621541153408687
0.9962000122070312 0.0003742117151860495
0.9972000122070312 0.0004484712106189586
0.9982000122070313 0.015167953800861727
0.9992000122070313 0.03139671567639561
1.0002000122070311 0.04973598497018288
1.0012000122070313 0.0556725168834012
1.0022000122070311 0.06298648338073312
1.0032000122070313 0.070220676844969
1.0042000122070311 0.07898051947271005
1.0052000122070313 0.08868397285938494
1.0062000122070311 0.1015474700882864
1.0072000122070313 0.11591405219370085
1.0082000122070311 0.13151222106862953
1.0092000122070313 0.1480683120081786
1.0102000122070312 0.1641109175110281
1.0112000122070313 0.18073958523309694
1.0122000122070312 0.1959457257888333
1.0132000122070313 0.21139504156897193
1.0142000122070312 0.22456974722431688
1.0152000122070313 0.23556330803629874
1.0162000122070312 0.2425201495974701
1.0172000122070313 0.2471150639229273
1.0182000122070312 0.2488234653571798
1.0192000122070313 0.24959571453336443
1.0202000122070312 0.24848385427572262
1.0212000122070313 0.24897776892558968
1.0222000122070312 0.2479404927493063
1.0232000122070313 0.24817512832669464
1.024199951171875 0.2473740462563978
1.025199951171875 0.24839365902811508
1.026199951171875 0.2489745197641194
1.027199951171875 0.2495451945378738
1.028199951171875 0.25092039704684677
1.029199951171875 0.25236826914226673
1.030199951171875 0.2544034539216056
1.031199951171875 0.25586567157494217
1.032199951171875 0.2585040103904379
1.033199951171875 0.26109615752356385
1.034199951171875 0.26525592989574553
1.035199951171875 0.2679593641291948
1.036199951171875 0.27020177889679275
1.037199951171875 0.270612975960021
1.038199951171875 0.2739077267908918
1.039199951171875 0.2752423211403274
1.040199951171875 0.27760509138875245
1.041199951171875 0.2776194341147275
1.042199951171875 0.2797346299338379
1.043199951171875 0.2802494478710873
1.044199951171875 0.2809153422016669
1.045199951171875 0.28130221201912076
1.046199951171875 0.28282368029304744
1.047199951171875 0.2842679198833784
1.048199951171875 0.2853955760545943
1.049199951171875 0.28659342398165616
1.050199951171875 0.28768904421812364
1.051199951171875 0.2892993255051792
1.052199951171875 0.29012203636000317
1.053199951171875 0.2906685289729846
1.054199951171875 0.29185395121817514
1.055199951171875 0.29154878159407605
1.056199951171875 0.291879170247433
1.057199951171875 0.291487200285905
1.058199951171875 0.2910305924323237
1.059199951171875 0.29028020765364676
1.060199951171875 0.28871747133752756
1.061199951171875 0.28788854150774407
1.062199951171875 0.2859925383287293
1.063199951171875 0.28426463042718053
1.064199951171875 0.2835343228517596
1.065199951171875 0.28245427680620083
1.066199951171875 0.2811187706602953
1.067199951171875 0.27857827178615263
1.068199951171875 0.277181008344284
1.069199951171875 0.2745475237534483
1.070199951171875 0.27210319251750825
1.071199951171875 0.27067989008703863
1.072199951171875 0.2696776398662405
1.073199951171875 0.2687867464920352
1.074199951171875 0.2667795924468786
1.075199951171875 0.26587013181556896
1.076199951171875 0.2656474116893964
1.077199951171875 0.2654526214170202
1.078199951171875 0.26580653319767583
1.079199951171875 0.26582269174321294
1.080199951171875 0.2665331614822911
1.081199951171875 0.2675108637159913
1.082199951171875 0.26832578447847766
1.083199951171875 0.26851933444159987
1.084199951171875 0.26951382494749
1.085199951171875 0.2705440517110277
1.086199951171875 0.2723953881384337
1.087199951171875 0.2729860094879377
1.088199951171875 0.2743722644117026
1.089199951171875 0.27599951645061044
1.090199951171875 0.2779540064961015
1.091199951171875 0.28001193656602813
1.092199951171875 0.2820060667647269
1.093199951171875 0.2844566710905495
1.094199951171875 0.2865898408394641
1.095199951171875 0.28859239898026534
1.096199951171875 0.28979782304129537
1.097199951171875 0.2927183669553886
1.098199951171875 0.2955047263545432
1.099199951171875 0.2979228250019016
1.100199951171875 0.2981669579420424
1.101199951171875 0.2984561152902891
1.102199951171875 0.29960135330900156
1.103199951171875 0.30103722436558716
1.104199951171875 0.301736371616676
1.105199951171875 0.30281935867469356
1.106199951171875 0.302908797168326
1.107199951171875 0.30338417971222226
1.108199951171875 0.3024394131558061
1.109199951171875 0.30181409579664026
1.110199951171875 0.3023923778816361
1.111199951171875 0.3024658921804722
1.112199951171875 0.3028232808224839
1.113199951171875 0.30219752915790227
1.114199951171875 0.30233299545491904
1.115199951171875 0.3028415851612583
1.116199951171875 0.3021140899982364
1.117199951171875 0.30144269613293306
1.118199951171875 0.3006893738597523
1.119199951171875 0.3010229789181709
1.120199951171875 0.3011867052490083
1.121199951171875 0.3002869690385483
1.122199951171875 0.2994334493812363
1.123199951171875 0.29837313501995216
1.124199951171875 0.29847496779313687
1.125199951171875 0.29816299721000206
1.126199951171875 0.2985683018387368
1.127199951171875 0.29897397614455257
1.128199951171875 0.29962259921123613
1.129199951171875 0.2996951545668802
1.130199951171875 0.2999279088700269
1.131199951171875 0.2999116549550815
1.132199951171875 0.30133597764732384
1.133199951171875 0.30199654488938205
1.134199951171875 0.30286725210206084
1.135199951171875 0.30306284222027324
1.136199951171875 0.30421140149997217
1.137199951171875 0.30574714781089773
1.138199951171875 0.30662743470633774
1.139199951171875 0.3078378601414537
1.140199951171875 0.30863640277158433
1.141199951171875 0.3107264087764845
1.142199951171875 0.3131787050228747
1.143199951171875 0.3159533905995927
1.144199951171875 0.31952000668189207
1.145199951171875 0.32267924579455376
1.146199951171875 0.32477950080074586
1.147199951171875 0.3268170698712915
1.148199951171875 0.328750281286409
1.149199951171875 0.3319110425309798
1.150199951171875 0.33438187298426464
1.151199951171875 0.3367434942828647
1.152199951171875 0.3389988842464278
1.153199951171875 0.34064290834096567
1.154199951171875 0.3425189445873053
1.155199951171875 0.3442600809551719
1.156199951171875 0.3462932166141466
1.157199951171875 0.34804641952625665
1.158199951171875 0.3492818537384312
1.159199951171875 0.3508053149778911
1.160199951171875 0.3516768158971265
1.161199951171875 0.35367060993553406
1.162199951171875 0.3546909810992824
1.163199951171875 0.3563324106553828
1.164199951171875 0.35726809073167204
1.165199951171875 0.3579198218572006
1.166199951171875 0.3590068907739056
1.167199951171875 0.3602125528480265
1.168199951171875 0.3612739761358519
1.169199951171875 0.361389274955386
1.170199951171875 0.36130161827362256
1.171199951171875 0.3618666411596069
1.172199951171875 0.362663171619578
1.173199951171875 0.36330483810515535
1.174199951171875 0.3636797385798319
1.175199951171875 0.3641235400641831
1.176199951171875 0.3636116774414759
1.177199951171875 0.36413896441028915
1.178199951171875 0.36380944742036603
1.179199951171875 0.36300803061339443
1.180199951171875 0.36241552081094536
1.181199951171875 0.3629528347476606
1.182199951171875 0.363796355014151
1.183199951171875 0.3635734973992395
1.184199951171875 0.3626312430814662
1.185199951171875 0.36253597076468475
1.186199951171875 0.3620432035172601
1.187199951171875 0.3616035569063932
1.188199951171875 0.36083109072135555
1.189199951171875 0.36018248675146375
1.190199951171875 0.36051270302590815
1.191199951171875 0.36074734824819743
1.192199951171875 0.3601134391418492
1.193199951171875 0.3594785892984728
1.194199951171875 0.3583854006791426
1.195199951171875 0.35749562812055813
1.196199951171875 0.35614651436962236
1.197199951171875 0.35552544686030696
1.198199951171875 0.3549634652497327
1.199199951171875 0.35403588007685555
1.200199951171875 0.35329691483082265
1.201199951171875 0.3534026895823549
1.202199951171875 0.35312591465481696
1.203199951171875 0.3527389762157431
1.204199951171875 0.3528244609026499
1.205199951171875 0.35306126218597256
1.206199951171875 0.3520797204111081
1.207199951171875 0.3514000204638426
1.208199951171875 0.35108173214914556
1.209199951171875 0.3527319673203835
1.210199951171875 0.35248729781802135
1.211199951171875 0.3529856822241866
1.212199951171875 0.3529315682263073
1.213199951171875 0.3549328359706868
1.214199951171875 0.35568840266074986
1.215199951171875 0.3569447081716909
1.216199951171875 0.3563900657793325
1.217199951171875 0.3581402421691215
1.218199951171875 0.35937664561594096
1.219199951171875 0.3610836126026178
1.220199951171875 0.3619551136287456
1.221199951171875 0.36256527027428104
1.222199951171875 0.36437625527913264
1.223199951171875 0.3655433713775758
1.224199951171875 0.3674691556351737
1.225199951171875 0.36832709893391874
1.226199951171875 0.3695957446627897
1.227199951171875 0.37116523255883166
1.228199951171875 0.3723501994964981
1.229199951171875 0.3733122457179693
1.230199951171875 0.37557709100912096
1.231199951171875 0.3774663899434028
1.232199951171875 0.38013882360428175
1.233199951171875 0.38098527851869507
1.234199951171875 0.382827430852875
1.235199951171875 0.3845214709519006
1.236199951171875 0.3865011328747066
1.237199951171875 0.38748669806700387
1.238199951171875 0.3887473385246093
1.239199951171875 0.3889862857455062
1.240199951171875 0.39065553171101863
1.241199951171875 0.3913349791170276
1.242199951171875 0.3926512834055574
1.243199951171875 0.39328672730877823
1.244199951171875 0.3948725493212732
1.245199951171875 0.3958123634898853
1.246199951171875 0.39706593344278834
1.247199951171875 0.3967920964745271
1.248199951171875 0.3971055378431783
1.249199951171875 0.3977470213641258
1.250199951171875 0.3971647854997335
1.251199951171875 0.39840983294705135
1.252199951171875 0.398888412492233
1.253199951171875 0.39937069840129114
1.254199951171875 0.3980616792423229
1.255199951171875 0.39676162827832107
1.256199951171875 0.39668584775383575
1.257199951171875 0.39827791477933994
1.258199951171875 0.39862047581796045
1.259199951171875 0.39937170320862
1.260199951171875 0.3994953063971065
1.261199951171875 0.40049380379417976
1.262199951171875 0.40143444462309724
1.263199951171875 0.40103315919051896
1.264199951171875 0.40051080046081095
1.265199951171875 0.4007915373696818
1.266199951171875 0.40032541867020627
1.267199951171875 0.4005126480051521
1.268199951171875 0.3991972908469337
1.269199951171875 0.39782621998804946
1.270199951171875 0.39488836323859283
1.271199951171875 0.39065852638865833
1.272199951171875 0.38416668759257794
1.273199951171875 0.3760555820656618
1.274199951171875 0.36563785933052434
1.275199951171875 0.3521404485976856
1.276199951171875 0.3348300893393756
1.277199951171875 0.31391384983691406
1.278199951171875 0.28925660519682767
1.279199951171875 0.26171222629300556
1.280199951171875 0.23220892949979974
1.281199951171875 0.2036579686521065
1.282199951171875 0.1773152420235462
1.283199951171875 0.15500066840860666
1.284199951171875 0.135401389849581
1.285199951171875 0.11856518844702854
1.286199951171875 0.10249813151669074
1.287199951171875 0.0885273319753302
1.288199951171875 0.07608458695654349
1.289199951171875 0.06639405738822643
1.290199951171875 0.058104028053819146
1.291199951171875 0.051067491140437675
1.292199951171875 0.04452660298219126
1.293199951171875 0.03928275593734057
1.294199951171875 0.03469496607573073
1.295199951171875 0.030791904862163412
1.296199951171875 0.02685980937639408
1.297199951171875 0.023050701725275048
1.298199951171875 0.019298245154471868
1.299199951171875 0.016006476034873998
1.300199951171875 0.013197387324088282
1.301199951171875 0.010829488954701176
1.302199951171875 0.008858742753671347
1.303199951171875 0.007248723905928607
1.304199951171875 0.005948989625372366
1.305199951171875 0.004876754377337124
1.306199951171875 0.004010972820543904
1.307199951171875 0.003292680925913404
1.308199951171875 0.0027236430023528874
1.309199951171875 0.002270661767151531
1.310199951171875 0.001893961068359862
1.311199951171875 0.0015819547992201827
1.312199951171875 0.001325759583216167
1.313199951171875 0.0011215885249832606
1.314199951171875 0.0009486963524684305
1.315199951171875 0.0008045758768572708
1.316199951171875 0.0006845737648603493
1.317199951171875 0.0005839311115016617
1.318199951171875 0.0005012257860863798
1.319199951171875 0.00043048763268458876
1.320199951171875 0.0003710458835749428
1.321199951171875 0.00032091822713415437
1.322199951171875 0.0002791850138588047
1.323199951171875 0.0002435803495538765
1.324199951171875 0.00021294460075470796
1.325199951171875 0.00018605814261523623
1.326199951171875 0.00016344373053931214
1.327199951171875 0.00014444335091180473
1.328199951171875 0.0001275908492503286
1.329199951171875 0.00011225611537722752
1.330199951171875 9.961964619390832e-05
1.331199951171875 8.8510332527074e-05
1.332199951171875 7.924115875888234e-05
1.333199951171875 7.026750188628211e-05
1.334199951171875 6.285797748490126e-05
1.335199951171875 5.614412854109493e-05
1.336199951171875 5.069769041767271e-05
1.337199951171875 4.573930948120009e-05
1.338199951171875 4.1252998560763574e-05
1.339199951171875 3.686659041978514e-05
1.340199951171875 3.341034068951883e-05
1.341199951171875 3.057899090263676e-05
1.342199951171875 2.8714466505849233e-05
1.343199951171875 2.651906307472218e-05
1.344199951171875 2.4307630692029214e-05
1.345199951171875 2.190629873621053e-05
1.346199951171875 1.9930238191990658e-05
1.347199951171875 1.826920172764837e-05
1.348199951171875 1.680896348110739e-05
1.349199951171875 1.4708571245269527e-05
1.350199951171875 1.375032113523831e-05
1.351199951171875 1.3228144075294329e-05
1.352199951171875 1.2002131228972374e-05
1.353199951171875 1.1122891779632093e-05
1.354199951171875 9.487920690573757e-06
1.3551999511718749 0.0
1.356199951171875 0.0
