Microns Throughput
1.6854000244140628 0.0
1.686400024414063 0.0
1.6874000244140626 8.751479491279953e-05
1.6884000244140625 9.442957173774104e-05
1.6894000244140626 0.00010199639596397444
1.6904000244140625 0.0001104511764467889
1.6914000244140626 0.00012002037554466753
1.6924000244140625 0.00013176519900452564
1.6934000244140626 0.00014458857428974306
1.6944000244140625 0.00015932111140568313
1.6954000244140626 0.0001753243743826653
1.6964000244140625 0.00019348495682542624
1.6974000244140626 0.000214665205491473
1.6984000244140625 0.00023857080023801305
1.6994000244140626 0.0002658115398758265
1.7004000244140625 0.00029771397377015085
1.7014000244140626 0.00033371485424848655
1.7024000244140625 0.00037550700953747635
1.7034000244140626 0.00042326304375800596
1.7044000244140625 0.0004778629630652909
1.7054000244140626 0.0005395967984235325
1.7064000244140625 0.000609179323325567
1.7074000244140626 0.0006886977649522211
1.7084000244140625 0.0007782849645286285
1.7094000244140626 0.0008795038774599054
1.7104000244140625 0.0009946537612586163
1.7114000244140626 0.001122731630552347
1.7124000244140625 0.001267711763904935
1.7134000244140626 0.0014311061957136104
1.7144000244140625 0.0016148869075704494
1.7154000244140626 0.0018232470445284797
1.7164000244140625 0.0020623673740556743
1.7174000244140626 0.0023350283615361047
1.7184000244140625 0.002644212175412937
1.7194000244140626 0.002999937008916317
1.7204000244140625 0.003409467316823628
1.7214000244140626 0.0038842925302042027
1.7224000244140625 0.004434200778674143
1.7234000244140626 0.005078500236080606
1.7244000244140625 0.005826917994155347
1.7254000244140626 0.006715181929183986
1.7264000244140625 0.0077645180445471895
1.7274000244140626 0.009019800291507276
1.7284000244140625 0.010526245977310684
1.7294000244140626 0.012325505820797975
1.7304000244140625 0.014465037059311485
1.7314000244140626 0.01698476763671558
1.7324000244140625 0.020017187576814085
1.7334000244140626 0.023317765533902857
1.7344000244140625 0.02669699131309827
1.7354000244140626 0.02962328286188988
1.7364000244140625 0.032535112143376635
1.7374000244140626 0.0353503472840129
1.7384000244140625 0.038732051313738046
1.7394000244140626 0.04244249586381927
1.7404000244140625 0.046919560051880506
1.7414000244140626 0.05231793879127184
1.7424000244140625 0.058375166174347
1.7434000244140626 0.06539223481031621
1.7444000244140625 0.07290095234899067
1.7454000244140624 0.08195469738157664
1.7464000244140625 0.09204384773308434
1.7474000244140624 0.10432429471436279
1.7484000244140625 0.11880043892902453
1.7494000244140624 0.1359724386886822
1.7504000244140625 0.15530956286256117
1.7514000244140624 0.17664783726469696
1.7524000244140625 0.19879628918754483
1.7534000244140624 0.22191178039398074
1.7544000244140625 0.24497953241894999
1.7554000244140624 0.2681176538644824
1.7564000244140625 0.28965041541213266
1.7574000244140624 0.30959531429708254
1.7584000244140623 0.327332241593843
1.7594000244140624 0.34321064371050425
1.7604000244140623 0.35676300369749125
1.7614000244140624 0.36955569375149006
1.7624000244140623 0.3818045809012746
1.7634000244140624 0.3931546642327264
1.7644000244140623 0.404205884204608
1.7654000244140624 0.4147417674378093
1.7664000244140623 0.425057806769568
1.7674000244140624 0.43404417211880464
1.7684000244140623 0.44232249082647157
1.7694000244140624 0.45017270147572613
1.7704000244140623 0.457486886324913
1.7714000244140624 0.4635446985106577
1.7724000244140623 0.46906783120749135
1.7734000244140624 0.47270938179594885
1.7744000244140623 0.47548484786262546
1.7754000244140624 0.4772298206589019
1.7764000244140623 0.4784190917524542
1.7774000244140624 0.479230690716599
1.7784000244140623 0.47918350813534466
1.7794000244140624 0.4798934651219269
1.7804000244140623 0.48037920775730225
1.7814000244140624 0.4808930980961313
1.7824000244140623 0.4807463064232104
1.7834000244140624 0.48126162586366994
1.7844000244140623 0.4816924533497695
1.7854000244140624 0.4823686438735475
1.7864000244140623 0.4824870011287962
1.7874000244140624 0.48312919447725816
1.7884000244140623 0.484646973984578
1.7894000244140624 0.48520167993931984
1.7904000244140623 0.4861158729134687
1.7914000244140624 0.48599337434730144
1.7924000244140623 0.48621395261846395
1.7934000244140624 0.4855408374404071
1.7944000244140623 0.48486768314412304
1.7954000244140624 0.48418835431692503
1.7964000244140623 0.4829304266221028
1.7974000244140624 0.48146859558196037
1.7984000244140623 0.48006217297896064
1.7994000244140624 0.4787218267270696
1.8004000244140623 0.4771579548400323
1.8014000244140624 0.47610754004417677
1.8024000244140623 0.4748874576641322
1.8034000244140624 0.47383117318751017
1.8044000244140623 0.4716401670923624
1.8054000244140624 0.4705020945015894
1.8064000244140623 0.469534282390629
1.8074000244140624 0.4693204724991472
1.8084000244140623 0.469023815607256
1.8094000244140624 0.46827557409880255
1.8104000244140623 0.46764999049461076
1.8114000244140624 0.46734380697970457
1.8124000244140623 0.4683827805831732
1.8134000244140625 0.468886705053998
1.8144000244140623 0.46987157606285423
1.8154000244140625 0.4699259696243459
1.8164000244140623 0.471167412139823
1.8174000244140625 0.47215424283520485
1.8184000244140623 0.4733962586640797
1.8194000244140625 0.47394060155165124
1.8204000244140623 0.474657270013711
1.8214000244140625 0.4757317838988622
1.8224000244140623 0.47725406504555157
1.8234000244140625 0.47774622999602234
1.8244000244140623 0.47879850736330215
1.8254000244140625 0.48015878199369355
1.8264000244140624 0.48149660572138253
1.8274000244140625 0.482081169755878
1.8284000244140624 0.4823062454239093
1.8294000244140625 0.48292542207151223
1.8304000244140624 0.4837301441043805
1.8314000244140625 0.48455063999018333
1.8324000244140624 0.48548403687209674
1.8334000244140625 0.4855098101535038
1.8344000244140624 0.485280847598683
1.8354000244140625 0.485084720499773
1.8364000244140624 0.48599907814565013
1.8374000244140625 0.48638998527216737
1.8384000244140624 0.48665947806330473
1.8394000244140625 0.48622139853644714
1.8404000244140624 0.4866464441979955
1.8414000244140625 0.4861080080015036
1.8424000244140624 0.4856621400796231
1.8434000244140625 0.4857254400060968
1.8444000244140624 0.4855176216431955
1.8454000244140625 0.4849945042708571
1.8464000244140624 0.48372973457101104
1.8474000244140625 0.4833025518142294
1.8484000244140624 0.4827533027200126
1.8494000244140625 0.4817369582439184
1.8504000244140624 0.48111956794961563
1.8514000244140625 0.48061586947817136
1.8524000244140624 0.4804754635626602
1.8534000244140625 0.4798497918764012
1.8544000244140624 0.47861152064388646
1.8554000244140625 0.47756084681988387
1.8564000244140624 0.47708355451463436
1.8574000244140625 0.4775477589052718
1.8584000244140624 0.47732598937740395
1.8594000244140625 0.47630629719129874
1.8604000244140624 0.4757443736974479
1.8614000244140625 0.4751088075793887
1.8624000244140624 0.4742399335683599
1.8634000244140625 0.4732193985898591
1.8644000244140624 0.47323410355891316
1.8654000244140625 0.47329132874143565
1.8664000244140624 0.47342188522723494
1.8674000244140625 0.4731645553293887
1.8684000244140624 0.4739465940310069
1.8694000244140625 0.4745246607914219
1.8704000244140624 0.47536208098393684
1.8714000244140625 0.4765869229306629
1.8724000244140624 0.47733520058407675
1.8734000244140625 0.4785240248511864
1.8744000244140624 0.47925521881630745
1.8754000244140625 0.4800256414455872
1.8764000244140624 0.48073516411052225
1.8774000244140625 0.48029621290711805
1.8784000244140624 0.4807923840512994
1.8794000244140625 0.4811991230454165
1.8804000244140624 0.48204134800549303
1.8814000244140625 0.48286856799041167
1.8824000244140624 0.4829309429678609
1.8834000244140623 0.4838225417859251
1.8844000244140624 0.4839562330888007
1.8854000244140623 0.48450404937045416
1.8864000244140624 0.4851745986000242
1.8874000244140623 0.4854831855583467
1.8884000244140624 0.4859940799058877
1.8894000244140623 0.48636094866811524
1.8904000244140624 0.4864333732487111
1.8914000244140623 0.4858249511601667
1.8924000244140624 0.48518567713504207
1.8934000244140623 0.4851035414071087
1.8944000244140624 0.4853026987175366
1.8954000244140623 0.48568575072823456
1.8964000244140624 0.48611975345045677
1.8974000244140623 0.4865056702440113
1.8984000244140624 0.48650903622455405
1.8994000244140623 0.4868935624763421
1.9004000244140624 0.4864825874839451
1.9014000244140623 0.4868539596723842
1.9024000244140624 0.4867604404183763
1.9034000244140623 0.4875080392092386
1.9044000244140624 0.48699410453023373
1.9054000244140623 0.4871593690342525
1.9064000244140624 0.48675357321571056
1.9074000244140623 0.48682642241532176
1.9084000244140624 0.48704469501643544
1.9094000244140623 0.48636768031752087
1.9104000244140624 0.4861709756352127
1.9114000244140623 0.4856933927543455
1.9124000244140624 0.486492302662358
1.9134000244140623 0.48710783978000566
1.9144000244140624 0.4871488431509761
1.9154000244140623 0.4866387876948709
1.9164000244140624 0.4857372647733591
1.9174000244140623 0.4862638330207643
1.9184000244140624 0.48614953118374826
1.9194000244140623 0.4858710438923746
1.9204000244140624 0.4845860028876011
1.9214000244140623 0.484635333866498
1.9224000244140624 0.4844697872468177
1.9234000244140623 0.4835560334204551
1.9244000244140624 0.4832012351818038
1.9254000244140623 0.48238542906770565
1.9264000244140624 0.4817711182207759
1.9274000244140623 0.4808032343774037
1.9284000244140624 0.48062130308663487
1.9294000244140623 0.4801925054927336
1.9304000244140624 0.4797635414644321
1.9314000244140623 0.4790293772218441
1.9324000244140624 0.47888567656921394
1.9334000244140623 0.4779838910832564
1.9344000244140624 0.4772173070494935
1.9354000244140623 0.4762804637488693
1.9364000244140624 0.4759034535212687
1.9374000244140623 0.4748286738677597
1.9384000244140625 0.47440870170816907
1.9394000244140623 0.47386027657095614
1.9404000244140625 0.4739876729304145
1.9414000244140623 0.47377168923080587
1.9424000244140625 0.4737981604899262
1.9434000244140623 0.4746266080649666
1.9444000244140625 0.4751769331353093
1.9454000244140623 0.47584362557740534
1.9464000244140625 0.4757468913327499
1.9474000244140623 0.476166039470435
1.9484000244140625 0.4764956282541084
1.9494000244140623 0.4765290305031376
1.9504000244140625 0.476818372405854
1.9514000244140624 0.4769428251162555
1.9524000244140625 0.4777849808469047
1.9534000244140624 0.4781029327689477
1.9544000244140625 0.4780404644620444
1.9554000244140624 0.4783394175050184
1.9564000244140625 0.47849192301791593
1.9574000244140624 0.47905135525163506
1.9584000244140625 0.4791280021287092
1.9594000244140624 0.478602634692374
1.9604000244140625 0.47881234926706767
1.9614000244140624 0.4786094506531857
1.9624000244140625 0.4793819540763444
1.9634000244140624 0.4786597501632842
1.9644000244140625 0.4787761757076488
1.9654000244140624 0.4782952472884737
1.9664000244140625 0.47782806153854895
1.9674000244140624 0.477386751213175
1.9684000244140625 0.477313269794336
1.9694000244140624 0.477261088445971
1.9704000244140625 0.47677564273347034
1.9714000244140624 0.4766556874706742
1.9724000244140625 0.4768032587423725
1.9734000244140624 0.47627734093168256
1.9744000244140625 0.4754379842612532
1.9754000244140624 0.47531845602084444
1.9764000244140625 0.4758313205516945
1.9774000244140624 0.4761904565184317
1.9784000244140625 0.4759990727071072
1.9794000244140624 0.47577435885741504
1.9804000244140625 0.47582811461416497
1.9814000244140624 0.4760408374378163
1.9824000244140625 0.47612934021649145
1.9834000244140624 0.4755958961677699
1.9844000244140625 0.4757298226429168
1.9854000244140624 0.4755182507025576
1.9864000244140625 0.47540723997056655
1.9874000244140624 0.4757855599595359
1.9884000244140625 0.4760585055387976
1.9894000244140624 0.4766926794632138
1.9904000244140625 0.47627998006277295
1.9914000244140624 0.4763576791832968
1.9924000244140625 0.4760249851812761
1.9934000244140624 0.4757088537866993
1.9944000244140625 0.47438634077622
1.9954000244140624 0.473032473600001
1.9964000244140625 0.4703894906738975
1.9974000244140624 0.46917251486330047
1.9984000244140625 0.47045910683280523
1.9994000244140624 0.4721445095732194
2.0004000244140623 0.4729180286695419
2.0014000244140626 0.473246380438675
2.0024000244140625 0.47422852366033774
2.0034000244140624 0.475429492946603
2.0044000244140623 0.4752696294302105
2.0054000244140626 0.474821103333611
2.0064000244140625 0.4739228439868986
2.0074000244140624 0.4735840460882895
2.0084000244140623 0.4727859132327063
2.009400024414062 0.4726382182602602
2.0104000244140625 0.47300015904135373
2.0114000244140624 0.47300208439108554
2.0124000244140623 0.47267257334225216
2.013400024414062 0.47244170999168733
2.0144000244140625 0.47313988637632115
2.0154000244140624 0.4736439346681739
2.0164000244140623 0.47378720747023456
2.017400024414062 0.4739907599954135
2.0184000244140625 0.47507179303162334
2.0194000244140624 0.4742227759015048
2.0204000244140623 0.47408839422305143
2.021400024414062 0.47314160292582225
2.0224000244140625 0.47403298526288135
2.0234000244140624 0.4747549141427313
2.0244000244140623 0.4758325281701714
2.025400024414062 0.47696581276762196
2.0264000244140625 0.4769927603665922
2.0274000244140624 0.47640661653553
2.0284000244140623 0.47620015988850883
2.029400024414062 0.47658080413453696
2.0304000244140625 0.47691311627286914
2.0314000244140624 0.47679422991955067
2.0324000244140623 0.47677453885543025
2.033400024414062 0.4769744618044924
2.0344000244140625 0.47670927695484594
2.0354000244140624 0.4762348242187679
2.0364000244140623 0.4757511739537173
2.037400024414062 0.4760127887041967
2.0384000244140625 0.47582149054204725
2.0394000244140624 0.4753803340561632
2.0404000244140623 0.47451529515196195
2.0414000244140627 0.47323219923727716
2.0424000244140625 0.4725276779661005
2.0434000244140624 0.4709890926786195
2.0444000244140623 0.47020796708726775
2.0454000244140627 0.46893321134821697
2.0464000244140625 0.46803774540652504
2.0474000244140624 0.4674794553373134
2.04839990234375 0.46624639395031137
2.04939990234375 0.46575350285661327
2.05039990234375 0.4652260287870137
2.05139990234375 0.46501875850056884
2.05239990234375 0.46454912180047003
2.05339990234375 0.46380787567999654
2.05439990234375 0.4636831724403275
2.05539990234375 0.46340989028007457
2.05639990234375 0.463049718495128
2.05739990234375 0.46261809250473446
2.05839990234375 0.4625988252642284
2.05939990234375 0.4627873981212355
2.06039990234375 0.4630600321172013
2.06139990234375 0.4636896246415936
2.06239990234375 0.4641908958256804
2.06339990234375 0.4646653797894309
2.06439990234375 0.4653434282844989
2.06539990234375 0.4653616509632297
2.06639990234375 0.4658729542266126
2.06739990234375 0.46651495273433813
2.06839990234375 0.46767677358722465
2.06939990234375 0.4683360531912602
2.07039990234375 0.4688426236288827
2.07139990234375 0.4697826010439288
2.07239990234375 0.47083237699424557
2.07339990234375 0.4718525288479957
2.07439990234375 0.4724171484491859
2.07539990234375 0.472932262084938
2.07639990234375 0.4727613291562073
2.07739990234375 0.4728094732089672
2.07839990234375 0.47278952666225627
2.07939990234375 0.4730124505163801
2.08039990234375 0.4730329085450801
2.08139990234375 0.47268719295526207
2.08239990234375 0.472509420970246
2.08339990234375 0.4721788949362203
2.08439990234375 0.47270179614586955
2.08539990234375 0.4725944175389828
2.08639990234375 0.4727936657337363
2.08739990234375 0.47199121514864656
2.08839990234375 0.4717996873581985
2.08939990234375 0.47109834604199635
2.09039990234375 0.4705255309972467
2.09139990234375 0.46906880567504305
2.09239990234375 0.46791876832399754
2.09339990234375 0.46772776426778045
2.09439990234375 0.46777669695477164
2.09539990234375 0.4677279972269578
2.09639990234375 0.46706167328932396
2.09739990234375 0.46645961593681734
2.09839990234375 0.4661126022511962
2.09939990234375 0.4656217987823511
2.10039990234375 0.46519245875500775
2.10139990234375 0.4649325581122218
2.10239990234375 0.46426647856926156
2.10339990234375 0.4643946713543812
2.10439990234375 0.4648415279447321
2.10539990234375 0.46481844355203467
2.10639990234375 0.46427497303913823
2.10739990234375 0.46298795690084543
2.10839990234375 0.46263293233038216
2.10939990234375 0.4619404474806447
2.11039990234375 0.46209740806064725
2.11139990234375 0.4608725910224455
2.11239990234375 0.46135106892397093
2.11339990234375 0.4603937822466162
2.11439990234375 0.46038402986167215
2.11539990234375 0.4591081432514819
2.11639990234375 0.45877801491330333
2.11739990234375 0.45937483700000287
2.11839990234375 0.4594390988720044
2.11939990234375 0.4589669118258625
2.12039990234375 0.45774557878608074
2.12139990234375 0.4573889269511005
2.12239990234375 0.45685736947088657
2.12339990234375 0.45624776120494714
2.12439990234375 0.45525142639613386
2.12539990234375 0.45458537984435904
2.12639990234375 0.4540544543909984
2.12739990234375 0.45360643724287797
2.12839990234375 0.4530526341581198
2.12939990234375 0.45279350735201324
2.13039990234375 0.452519151501458
2.13139990234375 0.4522819235942692
2.13239990234375 0.4525114494034772
2.13339990234375 0.4524033037175053
2.13439990234375 0.45198260054966
2.13539990234375 0.45147332775684157
2.13639990234375 0.45051902402585015
2.13739990234375 0.4505546685776565
2.13839990234375 0.4501914545572082
2.13939990234375 0.4506966335457101
2.14039990234375 0.450984516862302
2.14139990234375 0.4511872116780108
2.14239990234375 0.4511051306405685
2.14339990234375 0.45125035373131106
2.14439990234375 0.4521059730043836
2.14539990234375 0.4527800973406096
2.14639990234375 0.45291352296875903
2.14739990234375 0.45220808663786644
2.14839990234375 0.4521597229128698
2.14939990234375 0.4522301321444255
2.15039990234375 0.45250844835847276
2.15139990234375 0.45175084961680106
2.15239990234375 0.4513248938829701
2.15339990234375 0.45107691461020144
2.15439990234375 0.4507923057128489
2.15539990234375 0.449856526315486
2.15639990234375 0.4491712712303743
2.15739990234375 0.4495493675042112
2.15839990234375 0.4490230123986831
2.15939990234375 0.448513712841666
2.16039990234375 0.4471463863831461
2.16139990234375 0.4462484165791484
2.16239990234375 0.44461749728872085
2.16339990234375 0.44335091207117205
2.16439990234375 0.4427992380163547
2.16539990234375 0.4418314401177089
2.16639990234375 0.4410414165873811
2.16739990234375 0.43984040656745693
2.16839990234375 0.439274653098676
2.16939990234375 0.4377852488504869
2.17039990234375 0.4364031770343185
2.17139990234375 0.43521243303834994
2.17239990234375 0.43453025084778313
2.17339990234375 0.43385887028760667
2.17439990234375 0.4338189781528776
2.17539990234375 0.43319311001945865
2.17639990234375 0.43352252733188384
2.17739990234375 0.4326632557127895
2.17839990234375 0.4325627581370165
2.17939990234375 0.43174391587215166
2.18039990234375 0.4312095300852455
2.18139990234375 0.4305255834326698
2.18239990234375 0.42977865505745905
2.18339990234375 0.4298452106107067
2.18439990234375 0.4301827545804027
2.18539990234375 0.4312088910085325
2.18639990234375 0.43145336882875523
2.18739990234375 0.4311861363838539
2.18839990234375 0.4308193392342988
2.18939990234375 0.4310425870928651
2.19039990234375 0.43136929740994945
2.19139990234375 0.43178541259332176
2.19239990234375 0.431769661505433
2.19339990234375 0.431864443373841
2.19439990234375 0.4323002314703849
2.19539990234375 0.4324889411560484
2.19639990234375 0.43289765994732715
2.19739990234375 0.4333784548377958
2.19839990234375 0.4343693367597435
2.19939990234375 0.43514394584365557
2.20039990234375 0.4354977574318781
2.20139990234375 0.4354319080423277
2.20239990234375 0.436340536929995
2.20339990234375 0.436709198665153
2.20439990234375 0.43713018415663973
2.20539990234375 0.4367284777764109
2.20639990234375 0.4357717878783555
2.20739990234375 0.43425985784045873
2.20839990234375 0.4322117985985063
2.20939990234375 0.43008064101682825
2.21039990234375 0.42700750690595696
2.21139990234375 0.4233206556205988
2.21239990234375 0.418590871872777
2.21339990234375 0.4122129302189481
2.21439990234375 0.4045817455145057
2.21539990234375 0.3952023035741591
2.21639990234375 0.38497142994800226
2.21739990234375 0.37274639452180036
2.21839990234375 0.35930270228960626
2.21939990234375 0.34446248820698233
2.22039990234375 0.3284178594138356
2.22139990234375 0.31129039342098364
2.22239990234375 0.2931947674977562
2.22339990234375 0.2738549003077572
2.22439990234375 0.25389439647416684
2.22539990234375 0.23417272309124743
2.22639990234375 0.2153510444744694
2.22739990234375 0.19755238266671682
2.22839990234375 0.1808166875035949
2.22939990234375 0.16540360916041896
2.23039990234375 0.1510148757696553
2.23139990234375 0.1378407134370093
2.23239990234375 0.12577036691332108
2.23339990234375 0.11445633810050374
2.23439990234375 0.10395527404412659
2.23539990234375 0.09405993628071262
2.23639990234375 0.08479593236049443
2.23739990234375 0.07603794877047673
2.23839990234375 0.06785869643466232
2.23939990234375 0.060451244250699226
2.24039990234375 0.05361212401687115
2.24139990234375 0.0474177299434877
2.24239990234375 0.04188287571064853
2.24339990234375 0.036879220367642795
2.24439990234375 0.03234066906790334
2.24539990234375 0.028300967955556266
2.24639990234375 0.024721053877522867
2.24739990234375 0.021605522231127623
2.24839990234375 0.01886237437677988
2.24939990234375 0.016468310662229896
2.25039990234375 0.014362089830433683
2.25139990234375 0.012520360757877859
2.25239990234375 0.010926793909461427
2.25339990234375 0.009538047980272888
2.25439990234375 0.008327286360754619
2.25539990234375 0.007271234840486645
2.25639990234375 0.006334588291132997
2.25739990234375 0.0055339544790747345
2.25839990234375 0.004832046205186787
2.25939990234375 0.004227728292328939
2.26039990234375 0.0036923149932892797
2.26139990234375 0.0032333413824409698
2.26239990234375 0.0028327283408515966
2.26339990234375 0.002489094771267921
2.26439990234375 0.0021880244897095774
2.26539990234375 0.001927144048415387
2.26639990234375 0.0016966462776825716
2.26739990234375 0.0015023548337757097
2.26839990234375 0.0013331681353510453
2.26939990234375 0.0011884573584131873
2.27039990234375 0.001060412576386664
2.27139990234375 0.0009524501403751909
2.27239990234375 0.0008548092429063716
2.27339990234375 0.0007716074238957439
2.27439990234375 0.0006951058730812511
2.27539990234375 0.0006298227766032532
2.27639990234375 0.000569367801088284
2.27739990234375 0.0005185061511766427
2.27839990234375 0.000472278811922094
2.27939990234375 0.0004318121891968772
2.28039990234375 0.00039375108470745
2.28139990234375 0.0003602101509308417
2.28239990234375 0.0003292879031405434
2.28339990234375 0.00030370652797359
2.28439990234375 0.00027944314756651385
2.28539990234375 0.0002580622547659924
2.28639990234375 0.00023610218713233027
2.28739990234375 0.00021862806955159558
2.28839990234375 0.00020098991250383865
2.28939990234375 0.00018613977478145954
2.29039990234375 0.00017190180108716863
2.29139990234375 0.00015890071832185
2.29239990234375 0.00014686511677909893
2.29339990234375 0.00013493840274849994
2.29439990234375 0.00012528427903041997
2.29539990234375 0.00011621088777743512
2.29639990234375 0.00010914167715811535
2.29739990234375 0.00010093304535302738
2.29839990234375 9.501297908138575e-05
2.29939990234375 8.811688075739466e-05
2.30039990234375 8.256427049017346e-05
2.30139990234375 0.0
2.30239990234375 0.0
