Microns Throughput
0.398 0.0
0.399 0.0
0.4 0.0
0.401 0.0
0.402 0.0
0.403 0.0
0.404 0.0
0.405 0.0
0.406 0.0
0.407 0.0
0.408 0.0
0.409 0.0
0.41 0.0
0.411 0.0
0.412 0.0
0.413 0.0
0.414 0.0
0.415 0.0
0.416 0.0
0.417 0.0
0.418 0.0
0.419 0.0
0.42 0.0
0.421 0.0
0.422 0.0
0.423 0.0
0.424 0.0
0.425 0.0
0.426 0.0
0.427 0.0
0.428 0.0
0.429 0.0
0.43 0.0
0.431 0.0
0.432 0.0
0.433 0.0
0.434 0.0
0.435 0.0
0.436 0.0
0.437 0.0
0.438 0.0
0.439 0.0
0.44 0.0
0.441 0.0
0.442 0.0
0.443 0.0
0.444 0.0
0.445 0.0
0.446 0.0
0.447 0.0
0.448 0.0
0.449 0.0
0.45 0.0
0.451 0.0
0.452 0.0
0.453 0.0
0.454 0.0
0.455 0.0
0.456 0.0
0.457 0.0
0.458 0.0
0.459 0.0
0.46 0.0
0.461 0.0
0.462 0.0
0.463 0.0
0.464 0.0
0.465 0.0
0.466 0.0
0.467 0.0
0.468 0.0
0.469 0.0
0.47 0.0
0.471 0.0
0.472 0.0
0.473 0.0
0.474 0.0
0.475 0.0
0.476 0.0
0.477 0.0
0.478 0.0
0.479 0.0
0.48 0.0
0.481 0.0
0.482 0.0
0.483 0.0
0.484 0.0
0.485 0.0
0.486 0.0
0.487 0.0
0.488 0.0
0.489 0.0
0.49 0.0
0.491 0.0
0.492 0.0
0.493 0.0
0.494 0.0
0.495 0.0
0.496 0.0
0.497 0.0
0.498 0.0
0.499 0.0
0.5 0.0
0.501 0.0
0.502 0.0
0.503 0.0
0.504 0.0
0.505 0.0
0.506 0.0
0.507 0.0
0.508 0.0
0.509 0.0
0.51 0.0
0.511 0.0
0.512 0.0
0.513 0.0
0.514 0.0
0.515 0.0
0.516 0.0
0.517 0.0
0.518 0.0
0.519 0.0
0.52 0.0
0.521 0.0
0.522 0.0
0.523 0.0
0.524 0.0
0.525 1.9137681130470045e-07
0.526 8.098238726863907e-07
0.527 1.4053551294345066e-06
0.528 1.7786667880471272e-06
0.529 1.8279303495072565e-06
0.53 1.6857982750540877e-06
0.531 1.5727349154171357e-06
0.532 1.5393128843626997e-06
0.533 1.577651027926744e-06
0.534 1.6475121561798869e-06
0.535 1.8890828773676132e-06
0.536 2.327662472958677e-06
0.537 3.0834799219276007e-06
0.538 4.253153443603256e-06
0.539 6.465673541210615e-06
0.54 1.0066410319494492e-05
0.541 1.4304293492269573e-05
0.542 1.6672056446460335e-05
0.543 1.5914296722825798e-05
0.544 1.26859549953875e-05
0.545 9.202878964749184e-06
0.546 6.514648700317363e-06
0.547 4.977373378441385e-06
0.548 4.1450943201675356e-06
0.549 3.7296769199680196e-06
0.55 3.6881341773621435e-06
0.551 3.970529211291183e-06
0.552 4.378322995102594e-06
0.553 4.923871219892203e-06
0.554 5.562523736128259e-06
0.555 6.165706241532818e-06
0.556 6.3485842753261326e-06
0.557 6.421226442205771e-06
0.558 5.478963100314236e-06
0.559 3.853491334981513e-06
0.56 3.812779129277628e-06
0.561 4.314693117242583e-06
0.562 4.10511847545768e-06
0.563 3.8149062438781415e-06
0.564 4.216863101616875e-06
0.565 4.796205787396935e-06
0.566 5.298375247108147e-06
0.567 5.370689105770337e-06
0.568 5.6293215155616835e-06
0.569 5.903509385453524e-06
0.57 5.810398217349707e-06
0.571 6.127079240869696e-06
0.572 7.245405648783021e-06
0.573 8.61092406604566e-06
0.574 9.35168140999991e-06
0.575 1.0423200843844102e-05
0.576 1.25451896628655e-05
0.577 1.4375100173767438e-05
0.578 1.5109059025948683e-05
0.579 1.5804724441371898e-05
0.58 1.751772126367281e-05
0.581 2.1537685666429925e-05
0.582 2.902095452156245e-05
0.583 4.3559839620385114e-05
0.584 7.763632056468225e-05
0.585 0.000159538283330446
0.586 0.00029579806633801397
0.587 0.00039833633980914995
0.588 0.00037409723472464195
0.589 0.00024576774222231397
0.59 0.00013034481825423998
0.591 7.350739338137259e-05
0.592 5.1236167711557616e-05
0.593 3.9319716332205617e-05
0.594 3.2763873348106065e-05
0.595 3.20475034676081e-05
0.596 3.0011766605480025e-05
0.597 3.082870169281433e-05
0.598 3.346971575344176e-05
0.599 3.479345708775722e-05
0.6 3.775889427761714e-05
0.601 4.2135884895892613e-05
0.602 4.8916153597076177e-05
0.603 5.9687680409387496e-05
0.604 7.2726939649678e-05
0.605 8.438107341428399e-05
0.606 9.7110502020898e-05
0.607 0.000108451179415532
0.608 0.000111549710087972
0.609 0.000107826170299142
0.61 9.9421197959792e-05
0.611 8.801656633344798e-05
0.612 7.455842360790207e-05
0.613 6.343925573966419e-05
0.614 5.4318980159643266e-05
0.615 4.885849724050561e-05
0.616 4.4258727988090134e-05
0.617 4.174679509739565e-05
0.618 4.1267852783676245e-05
0.619 3.847326212233007e-05
0.62 3.580120225544779e-05
0.621 3.4164580733313455e-05
0.622 3.822495326653151e-05
0.623 4.1110034116006574e-05
0.624 4.578412862835706e-05
0.625 5.4492772341614017e-05
0.626 6.738335557102407e-05
0.627 8.802580932908599e-05
0.628 0.00012343630385955
0.629 0.000181816846215488
0.63 0.00027129798299017
0.631 0.00038309847325379196
0.632 0.0004664898730083719
0.633 0.00047137272613753195
0.634 0.00040116005461960795
0.635 0.000312047322036698
0.636 0.000242238949905014
0.637 0.000202114290530856
0.638 0.000182130868255884
0.639 0.000176098392914328
0.64 0.000186135709021098
0.641 0.000205740152229564
0.642 0.00023380064700655797
0.643 0.000263344033160558
0.644 0.000287327483540384
0.645 0.000290842713856692
0.646 0.000265248931967796
0.647 0.00022122255063494598
0.648 0.00017328699347026
0.649 0.00013779513748830998
0.65 0.00011183578510353599
0.651 9.2185539608776e-05
0.652 7.974453313540368e-05
0.653 7.680126966321064e-05
0.654 7.595997999012427e-05
0.655 7.830314539276675e-05
0.656 8.461828480909999e-05
0.657 9.9469751683762e-05
0.658 0.00011733504287326199
0.659 0.00014138180346040598
0.66 0.000170254084690918
0.661 0.00020024050868886996
0.662 0.000211518176637098
0.663 0.00020177222488840599
0.664 0.00018061154433635999
0.665 0.00015887079298844198
0.666 0.000136795383600668
0.667 0.00011809566272938999
0.668 0.000109290975063002
0.669 0.00010452288852376198
0.67 0.00010349553520535199
0.671 0.000104378332284222
0.672 0.000115768364116754
0.673 0.000134111119753292
0.674 0.000159270053106584
0.675 0.00018314985933852397
0.676 0.000206152733867052
0.677 0.00022007157021948598
0.678 0.00022556145783879798
0.679 0.00021574869219630002
0.68 0.00019256016033600797
0.681 0.00016002794041070198
0.682 0.00013518030902513
0.683 0.00012638129247406798
0.684 0.000122091684162954
0.685 0.00011728262980814
0.686 0.00011357325653291198
0.687 0.00011700815053795398
0.688 0.00012340847507420798
0.689 0.000128055773058738
0.69 0.00013768123752605
0.691 0.000146941259035118
0.692 0.00014805018059080999
0.693 0.000141040942589754
0.694 0.000130699250207876
0.695 0.00011773087130657401
0.696 0.00010093518799161398
0.697 8.9233926461898e-05
0.698 8.158811181066367e-05
0.699 7.574311345765948e-05
0.7 7.031333880876428e-05
0.701 6.38573470367189e-05
0.702 6.069821689204231e-05
0.703 6.405407014434975e-05
0.704 7.406023810298909e-05
0.705 8.658790315937799e-05
0.706 0.000102216787726124
0.707 0.00012021903877938599
0.708 0.00014297100128315198
0.709 0.000180595510027496
0.71 0.00025147001679251996
0.711 0.000368460978195766
0.712 0.0005450138199344
0.713 0.000785399253428556
0.714 0.00111010649191181
0.715 0.00144195246577928
0.716 0.0016410265196511419
0.717 0.001547756213819698
0.718 0.0012453233310169818
0.719 0.000906297410471878
0.72 0.000639210690302812
0.721 0.00044145181057059
0.722 0.000304882896638208
0.723 0.00022613064841145198
0.724 0.000165439350158794
0.725 0.00012584873003943398
0.726 0.000100618643357912
0.727 8.472693048220599e-05
0.728 6.842799482135542e-05
0.729 5.289863599604477e-05
0.73 4.8366452049654386e-05
0.731 4.608734527612647e-05
0.732 4.35501337010928e-05
0.733 3.979796338433079e-05
0.734 4.381716519355323e-05
0.735 4.553193599434792e-05
0.736 4.1083731068610786e-05
0.737 4.319870456717734e-05
0.738 5.2992001548636514e-05
0.739 6.674280996065123e-05
0.74 7.339340607228048e-05
0.741 9.1642840674442e-05
0.742 0.000120912196546468
0.743 0.000174269062166408
0.744 0.00025986983656396196
0.745 0.00039468489368355
0.746 0.000590187015565372
0.747 0.0008462380385564739
0.748 0.0011120216302656879
0.749 0.001303763658064858
0.75 0.001384484470364612
0.751 0.0014380221323173658
0.752 0.001683749609049268
0.753 0.002277565507976366
0.754 0.002935460877586974
0.755 0.002931336776622328
0.756 0.00207811033330099
0.757 0.0010249282174837199
0.758 0.000420527701870022
0.759 0.000206864625688776
0.76 0.000117884169507074
0.761 6.66027679526438e-05
0.762 3.9905261640407085e-05
0.763 3.2372014979388147e-05
0.764 2.2473130073440293e-05
0.765 1.2669417149482099e-05
0.766 1.2191227773422982e-05
0.767 1.3019554823441019e-05
0.768 1.277634902546106e-05
0.769 8.764254781696039e-06
0.77 9.09604700777108e-06
0.771 7.604557936367104e-06
0.772 9.586346343388408e-06
0.773 9.27589709630903e-06
0.774 4.172833653123436e-06
0.775 5.459888999277736e-06
0.776 7.90189735956507e-06
0.777 1.4393783894165567e-05
0.778 5.600337592328565e-06
0.779 6.502300466944387e-06
0.78 9.09709301082277e-06
0.781 1.3435954264501944e-05
0.782 7.654694285251291e-06
0.783 1.4799509464076725e-05
0.784 1.4821715197121718e-05
0.785 1.1441146847290229e-05
0.786 9.870483282118101e-06
0.787 1.53883606900716e-05
0.788 2.3927177361984823e-05
0.789 4.432602427554372e-05
0.79 8.6930028444282e-05
0.791 0.00013241096346679199
0.792 0.00015371789801966998
0.793 0.000126453243510926
0.794 8.4026697234014e-05
0.795 5.6273965937015325e-05
0.796 4.139366152785564e-05
0.797 -7.12044383693525e-05
0.798 0.000293205440612378
0.799 0.0008526648944829259
0.8 0.0018086893277228999
0.801 0.001331106003147734
0.802 0.001975411727263536
0.803 0.0017684794022222398
0.804 0.0018024974204324238
0.805 0.00037863303787948196
0.806 0.000145838809031766
0.807 0.0006623172906903399
0.808 0.0015153045272105758
0.809 0.001683298449032664
0.81 0.0008198246861699659
0.811 0.0010407358079275138
0.812 0.000970900896059918
0.813 0.001412746493810268
0.814 0.001346088568672856
0.815 0.001504223643734172
0.816 0.001053408727666012
0.817 0.0011828608148585578
0.818 0.001099581114759664
0.819 0.0008860015565718479
0.82 0.0012279050996796758
0.821 0.00199292256793747
0.822 0.0016673795305641537
0.823 0.00049764918304184
0.824 -0.00031317018823071995
0.825 0.00021053561760645196
0.826 0.0013220656704711119
0.827 0.0016332347986408
0.828 0.00072853923597226
0.829 4.5354230175200365e-06
0.83 0.00047342863236899795
0.831 0.0009103464088786599
0.832 0.0011717018911213178
0.833 0.0010293364945686918
0.834 0.001004014917744434
0.835 0.0009137033471270638
0.836 0.0009722913769900659
0.837 0.000904318051916584
0.838 0.001131114031805856
0.839 0.00116801029406644
0.84 0.0009416151261957399
0.841 0.00076782892404726
0.842 0.0009218831710929099
0.843 0.00080799935672801
0.844 0.00069614975020902
0.845 0.000628597331552754
0.846 0.0007844002134920359
0.847 0.001082920565566576
0.848 0.001196143971178188
0.849 0.000884673858920216
0.85 0.0007703746759671
0.851 0.000989533035968554
0.852 0.001146439845081492
0.853 0.0011678196561791519
0.854 0.00135799170343835
0.855 0.0009096040714906279
0.856 0.000510867552734968
0.857 0.00031818944076446597
0.858 0.0008216918449063099
0.859 0.0010291071710404659
0.86 0.001385776613225998
0.861 0.000911364178940628
0.862 0.000728001830315456
0.863 0.0005093031234163999
0.864 0.000936604053691468
0.865 0.000991891044375114
0.866 0.00110554391342858
0.867 0.000629554818158604
0.868 0.000769295055612776
0.869 0.0010336687466094118
0.87 0.001239462905766306
0.871 0.0009786497766547978
0.872 0.0011040432226459699
0.873 0.001108062147687724
0.874 0.0009606179945648279
0.875 0.000949078692049946
0.876 0.001056481459442774
0.877 0.0010819114135100219
0.878 0.001015271053873624
0.879 0.0009733665380638499
0.88 0.0008818176612549259
0.881 0.0007630363154262239
0.882 0.0007397208409181099
0.883 0.000781488193722816
0.884 0.000698468931935052
0.885 0.00057222151050299
0.886 0.000639573379145096
0.887 0.0007987709229369279
0.888 0.0006939383491717959
0.889 0.000571620266618318
0.89 0.0007320226131933259
0.891 0.0008475224762641619
0.892 0.0008258431761925
0.893 0.0008664939124426959
0.894 0.000963221385402902
0.895 0.000989778310115624
0.896 0.000980538913093462
0.897 0.0009273661365107598
0.898 0.0009077022425227199
0.899 0.000909929554760076
0.9 0.0009643531576693219
0.901 0.0010674693245700758
0.902 0.0011023493668010159
0.903 0.0010681777109182039
0.904 0.0010207632026010339
0.905 0.001013319570568726
0.906 0.000897478752649744
0.907 0.0007767992234240579
0.908 0.000799973222971372
0.909 0.0008544712932224479
0.91 0.000784460426557796
0.911 0.000662319677396034
0.912 0.0006872155722892079
0.913 0.0008160517008418939
0.914 0.000783239745229102
0.915 0.00068317570938902
0.916 0.0005481657404093859
0.917 0.00043589302033534996
0.918 0.000450921327719736
0.919 0.00057496322657387
0.92 0.000651241833134256
0.921 0.00061327215997394
0.922 0.000581186957583744
0.923 0.000659165098305978
0.924 0.000781305364013698
0.925 0.000871911551394998
0.926 0.0008816480157390979
0.927 0.001011763241309132
0.928 0.0011505048558245819
0.929 0.0012700960537026938
0.93 0.0013005011231619558
0.931 0.001389412381360368
0.932 0.001565906653392044
0.933 0.0017347082246456339
0.934 0.0018179166507318139
0.935 0.0018636627174058917
0.936 0.001963396374430648
0.937 0.002090219499097912
0.938 0.002191205223157838
0.939 0.002271165098675974
0.94 0.0022971569042127197
0.941 0.002293840582372908
0.942 0.002293550665374608
0.943 0.002335266915522654
0.944 0.002302968487324598
0.945 0.0022630921558379436
0.946 0.002211351243814354
0.947 0.002148146363444222
0.948 0.002057192175618566
0.949 0.001980466895257886
0.95 0.0018924090129945918
0.951 0.00179793134462853
0.952 0.0017451799573165998
0.953 0.0016773483097153818
0.954 0.0015747191509054659
0.955 0.001510398643560104
0.956 0.0014697306608024239
0.957 0.001419517728587936
0.958 0.0013694878647523398
0.959 0.001360100774039684
0.96 0.001355847029284486
0.961 0.001392982693715846
0.962 0.0014832427610926978
0.963 0.001594413405590962
0.964 0.0016604474933755017
0.965 0.0017797440756162819
0.966 0.0019587585242233077
0.967 0.002173293371562442
0.968 0.002401215304197732
0.969 0.002706272171797074
0.97 0.0031338936763830537
0.971 0.003616596573738364
0.972 0.004187177058881373
0.973 0.0048975183448829234
0.974 0.005777885424297688
0.975 0.006773198514406245
0.976 0.008049976768257652
0.977 0.009570069130570047
0.978 0.011369112467656973
0.979 0.013444715148961261
0.98 0.016073128860356136
0.981 0.018958300492307508
0.982 0.022375106735798674
0.983 0.026229583253422954
0.984 0.030612127041883177
0.985 0.03582669437721169
0.986 0.04130312137789399
0.987 0.04723935100107908
0.988 0.05355269708976135
0.989 0.06106298037690758
0.99 0.06890300312155616
0.991 0.07698909057815824
0.992 0.08657741425723
0.993 0.09584559729728173
0.994 0.10512792835133543
0.995 0.11445849510369024
0.996 0.12565702604278708
0.997 0.13671009613148002
0.998 0.1478898472151559
0.999 0.15889112474303171
1.0 0.16905945381080234
1.001 0.1789677605191062
1.002 0.18898432416443497
1.003 0.1991279951600396
1.004 0.2092932976407553
1.005 0.21838515229897046
1.006 0.22678928924611585
1.007 0.23382074669659705
1.008 0.24113538042991808
1.009 0.24778258973678077
1.01 0.2541443037428218
1.011 0.2606955691246293
1.012 0.26632288733588055
1.013 0.2715880236933596
1.014 0.276148897962815
1.015 0.2805747204685418
1.016 0.28347020328929967
1.017 0.28644941904387583
1.018 0.28999778621199246
1.019 0.29325959932974366
1.02 0.2965801847035925
1.021 0.29961828904816384
1.022 0.3021330576423763
1.023 0.303364210652935
1.024 0.3046137008953375
1.025 0.3053829679586685
1.026 0.3059677935457828
1.027 0.30708046848900716
1.028 0.3088415932847483
1.029 0.3104278947307257
1.03 0.31159114073208405
1.031 0.31282993879703724
1.032 0.3137100557358445
1.033 0.31410531072256065
1.034 0.31527659245645157
1.035 0.31625504376367125
1.036 0.31740438137944876
1.037 0.3186059200440897
1.038 0.31940874765801897
1.039 0.3193239686994424
1.04 0.3188993576954828
1.041 0.3190846941975275
1.042 0.3194773092258776
1.043 0.32095465632491815
1.044 0.32235889527873596
1.045 0.3226953899065789
1.046 0.32284445207501355
1.047 0.32320114986600806
1.048 0.3241140989031574
1.049 0.32420254641812374
1.05 0.32401760057749224
1.051 0.3239933682762058
1.052 0.3247893342626041
1.053 0.32604264978179937
1.054 0.32631229441658216
1.055 0.32587055435357865
1.056 0.3249012428096908
1.057 0.3246029174968879
1.058 0.32474965818502327
1.059 0.3250313179117286
1.06 0.32564680669128443
1.061 0.32592283429535723
1.062 0.32627205270264337
1.063 0.3264532225665263
1.064 0.3264119588475321
1.065 0.32613781925782526
1.066 0.32629012447802136
1.067 0.32717254923100325
1.068 0.32783592109723375
1.069 0.32840587955413103
1.07 0.3278223575304759
1.071 0.3274527357098722
1.072 0.3271700291259769
1.073 0.32773636396075234
1.074 0.32859444439463653
1.075 0.3299368235953158
1.076 0.33169005068282503
1.077 0.3331029676406829
1.078 0.33432989221408727
1.079 0.33510024080465417
1.08 0.336412752103137
1.081 0.3375776925306609
1.082 0.33830635579433904
1.083 0.3387184338999609
1.084 0.3394331814174761
1.085 0.34069088262938363
1.086 0.3419398935472171
1.087 0.34318688737374453
1.088 0.3435980544224644
1.089 0.343326496228316
1.09 0.3430435069847904
1.091 0.3442156552823329
1.092 0.34629177093843844
1.093 0.34756160239205514
1.094 0.34801782195353936
1.095 0.34771588596938635
1.096 0.34776788448685264
1.097 0.34784650196905015
1.098 0.34852612735227034
1.099 0.34934652261162824
1.1 0.35000952925818274
1.101 0.35077022372065203
1.102 0.35126422327840817
1.103 0.35145897559952577
1.104 0.3514387748022627
1.105 0.35140922730506413
1.106 0.3516442143793738
1.107 0.35219148379000614
1.108 0.35336405974663176
1.109 0.3534691512355553
1.11 0.3534391560711927
1.111 0.35342405998226906
1.112 0.3536613436040683
1.113 0.35355413867954233
1.114 0.35368583920770047
1.115 0.35443760867592183
1.116 0.3547238037172215
1.117 0.35508587865470775
1.118 0.3554130498609943
1.119 0.35546800171808474
1.12 0.3546457653388584
1.121 0.35384399154440793
1.122 0.3536880800693582
1.123 0.3532854451687665
1.124 0.3533107625291467
1.125 0.3540949179319084
1.126 0.3547322329483923
1.127 0.3543078434563179
1.128 0.35353523387736907
1.129 0.35317173122872686
1.13 0.353625586653292
1.131 0.3548815190257381
1.132 0.35550605880102376
1.133 0.35530375345011533
1.134 0.35502561034682156
1.135 0.35500895724499903
1.136 0.3555325071582317
1.137 0.3561262428126667
1.138 0.35676876368345173
1.139 0.3569961505592326
1.14 0.35806452315390613
1.141 0.35974809486082077
1.142 0.36150940423938493
1.143 0.3626400484969209
1.144 0.3627306529997794
1.145 0.3628397536744988
1.146 0.36358681210395555
1.147 0.36489364234682764
1.148 0.3665349177305635
1.149 0.3669596079643549
1.15 0.36735474675431934
1.151 0.367792208344053
1.152 0.36883071865531486
1.153 0.3693589786144546
1.154 0.3698083828515331
1.155 0.37050352966364775
1.156 0.37101646682575073
1.157 0.37214247536110723
1.158 0.3732083140763939
1.159 0.3741694352972486
1.16 0.3738645138819664
1.161 0.37366613664571224
1.162 0.37398038172918124
1.163 0.3750634664029832
1.164 0.37586598892687545
1.165 0.37650748883953894
1.166 0.37672102083154213
1.167 0.3766900587294487
1.168 0.3763044963363684
1.169 0.37651969761324056
1.17 0.3763889772673402
1.171 0.3761808277250151
1.172 0.375598017344575
1.173 0.37581914937283734
1.174 0.37548529939822106
1.175 0.3745904835063327
1.176 0.3727632615779202
1.177 0.3705842062368782
1.178 0.36859270571337505
1.179 0.3660096105678672
1.18 0.36304115956887434
1.181 0.3595879419015577
1.182 0.3549643314748022
1.183 0.3487964272496425
1.184 0.3407893235107131
1.185 0.33294439997199676
1.186 0.32403407868245143
1.187 0.31404723430380105
1.188 0.3028101554862699
1.189 0.292195953321647
1.19 0.2820093505506813
1.191 0.27065709594451093
1.192 0.25937909731914494
1.193 0.24859154947399492
1.194 0.23901123560647436
1.195 0.23078367951003126
1.196 0.22408120459975794
1.197 0.21925327303275183
1.198 0.21756121140570686
1.199 0.21824656755541527
1.2 0.21978106174731596
1.201 0.22234219178831668
1.202 0.22714634027365188
1.203 0.23421828989450438
1.204 0.24255092121715424
1.205 0.251659617812153
1.206 0.262233042015737
1.207 0.27314217821489173
1.208 0.2841780672264014
1.209 0.29559312068951926
1.21 0.30837832523737607
1.211 0.3201953566261236
1.212 0.33071581141994155
1.213 0.3410940191456535
1.214 0.3503116811771706
1.215 0.3581111714684893
1.216 0.3646402584078223
1.217 0.37098928112971397
1.218 0.3769137869793605
1.219 0.38149104353027097
1.22 0.3843409904647203
1.221 0.3859640043807401
1.222 0.3875287439015144
1.223 0.38922498905423863
1.224 0.38969347050998476
1.225 0.3900908094600653
1.226 0.39043125686407615
1.227 0.39136089634936255
1.228 0.3917628750522452
1.229 0.3917535820453947
1.23 0.3912325843438912
1.231 0.3906497377079426
1.232 0.3910443438586014
1.233 0.39182830137173397
1.234 0.3924143166971562
1.235 0.3924211013948174
1.236 0.3923807322610047
1.237 0.39271434312102155
1.238 0.39267836909003234
1.239 0.39254817070140213
1.24 0.39256256214627366
1.241 0.3932248221090082
1.242 0.39406451905557527
1.243 0.39450416288428775
1.244 0.39475156329353756
1.245 0.39422563261560456
1.246 0.3943108785200189
1.247 0.3941317330030313
1.248 0.3943758797466344
1.249 0.3948925145841239
1.25 0.39561223032819515
1.251 0.3959154317961189
1.252 0.39601286069761404
1.253 0.39634467174084026
1.254 0.39605034170985814
1.255 0.39607512348111645
1.256 0.3960077117052784
1.257 0.3960885647775117
1.258 0.396319779640571
1.259 0.39694713219623573
1.26 0.39756505472352094
1.261 0.397829830388456
1.262 0.39787666470639543
1.263 0.39770901163156147
1.264 0.39784458841504217
1.265 0.3985202979139744
1.266 0.3991623680846171
1.267 0.3997487593185471
1.268 0.39957408788274884
1.269 0.39913016580528665
1.27 0.39871399433362387
1.271 0.39901312781076015
1.272 0.3991972449425939
1.273 0.3992501301981266
1.274 0.3993696830879551
1.275 0.3995807003593309
1.276 0.39977361146472074
1.277 0.40013601121362197
1.278 0.4001321761497094
1.279 0.39951531695861187
1.28 0.3989704021087334
1.281 0.39943186470819825
1.282 0.399974002783164
1.283 0.4005626172117057
1.284 0.40077331083165707
1.285 0.40102683580139187
1.286 0.4006361940093455
1.287 0.4001286110169214
1.288 0.3998715808587859
1.289 0.39983935910187396
1.29 0.39962073965678896
1.291 0.39941657134031194
1.292 0.39978402762240284
1.293 0.4000464657368408
1.294 0.3997854246691127
1.295 0.3987303922792797
1.296 0.39785490226298287
1.297 0.39869573173020734
1.298 0.4005930139151328
1.299 0.40255725438456474
1.3 0.40286270376334893
1.301 0.40256664153271077
1.302 0.401459008684102
1.303 0.4010817302555857
1.304 0.40088231659283213
1.305 0.4013804228211677
1.306 0.4015410571133905
1.307 0.40181934139292597
1.308 0.40184048062518435
1.309 0.40247001393739523
1.31 0.4027556908128951
1.311 0.40354111794399017
1.312 0.40403224067433274
1.313 0.40450464837157896
1.314 0.4050042411737935
1.315 0.406377205560563
1.316 0.4074102412304355
1.317 0.4075285724214105
1.318 0.40721768680071113
1.319 0.40792002371101566
1.32 0.4087452812544332
1.321 0.40905270610921984
1.322 0.40846669009272624
1.323 0.4089407376499237
1.324 0.41003041395584994
1.325 0.41103128147304624
1.326 0.41098375468400755
1.327 0.4105317453224135
1.328 0.4100881708439874
1.329 0.4099264052803275
1.33 0.4107724623184617
1.331 0.4118713548408185
1.332 0.41271704014410254
1.333 0.4125644938174657
1.334 0.41197560747168455
1.335 0.4112874840975772
1.336 0.41155853482374877
1.337 0.4126188755271183
1.338 0.41333942946975655
1.339 0.41354321660940857
1.34 0.4138395582805576
1.341 0.4144407375861135
1.342 0.4151138719051681
1.343 0.4154138077753813
1.344 0.4153874788615356
1.345 0.41523914752202673
1.346 0.41538777265657667
1.347 0.41594749642060047
1.348 0.41725609501727573
1.349 0.418177292511289
1.35 0.4177604145151001
1.351 0.41687590909246863
1.352 0.4165209026901732
1.353 0.4168885561933998
1.354 0.41833452379744795
1.355 0.41924440317344464
1.356 0.419132248149009
1.357 0.4190002234784075
1.358 0.41962725476697904
1.359 0.4193580844612188
1.36 0.41838262204368504
1.361 0.41784923158084103
1.362 0.418587249208319
1.363 0.4196257653605919
1.364 0.42039754905007387
1.365 0.42008642739933366
1.366 0.4192106767212147
1.367 0.41743366866506204
1.368 0.4163237510330265
1.369 0.4161340684907961
1.37 0.4168618310857511
1.371 0.4170306137306845
1.372 0.41616850161099306
1.373 0.41435819085557823
1.374 0.4123810634124217
1.375 0.411307379420244
1.376 0.4109001220804972
1.377 0.4102775433270048
1.378 0.40893346934127506
1.379 0.4077231175256255
1.38 0.40706852506888536
1.381 0.4061379737120313
1.382 0.4050977527171101
1.383 0.4039044474951951
1.384 0.4027445070167518
1.385 0.4024516872370162
1.386 0.4031037342871638
1.387 0.4036154721748576
1.388 0.40314689690475264
1.389 0.40283284341801845
1.39 0.4029162534943666
1.391 0.40349474169306243
1.392 0.4035590894777181
1.393 0.40445998564395796
1.394 0.40575424855635706
1.395 0.40708096211654493
1.396 0.40707375969310355
1.397 0.4073131070043395
1.398 0.40806745843526376
1.399 0.40892748350410024
1.4 0.4096473904964275
1.401 0.4106043581916991
1.402 0.41143690667733246
1.403 0.41193101814273086
1.404 0.41260533350051487
1.405 0.41309020082294984
1.406 0.4128355217527715
1.407 0.4130859056399525
1.408 0.4141032872905705
1.409 0.41534794654660123
1.41 0.4160942004625835
1.411 0.4172622000677131
1.412 0.4186293836474024
1.413 0.41955056307736194
1.414 0.4199930982710832
1.415 0.4198011551030122
1.416 0.4204113806930185
1.417 0.42180993611148504
1.418 0.42300005869497787
1.419 0.42316741924404455
1.42 0.4222991826616526
1.421 0.4217530373072441
1.422 0.42061429107066955
1.423 0.4196706035769846
1.424 0.4178953966167985
1.425 0.41619605090394396
1.426 0.41429367649418336
1.427 0.4119457390613445
1.428 0.4085329017895099
1.429 0.4045267636995614
1.43 0.4007268331499828
1.431 0.3959745295783429
1.432 0.39057042207692105
1.433 0.38522652525347545
1.434 0.3796804008887036
1.435 0.3734787885437502
1.436 0.3662447154024562
1.437 0.3602818952754294
1.438 0.35301599949139134
1.439 0.3447437583442202
1.44 0.33531071156758274
1.441 0.32743213059544285
1.442 0.3198846923619742
1.443 0.3114188205654373
1.444 0.30241280272828935
1.445 0.2936629661032482
1.446 0.2850769557821269
1.447 0.2775204182807621
1.448 0.2707286791280525
1.449 0.2651689106176302
1.45 0.25956180715322674
1.451 0.2550200270255211
1.452 0.2509452053242887
1.453 0.24737421640423382
1.454 0.24529795120144618
1.455 0.24491925262622993
1.456 0.24600706141058387
1.457 0.24758665955834133
1.458 0.2506811643992018
1.459 0.2554015430438845
1.46 0.2615461175292056
1.461 0.2682552890351206
1.462 0.27545561124853657
1.463 0.28399756746698646
1.464 0.293677003129336
1.465 0.3056692015280545
1.466 0.3175211373244978
1.467 0.3296294086941632
1.468 0.3394394475242478
1.469 0.350041465346482
1.47 0.3605972901071518
1.471 0.3718079802133514
1.472 0.383285046958095
1.473 0.3936479028843131
1.474 0.40373075176423007
1.475 0.41126832705654304
1.476 0.41893285364870003
1.477 0.4243981441718909
1.478 0.4294161761197767
1.479 0.43337202695940935
1.48 0.4377629952767806
1.481 0.4410274449775095
1.482 0.44370838380448324
1.483 0.44607683942052745
1.484 0.44808744837963993
1.485 0.44831495415859535
1.486 0.44829748785395235
1.487 0.44766676854389953
1.488 0.4482617090896752
1.489 0.44901616589329035
1.49 0.45050740252773847
1.491 0.45121447622167266
1.492 0.4513748779095231
1.493 0.4509056305635364
1.494 0.44977417406400283
1.495 0.44909509264528547
1.496 0.44873874599825775
1.497 0.44993062732684314
1.498 0.4505595674836315
1.499 0.4512557898796901
1.5 0.4508321218719268
1.501 0.4508819595817018
1.502 0.4508290009630208
1.503 0.4506403102945098
1.504 0.4507119108113544
1.505 0.45178986417300326
1.506 0.4532475293409818
1.507 0.4534512269437659
1.508 0.4539582248237483
1.509 0.4544618096328303
1.51 0.454484919329515
1.511 0.4546316231207539
1.512 0.4549366181774429
1.513 0.45567251896194805
1.514 0.45638269159323047
1.515 0.4570908842495512
1.516 0.45781619168209486
1.517 0.4582381748699246
1.518 0.4581469103075675
1.519 0.4568732164574333
1.52 0.4562306559294172
1.521 0.45607377898614737
1.522 0.4566479241418088
1.523 0.4582586197563602
1.524 0.4594248872120239
1.525 0.459188162434916
1.526 0.4590703608661515
1.527 0.45916664815952135
1.528 0.4604002397948955
1.529 0.46066621137269037
1.53 0.4614422060702941
1.531 0.4614600012265892
1.532 0.46225933745770403
1.533 0.46233672362499634
1.534 0.4618950857974769
1.535 0.46164757256766137
1.536 0.461541039886945
1.537 0.4620543587283668
1.538 0.46299344409778515
1.539 0.4638856302827945
1.54 0.46398958855669903
1.541 0.46368467439021616
1.542 0.4632476246381118
1.543 0.46185651890050905
1.544 0.4610711848614557
1.545 0.46086896509283687
1.546 0.4623254794023358
1.547 0.46266997833542084
1.548 0.4632719879181855
1.549 0.46311038263387816
1.55 0.46286305962383445
1.551 0.46214730122203074
1.552 0.46224246043340245
1.553 0.4630151244195437
1.554 0.4633795988167162
1.555 0.46442096839733077
1.556 0.4652927762725877
1.557 0.4650922510398005
1.558 0.4637658694256687
1.559 0.4626603999392356
1.56 0.4627901553024046
1.561 0.4634382953515514
1.562 0.46410212099536585
1.563 0.46480390794655807
1.564 0.46588007241698853
1.565 0.46585713709409515
1.566 0.4641352284561151
1.567 0.46294577370618045
1.568 0.4625695336567619
1.569 0.46285516644738417
1.57 0.4630692506149022
1.571 0.46344850154818423
1.572 0.46421935332225744
1.573 0.4642933839575127
1.574 0.46381845894326224
1.575 0.4628738338744266
1.576 0.462737723253508
1.577 0.4629392983654488
1.578 0.4634426076045856
1.579 0.4643278536642441
1.58 0.46519188843577025
1.581 0.46576381915478293
1.582 0.463854256877927
1.583 0.4625283035330261
1.584 0.4627042975032171
1.585 0.4639214282478709
1.586 0.4631444279431158
1.587 0.4624760407660507
1.588 0.46258599290143754
1.589 0.4620940541816644
1.59 0.46161042179329814
1.591 0.4605785210938325
1.592 0.46076598409409025
1.593 0.46101558063057124
1.594 0.46138280211447
1.595 0.46142386538003743
1.596 0.4615444090951779
1.597 0.4624251529730784
1.598 0.46181395266571024
1.599 0.46133625201101236
1.6 0.46094392705835374
1.601 0.46139039332111353
1.602 0.46266376015796795
1.603 0.46458879734126235
1.604 0.4665111466320461
1.605 0.4657243596679593
1.606 0.46473985485671765
1.607 0.4637157870164943
1.608 0.4634969492077234
1.609 0.46378227212064815
1.61 0.464705747675204
1.611 0.4653389941077848
1.612 0.4644983981934764
1.613 0.4648380582239472
1.614 0.4657281572565569
1.615 0.4657823389262323
1.616 0.4644227619920074
1.617 0.4639106011984989
1.618 0.4647701839947951
1.619 0.4662947942705094
1.62 0.4672805675743343
1.621 0.46745157049059083
1.622 0.4664451806001053
1.623 0.4656390600112176
1.624 0.4649973891796663
1.625 0.4664312733042245
1.626 0.46844034671546547
1.627 0.4701406288787289
1.628 0.47005076640948984
1.629 0.47109586302451795
1.63 0.47099376452174807
1.631 0.4688170368008147
1.632 0.4672177861200594
1.633 0.4674926627221241
1.634 0.4689114372928684
1.635 0.4697854534285532
1.636 0.4713817822018783
1.637 0.4710889029517379
1.638 0.47045485754006094
1.639 0.469219587642906
1.64 0.46936890781092483
1.641 0.4701408145077
1.642 0.4709321174068678
1.643 0.47039741941531577
1.644 0.4702874820553303
1.645 0.4699623978450517
1.646 0.46993269329698795
1.647 0.46942323923537205
1.648 0.46951796054075784
1.649 0.4685979679389591
1.65 0.46897246834281703
1.651 0.47011383424264763
1.652 0.4714908438349932
1.653 0.47128115477412585
1.654 0.4700227787188783
1.655 0.46935704333437805
1.656 0.4689135776901866
1.657 0.46869245521700614
1.658 0.46852444098667173
1.659 0.46933511263925226
1.66 0.4698166209796072
1.661 0.46921936304117806
1.662 0.468361686367146
1.663 0.46793979943138114
1.664 0.46660633171736476
1.665 0.4657448429555468
1.666 0.4654270314983832
1.667 0.46598383043965974
1.668 0.46533806866694827
1.669 0.464699060838434
1.67 0.4627692480183062
1.671 0.4608539752951981
1.672 0.4587409951828522
1.673 0.45897183709744566
1.674 0.4608831704464461
1.675 0.46276257056717257
1.676 0.4640800197338688
1.677 0.46442603634079654
1.678 0.46459136755919755
1.679 0.46518501151828956
1.68 0.46716629743067695
1.681 0.46750745687874845
1.682 0.46700501199195293
1.683 0.4680278796287467
1.684 0.4697303738954431
1.685 0.4717078036152829
1.686 0.471969267755504
1.687 0.47136468170797197
1.688 0.47062874787298675
1.689 0.4715443715187597
1.69 0.4713684525101089
1.691 0.471980384585758
1.692 0.4726425450947287
1.693 0.47390931602446773
1.694 0.4734000664086339
1.695 0.47304837094384034
1.696 0.47139255092874943
1.697 0.4714185365529569
1.698 0.4710982563441381
1.699 0.47142809604126973
1.7 0.4717809527604
1.701 0.47299066909600906
1.702 0.47270001586915594
1.703 0.4710187974048641
1.704 0.46913902965147186
1.705 0.4680464883852805
1.706 0.4681819020369732
1.707 0.4683674351152375
1.708 0.4683576889995657
1.709 0.46822284934279734
1.71 0.46737408250250606
1.711 0.46675402397715215
1.712 0.4656554399463029
1.713 0.4644280179207785
1.714 0.4636606639059066
1.715 0.4640055242029142
1.716 0.46480959045117687
1.717 0.46508092780857957
1.718 0.46648345108294464
1.719 0.4665599154346583
1.72 0.46627609550301946
1.721 0.4650749707583664
1.722 0.466134480467682
1.723 0.46710552420104307
1.724 0.46794660691145074
1.725 0.46922279606977335
1.726 0.4710137926905046
1.727 0.4723324597158312
1.728 0.4708263767508778
1.729 0.46948216302916446
1.73 0.46826036474834987
1.731 0.46886758224151776
1.732 0.4694511969943622
1.733 0.47014679277554183
1.734 0.4702530776455896
1.735 0.4697318012678384
1.736 0.4694121097402507
1.737 0.4694090890186594
1.738 0.4700805842518443
1.739 0.4705960286851126
1.74 0.4711758052644673
1.741 0.4713123417325948
1.742 0.47174876754924927
1.743 0.47276579311598
1.744 0.47254388373661577
1.745 0.47185620185777133
1.746 0.47120781671571704
1.747 0.4712315544558014
1.748 0.47136789218473246
1.749 0.47248635778171205
1.75 0.4743928316944992
1.751 0.4747297835814639
1.752 0.47351335024467855
1.753 0.4726079683300074
1.754 0.4720103388573817
1.755 0.4724662566394258
1.756 0.4728103299859425
1.757 0.47372548330338166
1.758 0.4731321349832778
1.759 0.473325157705954
1.76 0.47314951294482543
1.761 0.47222819723171666
1.762 0.47078117439516354
1.763 0.4705301974824237
1.764 0.47133259850992243
1.765 0.4723406316763791
1.766 0.47300484011491867
1.767 0.4731775013134332
1.768 0.4717277528372557
1.769 0.4706292927157882
1.77 0.4694669211991787
1.771 0.4699664594105556
1.772 0.4700414741691188
1.773 0.4694680045642918
1.774 0.4699343697000349
1.775 0.4722058809495757
1.776 0.47686611550679875
1.777 0.4749722579277916
1.778 0.47121324120413066
1.779 0.4681017007868359
1.78 0.4703454554201808
1.781 0.47157880249630496
1.782 0.47300969079960603
1.783 0.47421568011174303
1.784 0.474283844696512
1.785 0.473152027389841
1.786 0.47250191749118214
1.787 0.47291088551796995
1.788 0.47374016798016433
1.789 0.4746510665260486
1.79 0.4752067027155268
1.791 0.4753095234012344
1.792 0.4746760923139767
1.793 0.47342417884626875
1.794 0.47269774747524745
1.795 0.47262896731790344
1.796 0.47198155012482923
1.797 0.47197205120245145
1.798 0.4729529887515338
1.799 0.47466839712132847
1.8 0.4747035353197655
1.801 0.47453246363970186
1.802 0.47422455781838674
1.803 0.4738749681243587
1.804 0.4738105278299483
1.805 0.47412862484495355
1.806 0.4753404027608773
1.807 0.4756094749869325
1.808 0.47585054525693493
1.809 0.4754381832072568
1.81 0.47524230558583413
1.811 0.47494262334848925
1.812 0.4749874116448409
1.813 0.47586524622019744
1.814 0.4772599394355529
1.815 0.4781450993806751
1.816 0.4779051867421972
1.817 0.47737867888525226
1.818 0.47621996082913676
1.819 0.47456225942550045
1.82 0.4734255121489902
1.821 0.4733707941279165
1.822 0.4741536280525514
1.823 0.4744937255283457
1.824 0.4747043318768009
1.825 0.4742793582474339
1.826 0.4735932025307474
1.827 0.47265364535857335
1.828 0.47240639917920535
1.829 0.47222471819606904
1.83 0.47266011216060344
1.831 0.47350714605084043
1.832 0.4747382662345912
1.833 0.47444852908270463
1.834 0.4735292988071605
1.835 0.4730956460166336
1.836 0.47310320871187966
1.837 0.47319221734493944
1.838 0.47379570201667087
1.839 0.4757640490660313
1.84 0.47603241970628857
1.841 0.4749866301080211
1.842 0.4731280396931415
1.843 0.4720911539157234
1.844 0.4718602107407245
1.845 0.4727632756671161
1.846 0.4740273774611961
1.847 0.47445344362576164
1.848 0.4745447825624574
1.849 0.4736516703010924
1.85 0.47272261169090735
1.851 0.4716234963934508
1.852 0.47122310730383765
1.853 0.4714772917057452
1.854 0.472293774815563
1.855 0.4731263173563739
1.856 0.47278845999079183
1.857 0.47180757708702203
1.858 0.4705550863347025
1.859 0.4701977164953324
1.86 0.4700815085661499
1.861 0.4698175704646918
1.862 0.47062306224448
1.863 0.471734721694006
1.864 0.4730926759183416
1.865 0.4728865176700253
1.866 0.47169228476912856
1.867 0.47009785124230596
1.868 0.4698928484074613
1.869 0.47155575080775597
1.87 0.472243591136839
1.871 0.47256433913303775
1.872 0.47224801011365086
1.873 0.47333129306111815
1.874 0.47357851942887175
1.875 0.47348798148547555
1.876 0.4728409872855688
1.877 0.4731606854747053
1.878 0.47369960480196854
1.879 0.47443306651757094
1.88 0.47491683940488966
1.881 0.47397338441365505
1.882 0.4719206487552058
1.883 0.47030246121870617
1.884 0.46972794580009375
1.885 0.47033140864231526
1.886 0.47106213025987265
1.887 0.47176203031814634
1.888 0.47142672865462293
1.889 0.47102007395752665
1.89 0.47000295118900054
1.891 0.4688796020611137
1.892 0.4685273047166282
1.893 0.4683148202516313
1.894 0.46830903644660316
1.895 0.4686915582154437
1.896 0.46970537831166614
1.897 0.47038258634995556
1.898 0.46946294533279925
1.899 0.4682894096308539
1.9 0.4674496039925623
1.901 0.4682912891438323
1.902 0.46864542726961944
1.903 0.4686602325258953
1.904 0.4687427520753482
1.905 0.46869020670793726
1.906 0.4677617786966679
1.907 0.46640625816574216
1.908 0.4663131164832245
1.909 0.46717299825285935
1.91 0.4683277015129565
1.911 0.4693256788803844
1.912 0.46932550294133507
1.913 0.4694456520147244
1.914 0.4686390512084095
1.915 0.4675958506403017
1.916 0.4660744149562727
1.917 0.46574080056051437
1.918 0.46683680992435467
1.919 0.4673826584554788
1.92 0.467636127908794
1.921 0.46684407279434226
1.922 0.4666333333834502
1.923 0.4657591081288606
1.924 0.4648427101921935
1.925 0.46380824196240356
1.926 0.4634317614795933
1.927 0.4638431745310916
1.928 0.4640839537847033
1.929 0.46400820896139044
1.93 0.46337652633528204
1.931 0.4623711210869906
1.932 0.4608718312496637
1.933 0.45936331623516075
1.934 0.4597388753694558
1.935 0.4607393926184461
1.936 0.461783330134751
1.937 0.46148882469389096
1.938 0.4616097983081802
1.939 0.4610426470792907
1.94 0.46069000973371693
1.941 0.4604368885326859
1.942 0.4610179283399715
1.943 0.46236506460719956
1.944 0.4635186083721998
1.945 0.464447605359878
1.946 0.4646354898156474
1.947 0.46415207280244813
1.948 0.46287393449403424
1.949 0.4618230129131548
1.95 0.46213456072397385
1.951 0.4632771490181928
1.952 0.4641570687058088
1.953 0.46406541559909664
1.954 0.4638851979165114
1.955 0.463583650099977
1.956 0.4631496868999068
1.957 0.4628254253517571
1.958 0.46274002946974097
1.959 0.4626800797255996
1.96 0.46293313162775496
1.961 0.4629149009726012
1.962 0.46314568437713877
1.963 0.4628131545033988
1.964 0.4625137143137367
1.965 0.4616397290401991
1.966 0.4619656280859053
1.967 0.4629286144500932
1.968 0.4630250898894978
1.969 0.46245384138065876
1.97 0.4613818954891902
1.971 0.4613912231614666
1.972 0.46091665702118956
1.973 0.46100544579326896
1.974 0.46054749669539
1.975 0.4607729675451284
1.976 0.46106293190330633
1.977 0.4613583167815487
1.978 0.4619058632439585
1.979 0.46201625598576085
1.98 0.46180918406190885
1.981 0.4609662352757041
1.982 0.4607331329475385
1.983 0.46097507229993767
1.984 0.4611909322042483
1.985 0.4617841717402011
1.986 0.46215528445168186
1.987 0.4627908944635631
1.988 0.4623163700769069
1.989 0.461945728079937
1.99 0.4613648365644832
1.991 0.46146515964422596
1.992 0.4614325735252835
1.993 0.4606128702199903
1.994 0.4591778559446202
1.995 0.45660676535497174
1.996 0.4538217957594509
1.997 0.45121946059110024
1.998 0.4527662100163463
1.999 0.4549478967570301
2.0 0.4563645939301782
2.001 0.4562634724506131
2.002 0.45618979670705667
2.003 0.4558379279830621
2.004 0.4551825116159466
2.005 0.45560423836218045
2.006 0.4557663336396063
2.007 0.45679134899210405
2.008 0.45695061263909614
2.009 0.45666551266056254
2.01 0.4559758607288188
2.011 0.4550363281089358
2.012 0.45467021972130583
2.013 0.45479965449701004
2.014 0.4553787139501404
2.015 0.4548549005224228
2.016 0.4543833457991974
2.017 0.4544842556562998
2.018 0.4545096752746859
2.019 0.45379871643679925
2.02 0.4524828681538821
2.021 0.45250728444909505
2.022 0.4539115599688204
2.023 0.45468774848955695
2.024 0.4538578929844278
2.025 0.45242515446878073
2.026 0.45219183680187747
2.027 0.45169306209734283
2.028 0.4512700205130722
2.029 0.45056597119151376
2.03 0.45134082467680064
2.031 0.4524390551471604
2.032 0.45277093212532143
2.033 0.45187167315477145
2.034 0.4510046775676211
2.035 0.45096654711978496
2.036 0.4507905082319135
2.037 0.4504130299430016
2.038 0.45030449716055754
2.039 0.4498671950545103
2.04 0.44884004521928683
2.041 0.4475580835058266
2.042 0.4469468624561967
2.043 0.4469019523626153
2.044 0.4466698613980817
2.045 0.4463681787010081
2.046 0.44568744702086033
2.047 0.44576383542453824
2.048 0.44551535650498164
2.049 0.44514456717932965
2.05 0.4446956712076195
2.051 0.4439739588070777
2.052 0.44315106988489067
2.053 0.44202316393256463
2.054 0.44259585198865353
2.055 0.44293066613676085
2.056 0.4437212555365356
2.057 0.4439014616399647
2.058 0.4447890433963572
2.059 0.44505795017158
2.06 0.44432330070029313
2.061 0.44376466514677204
2.062 0.4436327584394917
2.063 0.44487810203176825
2.064 0.444955476183097
2.065 0.44461190471779016
2.066 0.4440444871512758
2.067 0.4432599716600156
2.068 0.443165333548691
2.069 0.44279478271172734
2.07 0.4436964595601807
2.071 0.4444197145682827
2.072 0.4459557729101712
2.073 0.4463235480900551
2.074 0.44645617623648226
2.075 0.4472230936821941
2.076 0.4471746098056899
2.077 0.4461094926836765
2.078 0.4444803397514506
2.079 0.4449986175834629
2.08 0.446380317900121
2.081 0.4471983367794667
2.082 0.4473742827584611
2.083 0.4472286485545859
2.084 0.4477194439634299
2.085 0.4468351223294979
2.086 0.44716735861809426
2.087 0.4471600712003533
2.088 0.44808949796803443
2.089 0.4467092141103427
2.09 0.44500341610029226
2.091 0.44382170109599495
2.092 0.44424874689283994
2.093 0.44506557524205287
2.094 0.444302952835168
2.095 0.44309071517490684
2.096 0.44257859684089856
2.097 0.443605617386513
2.098 0.44450920320911835
2.099 0.44426359748110766
2.1 0.4433784485569169
2.101 0.44286452628415174
2.102 0.4425052903409407
2.103 0.44187704580533943
2.104 0.44132137530740445
2.105 0.44193290835539983
2.106 0.4422881333020382
2.107 0.44213523204406785
2.108 0.44172161239983004
2.109 0.44202777734340865
2.11 0.4424459811073473
2.111 0.4415115592270527
2.112 0.44037980925115533
2.113 0.4404478132318434
2.114 0.44128237424303124
2.115 0.44084409370432
2.116 0.44028553313229657
2.117 0.4401552320150924
2.118 0.44045684600336676
2.119 0.4409033779474134
2.12 0.44143980905493013
2.121 0.4418935602465686
2.122 0.4415698463241452
2.123 0.44063892008623673
2.124 0.4401487685728627
2.125 0.44089521788980734
2.126 0.44189548129357564
2.127 0.44102835939062796
2.128 0.4397126791303527
2.129 0.4389144174209766
2.13 0.4396943551290132
2.131 0.4403353057843064
2.132 0.43989661426911475
2.133 0.43887885604391336
2.134 0.4374501864639649
2.135 0.4371731596489477
2.136 0.43658080351536116
2.137 0.43595500830718836
2.138 0.4346492019913009
2.139 0.4333671710805001
2.14 0.43195343755747023
2.141 0.430927470356488
2.142 0.43109525599600845
2.143 0.4307622979256861
2.144 0.43028162485913296
2.145 0.42914344982770136
2.146 0.428884897674442
2.147 0.4288311337164712
2.148 0.428933650159394
2.149 0.4289033567458512
2.15 0.4283133709470086
2.151 0.42731998663520443
2.152 0.4258054055429608
2.153 0.4248886312539873
2.154 0.4244385429110795
2.155 0.42441613411911877
2.156 0.42470109439248394
2.157 0.42365960314946116
2.158 0.42272524213526036
2.159 0.4228087315985469
2.16 0.423306129252503
2.161 0.42271456735531043
2.162 0.4215669942319636
2.163 0.42129063739019273
2.164 0.4201597629482179
2.165 0.41860436626059855
2.166 0.4170956921802795
2.167 0.4170003975094552
2.168 0.4170653923230015
2.169 0.4160356308182595
2.17 0.41500003861720836
2.171 0.41427897040949774
2.172 0.4142259573775567
2.173 0.41380607791274204
2.174 0.4135585433624449
2.175 0.41258946879948144
2.176 0.4105116156298511
2.177 0.40809635561011864
2.178 0.40567944670175626
2.179 0.40397283068329876
2.18 0.4021149295545862
2.181 0.40068572659048785
2.182 0.39966521550239703
2.183 0.39838615189565996
2.184 0.3960706217032264
2.185 0.39288210998313305
2.186 0.3903850703826993
2.187 0.38749966314106166
2.188 0.3860902603853566
2.189 0.38346402001721036
2.19 0.3820295771899119
2.191 0.37888167977752557
2.192 0.3769737559664151
2.193 0.37389362572784884
2.194 0.3716276616815219
2.195 0.3684320710530564
2.196 0.3660644325129892
2.197 0.36331430487193106
2.198 0.3600978912323546
2.199 0.3566051669200186
2.2 0.3541467544236479
2.201 0.3509928473125448
2.202 0.34736378997871215
2.203 0.34331912458857705
2.204 0.3402883163139178
2.205 0.33799320186524834
2.206 0.3363770631402811
2.207 0.33449561180674303
2.208 0.33215448337615683
2.209 0.32953636167295786
2.21 0.32725391010138793
2.211 0.3260690203360684
2.212 0.32591509248304107
2.213 0.3258616996433067
2.214 0.3253153888050139
2.215 0.3243760998789797
2.216 0.3243583753879231
2.217 0.32509854488627793
2.218 0.3260209877349849
2.219 0.3264451169528659
2.22 0.32711310610631505
2.221 0.32807925038111896
2.222 0.3286604080509851
2.223 0.329906733976117
2.224 0.3311897357852884
2.225 0.33204539927679916
2.226 0.33193290149859644
2.227 0.3320771271139718
2.228 0.3324679051122564
2.229 0.3333295351389659
2.23 0.3343442387995497
2.231 0.3347387402959283
2.232 0.3348641599058107
2.233 0.3354175436169941
2.234 0.33613428511555404
2.235 0.3366185967480888
2.236 0.3370020007256053
2.237 0.33712543319546395
2.238 0.33713857426704763
2.239 0.3378662717667241
2.24 0.33873961076083037
2.241 0.3382745478632259
2.242 0.33699521865045623
2.243 0.33633790928703083
2.244 0.33717925542364097
2.245 0.3383963918198567
2.246 0.33928099628404984
2.247 0.3392440618422233
2.248 0.3381272131178618
2.249 0.3376781272029976
2.25 0.3378149236534106
2.251 0.3386375671953281
2.252 0.33833363129687594
2.253 0.33770582025181545
2.254 0.33724458483510145
2.255 0.3375313380415811
2.256 0.338157594495086
2.257 0.33788978219113003
2.258 0.33763039844652226
2.259 0.3373649390449378
2.26 0.33748945755496534
2.261 0.33739991355548743
2.262 0.337909235658572
2.263 0.3378301758739276
2.264 0.3371694509839631
2.265 0.33648141487435773
2.266 0.3369846677542362
2.267 0.3375419607532423
2.268 0.3380365762204985
2.269 0.33895771605157515
2.27 0.3407424663008385
2.271 0.34272522259334465
2.272 0.3448764165023895
2.273 0.34620893940962916
2.274 0.3471356267709333
2.275 0.34807861450751665
2.276 0.3495031549270743
2.277 0.3509665446855725
2.278 0.35198465797128065
2.279 0.35286440135595704
2.28 0.3532182380952346
2.281 0.35380842999213624
2.282 0.35506319729785774
2.283 0.357127157874376
2.284 0.3588278392862703
2.285 0.3591082452739361
2.286 0.35934396807986496
2.287 0.35998127849843475
2.288 0.36126609582284136
2.289 0.3622053941209567
2.29 0.36289578854921845
2.291 0.36296377239906724
2.292 0.362882962952423
2.293 0.3635833128006899
2.294 0.3650961567866531
2.295 0.36656299954886695
2.296 0.3667672984887731
2.297 0.366709074317976
2.298 0.36687973242919014
2.299 0.36817450648389616
2.3 0.3695122762992389
2.301 0.3698440679567617
2.302 0.370055248020182
2.303 0.37096258090405815
2.304 0.37328320643556545
2.305 0.37561543074890164
2.306 0.37747932838490666
2.307 0.3784532004995187
2.308 0.38006275619860425
2.309 0.38255506879127166
2.31 0.38461035022066953
2.311 0.3861653328568029
2.312 0.38743235816114835
2.313 0.3876877460164736
2.314 0.38741344337309513
2.315 0.38732648719131463
2.316 0.3890122689202001
2.317 0.3905177420619735
2.318 0.39144543056676356
2.319 0.3914805442176206
2.32 0.39172837112384334
2.321 0.3924061032134161
2.322 0.3939442222942651
2.323 0.395121093416828
2.324 0.39483377838257583
2.325 0.3943545818661812
2.326 0.39446978320567394
2.327 0.39457795204847884
2.328 0.39556785265729144
2.329 0.3960206339028203
2.33 0.3963765954635057
2.331 0.3955480599412211
2.332 0.396814440220766
2.333 0.3986694303839691
2.334 0.39968531391467627
2.335 0.3990953576601776
2.336 0.3986078327755943
2.337 0.39866401742572494
2.338 0.39889219871187265
2.339 0.39930852794077715
2.34 0.3991805697062223
2.341 0.3989988897501665
2.342 0.39896533806456946
2.343 0.39874251386289455
2.344 0.3991471940599315
2.345 0.39880722440546373
2.346 0.39891506374602503
2.347 0.39894130314252435
2.348 0.40024882325313255
2.349 0.40163912075667996
2.35 0.4022616581565794
2.351 0.4027750393812681
2.352 0.40265293190972146
2.353 0.4034711707333244
2.354 0.4041290438917867
2.355 0.4053132596440606
2.356 0.40610770756931835
2.357 0.40640228605173345
2.358 0.40700605678175616
2.359 0.4077071210874347
2.36 0.40917048924598215
2.361 0.4091085693648729
2.362 0.4087973024499475
2.363 0.4076348324226427
2.364 0.4075537610785162
2.365 0.4083944714734529
2.366 0.4093057844210973
2.367 0.41003547738699087
2.368 0.40984537149717476
2.369 0.4094340106395836
2.37 0.4093338309301218
2.371 0.4098454763856548
2.372 0.4103791021292511
2.373 0.40971318082790353
2.374 0.4091879715061248
2.375 0.4092726177476686
2.376 0.4101202449815313
2.377 0.410009947447969
2.378 0.40985987741555946
2.379 0.40921251258307556
2.38 0.4082081503730538
2.381 0.0
2.382 0.0
