Microns Throughput
2.347888398 0.0
2.349089364 0.0
2.35029033 1.0809205118954739e-05
2.3514912960000003 1.1621209474026733e-05
2.352692262 9.360320103668368e-06
2.353893228 7.822005522460748e-06
2.355094194 7.694035456622474e-06
2.35629516 7.999231311626841e-06
2.357496126 8.248060628664627e-06
2.358697092 8.918116926604492e-06
2.359898058 8.710907751832758e-06
2.361099024 7.983928830334221e-06
2.3622999890000003 8.41138714898461e-06
2.363500955 1.0695674513078775e-05
2.364701921 1.225333884350717e-05
2.3659028870000003 1.5537374858145342e-05
2.367103853 1.7148665370315074e-05
2.368304819 2.1360828764245147e-05
2.369505785 2.7104455002676348e-05
2.370706751 4.504338272954607e-05
2.371907717 6.27325204770088e-05
2.373108683 8.658664219782586e-05
2.374309649 0.00011682893535684767
2.375510615 0.00014947801040186067
2.376711581 0.00019235461127590988
2.377912547 0.00023670702992258246
2.379113513 0.00029586127560993767
2.380314478 0.00037665974421469004
2.381515444 0.00047275368370030304
2.38271641 0.00059215323425099
2.383917376 0.0007386484604149844
2.385118342 0.0009237981340259787
2.386319308 0.0011523318875268425
2.387520274 0.0014409008718108518
2.38872124 0.0018053599943492343
2.389922206 0.002262829990406545
2.391123172 0.002843888719145789
2.392324138 0.0035784420254982323
2.393525104 0.004525183412605625
2.3947260700000004 0.005741748131551504
2.395927036 0.007308353540948436
2.397128002 0.0093587149899111
2.398328967 0.012038549163060077
2.399529933 0.015549991154901844
2.400730899 0.020156327164333635
2.401931865 0.026197277037380777
2.403132831 0.0341290762232893
2.404333797 0.0444064494236713
2.405534763 0.057601926774369545
2.406735729 0.0742725816257323
2.407936695 0.0948686068737424
2.4091376610000004 0.11972236327363528
2.410338627 0.14855782088497654
2.411539593 0.18073587166996938
2.412740559 0.2150360941392267
2.4139415250000003 0.24971401795697235
2.415142491 0.2828800580283125
2.416343456 0.3123134593117065
2.417544422 0.33680067080102855
2.418745388 0.35571326387496166
2.4199463540000004 0.3692682284530666
2.42114732 0.3786486898232282
2.422348286 0.3844517670913868
2.423549252 0.38785914968989854
2.424750218 0.38970256526857217
2.425951184 0.39063270927184
2.42715215 0.39128362441118003
2.4283531160000003 0.3915098275170049
2.429554082 0.3917356909134418
2.430755048 0.3920370058952459
2.431956014 0.3924452500385595
2.43315698 0.3931945298247705
2.4343579450000004 0.3938277459513227
2.435558911 0.3945374948801205
2.436759877 0.3953126384328424
2.437960843 0.3961734002589553
2.439161809 0.3972134822011124
2.440362775 0.39799727011194413
2.441563741 0.39869041085923135
2.442764707 0.39931915174207966
2.443965673 0.3998500481938213
2.445166639 0.40049423605489115
2.446367605 0.40082326620494774
2.447568571 0.401043680792465
2.448769537 0.40115778714129
2.449970503 0.40117383530183054
2.451171469 0.40048696848025117
2.452372434 0.39993578530173235
2.4535734 0.3993248854344557
2.454774366 0.39864597316082473
2.455975332 0.3980851757120262
2.457176298 0.39727853027161614
2.458377264 0.3966910975383769
2.45957823 0.39610637453841296
2.460779196 0.39553985725723484
2.461980162 0.3950060372840511
2.463181128 0.39431419880780244
2.464382094 0.39390026043054965
2.46558306 0.3935648111659682
2.466784026 0.3933028320740518
2.4679849920000003 0.3931365079590541
2.469185958 0.39305766605462844
2.470386923 0.3930809791729888
2.471587889 0.3934137888538019
2.472788855 0.3936230679480273
2.473989821 0.3941834675485929
2.475190787 0.39468630836408863
2.476391753 0.39530320767889643
2.477592719 0.39618629551312157
2.4787936850000003 0.3968819069373287
2.479994651 0.3978222953377196
2.481195617 0.3985680287698094
2.4823965830000003 0.39952248562713805
2.483597549 0.40045620160958756
2.484798515 0.40137366687096077
2.485999481 0.40200391377764694
2.487200446 0.4027593353624449
2.488401412 0.40345673906220814
2.489602378 0.4038509252498484
2.490803344 0.40433895774801476
2.49200431 0.40471129341143325
2.4932052760000003 0.4050488968958289
2.494406242 0.40533995366212067
2.495607208 0.40550096078265263
2.496808174 0.4055716386864535
2.49800914 0.40551021147346866
2.499210106 0.4053326260914658
2.500411072 0.40509407140505665
2.501612038 0.40478796749520457
2.502813004 0.4043963009530486
2.50401397 0.4039785232070324
2.505214935 0.4035168529870631
2.506415901 0.40302589923261456
2.5076168670000003 0.40253419258323764
2.508817833 0.4020747902145585
2.510018799 0.40161788414436134
2.511219765 0.40118189109285923
2.512420731 0.4008757838187387
2.513621697 0.40068539402771397
2.514822663 0.40054478313319364
2.516023629 0.40049107478006724
2.517224595 0.4004626145969775
2.518425561 0.4004952791578033
2.519626527 0.4005942484897122
2.520827493 0.40074232753325967
2.522028459 0.40092149803679533
2.523229424 0.40115550903257874
2.52443039 0.401422543668321
2.525631356 0.4016952527300454
2.526832322 0.4020013867775994
2.528033288 0.40232738759969494
2.529234254 0.40262770227850214
2.53043522 0.4029325102139936
2.531636186 0.4032501747778481
2.532837152 0.4036442052775682
2.534038118 0.404029709439817
2.535239084 0.40439738937944353
2.53644005 0.4047128320797636
2.537641016 0.40496998366016235
2.538841982 0.40521945467560755
2.540042948 0.4054158097750599
2.541243913 0.4055935147913966
2.542444879 0.4057578163709627
2.543645845 0.4058479442005717
2.544846811 0.4058778577886987
2.546047777 0.40589818154003704
2.547248743 0.4058647007609716
2.548449709 0.40577565899602164
2.549650675 0.4056348286323552
2.5508516410000004 0.4054117866885691
2.5520526070000003 0.4052575963419595
2.553253573 0.4050536011971962
2.554454539 0.40467497939054375
2.5556555050000003 0.4042019949799781
2.556856471 0.40362843619257116
2.558057437 0.4029474879534195
2.559258402 0.40209107263239513
2.560459368 0.40114761312780234
2.561660334 0.4000385510712253
2.5628613 0.3987933918303591
2.564062266 0.3975546908054547
2.565263232 0.3961541377916503
2.5664641980000003 0.3947761783526426
2.567665164 0.393516906827906
2.56886613 0.39238336316842604
2.5700670960000003 0.39153048325016243
2.571268062 0.390847944540079
2.572469028 0.3906115281924518
2.573669994 0.3909048673027934
2.57487096 0.39151147297960054
2.576071926 0.3926190721102493
2.577272891 0.39408659062399604
2.578473857 0.395604176810023
2.579674823 0.39692730024913037
2.5808757890000003 0.3976843377410475
2.582076755 0.39717927694237903
2.583277721 0.394818793119911
2.584478687 0.38984495712571576
2.585679653 0.38133363614910576
2.586880619 0.3691820985809402
2.588081585 0.35297751586649356
2.589282551 0.33249763320045794
2.590483517 0.30820089741904017
2.591684483 0.28073435891769943
2.592885449 0.2508317250016308
2.594086414 0.21994998191725734
2.5952873800000003 0.18851962906439895
2.596488346 0.15857478429925334
2.597689312 0.13130458323776903
2.598890278 0.10713236713308606
2.600091244 0.0864084478060436
2.60129221 0.06903936144866385
2.602493176 0.054823274596896454
2.603694142 0.04346459556206215
2.604895108 0.03449214684163387
2.606096074 0.027307389327852465
2.60729704 0.021753696379084326
2.608498006 0.01739445013938125
2.6096989720000003 0.013957524699703407
2.610899938 0.011260036204120203
2.612100903 0.009114982242152056
2.613301869 0.007417008178403911
2.614502835 0.006058928148916085
2.615703801 0.004976874135693795
2.616904767 0.004112405310988659
2.618105733 0.0034109959090370635
2.619306699 0.002837815074234349
2.620507665 0.0023799458219101685
2.621708631 0.001999861897127406
2.622909597 0.0016853537020407269
2.6241105630000003 0.0014361705424518199
2.625311529 0.0012288633326540213
2.626512495 0.001056881319520611
2.627713461 0.0009114531903240666
2.628914427 0.0007830732101626462
2.630115392 0.0006852726299329783
2.631316358 0.0006010514060000654
2.632517324 0.0005215372177738452
2.63371829 0.0004676358027741646
2.6349192560000003 0.0004129863970698506
2.636120222 0.0003666603043755565
2.637321188 0.00032754212419719675
2.638522154 0.0002942490826705611
2.63972312 0.0002722761711102187
2.640924086 0.0002475782613383216
2.642125052 0.00022170803316297696
2.643326018 0.0002062788176754162
2.644526984 0.00018958997490869982
2.64572795 0.0001717647109378813
2.646928916 0.00016205557453900917
2.648129881 0.00015042361524138145
2.6493308470000003 0.0001397585519185461
2.650531813 0.00012430021353155394
2.651732779 0.00011909294520017528
2.652933745 0.00011699685089688728
2.654134711 0.00010454455642145352
2.655335677 9.88578211494923e-05
2.656536643 9.414900089324634e-05
2.657737609 8.174239823128817e-05
2.658938575 7.901897835458834e-05
2.660139541 7.047330015548626e-05
2.661340507 6.112765546847862e-05
2.662541473 5.693516647385667e-05
2.663742439 5.213153116963747e-05
2.664943405 5.264949201564696e-05
2.66614437 4.704396876976332e-05
2.667345336 4.1128037519915746e-05
2.668546302 3.681509164197368e-05
2.669747268 3.483886205043472e-05
2.670948234 3.776861940753037e-05
2.6721492 3.516344380342099e-05
2.673350166 3.687450791568266e-05
2.674551132 3.7944163083429954e-05
2.675752098 3.5447387672641725e-05
2.676953064 3.451078503182747e-05
2.67815403 3.3399385798378375e-05
2.679354996 3.259835434529746e-05
2.680555962 3.182847018670311e-05
2.681756928 2.927553950791028e-05
2.6829578940000003 3.1666059180096246e-05
2.684158859 3.288044466277762e-05
2.685359825 2.6849405327104095e-05
2.686560791 2.5478954331518452e-05
2.687761757 2.7890925137597117e-05
2.688962723 3.0862471804793195e-05
2.690163689 3.067222834474654e-05
2.691364655 2.658388991487451e-05
2.6925656210000004 2.63716770152477e-05
2.6937665870000003 2.416947144632159e-05
2.694967553 2.4933928863769114e-05
2.696168519 2.6895911912605093e-05
2.6973694850000003 2.3902662696326104e-05
2.698570451 2.818371416822168e-05
2.699771417 2.8282727316967857e-05
2.700972383 2.4614646783446356e-05
2.702173348 1.977532005775696e-05
2.703374314 1.864586331953579e-05
2.70457528 1.907935013211644e-05
2.705776246 1.756187325061822e-05
2.706977212 1.9587389450605873e-05
2.7081781780000003 1.980104310132713e-05
2.709379144 1.7725023715732388e-05
2.71058011 1.7180560981021928e-05
2.7117810760000003 1.5030825014613099e-05
2.712982042 1.5366696618579588e-05
2.714183008 1.7015428635985374e-05
2.715383974 1.6709610503618574e-05
2.71658494 1.5546568926697755e-05
2.717785906 1.52668569299278e-05
2.718986871 1.4946456361347016e-05
2.720187837 1.352813457932485e-05
2.721388803 1.586925332945415e-05
2.7225897690000003 1.6241903523105772e-05
2.723790735 1.551548501556651e-05
2.724991701 1.802101261605758e-05
2.726192667 1.5050391672637642e-05
2.727393633 1.2613459002693622e-05
2.728594599 1.1273305388083594e-05
2.729795565 1.0609071690773714e-05
2.730996531 9.062225594842055e-06
2.732197497 9.556895948699584e-06
2.733398463 9.756124089366117e-06
2.734599429 6.563762072713551e-06
2.735800395 5.196303520498837e-06
2.7370013600000003 4.958965840003183e-06
2.738202326 5.603342264124034e-06
2.739403292 4.779198207005384e-06
2.740604258 5.260329698353398e-06
2.741805224 6.809381253206834e-06
2.74300619 7.764672189329377e-06
2.744207156 8.619621069133606e-06
2.745408122 5.13202874376009e-06
2.746609088 1.9536835713395664e-06
2.747810054 4.369629401174481e-06
2.74901102 6.543680124738446e-06
2.750211986 6.075358836179985e-06
2.751412952 0.0
2.752613918 0.0
