Microns Throughput
1.8985999755859375 0.0
1.8995999755859376 0.0
1.9005999755859373 7.143694451479145e-06
1.9015999755859372 7.488759632468122e-06
1.9025999755859373 7.997622778208211e-06
1.9035999755859372 9.744559514792549e-06
1.9045999755859373 8.973708246894094e-06
1.9055999755859372 1.0101272280255048e-05
1.9065999755859373 9.766488921532012e-06
1.9075999755859372 1.1523341361064117e-05
1.9085999755859373 1.2941712279999432e-05
1.9095999755859372 1.3720715595009026e-05
1.9105999755859373 1.598601305446734e-05
1.9115999755859372 1.610220239992853e-05
1.9125999755859373 1.5935137676550735e-05
1.9135999755859372 2.002603508059996e-05
1.9145999755859373 2.1072745233327716e-05
1.9155999755859372 2.2907683450883774e-05
1.9165999755859373 2.6778214891963704e-05
1.9175999755859372 2.9729958958546675e-05
1.918599975585937 3.314735840281339e-05
1.9195999755859372 3.6643129818113576e-05
1.920599975585937 3.97286572760769e-05
1.9215999755859372 4.2739081594396074e-05
1.922599975585937 4.973618006741071e-05
1.9235999755859372 5.375879474403677e-05
1.924599975585937 6.0745573626852787e-05
1.9255999755859372 6.792540229739521e-05
1.926599975585937 7.617529946383408e-05
1.9275999755859372 8.304436282176585e-05
1.928599975585937 9.234529752931222e-05
1.9295999755859372 0.00011076901976553599
1.930599975585937 0.00011857088230319998
1.9315999755859372 0.00013187869563456
1.932599975585937 0.000147644693116608
1.9335999755859372 0.000167980335448704
1.934599975585937 0.00019503633405571201
1.9355999755859372 0.000213656881814016
1.936599975585937 0.00023993877409603202
1.9375999755859372 0.00027138715608096
1.9385999755859376 0.000304945710554784
1.9395999755859372 0.000342184006033728
1.9405999755859376 0.00039011442538070397
1.9415999755859372 0.00045393617280604795
1.9425999755859376 0.000497403131644704
1.9435999755859372 0.000574206944217024
1.9445999755859376 0.000646273618311744
1.9455999755859372 0.0007362151412619839
1.9465999755859376 0.000822924714599424
1.9475999755859372 0.0009763170860988481
1.9485999755859376 0.001093546345457472
1.9495999755859372 0.001214493554410848
1.9505999755859376 0.0013976755431999361
1.9515999755859372 0.0016021973818571519
1.9525999755859376 0.0018283674350999999
1.9535999755859372 0.002090659613462784
1.9545999755859376 0.0023733969330930237
1.9555999755859372 0.002781864065148288
1.9565999755859376 0.0031516508644024318
1.9575999755859372 0.0035906560534984316
1.9585999755859376 0.004227423567890784
1.9595999755859372 0.004764884009754719
1.9605999755859376 0.005603916402795455
1.9615999755859372 0.006370034700976992
1.9625999755859376 0.0072321280661651515
1.9635999755859372 0.00860090350008912
1.9645999755859376 0.009885595486435007
1.9655999755859372 0.01152558417330144
1.9665999755859376 0.013322603069992032
1.9675999755859372 0.01558464785635171
1.9685999755859376 0.01738975743556867
1.9695999755859372 0.02035979999092704
1.9705999755859376 0.025094662278286273
1.9715999755859372 0.02836418755110384
1.9725999755859376 0.032227966517090686
1.9735999755859372 0.03603341488670583
1.9745999755859376 0.0416002384656311
1.9755999755859373 0.04519588131857078
1.9765999755859376 0.05042160809796547
1.9775999755859373 0.05717293875412886
1.9785999755859376 0.06265687211450534
1.9795999755859373 0.0722610998583769
1.9805999755859376 0.07948778133632074
1.9815999755859373 0.08912750648072591
1.9825999755859376 0.09873317112665154
1.9835999755859373 0.11078840714589716
1.9845999755859376 0.1247350123740505
1.9855999755859373 0.13748152729842208
1.9865999755859376 0.16118130164345548
1.9875999755859373 0.18319233663064416
1.9885999755859376 0.20714559697831958
1.9895999755859373 0.24111227485053846
1.9905999755859376 0.26099563367680456
1.9915999755859373 0.2947867010567293
1.9925999755859376 0.321658410634017
1.9935999755859373 0.34975510194783116
1.9945999755859376 0.37633683368510734
1.9955999755859373 0.4033471094702538
1.9965999755859376 0.42435368323651523
1.9975999755859373 0.4387592042314263
1.9985999755859376 0.44732435784241065
1.9995999755859373 0.46711353004450556
2.0005999755859376 0.48040898842098473
2.001599975585937 0.4950831407138543
2.0025999755859374 0.4991798717426447
2.0035999755859377 0.49786460850363434
2.0045999755859376 0.5011573536778304
2.005599975585937 0.5221285027863772
2.0065999755859374 0.5173860155762258
2.0075999755859373 0.5150144548502422
2.0085999755859376 0.518105870230946
2.009599975585937 0.5230241584467418
2.0105999755859374 0.514692620656763
2.0115999755859373 0.5210919571079486
2.0125999755859376 0.5181683768215569
2.013599975585937 0.5283585412632275
2.0145999755859374 0.5241944512932627
2.0155999755859373 0.5171621788409546
2.0165999755859376 0.5271000149079061
2.017599975585937 0.5177089196363066
2.0185999755859374 0.5177904503194996
2.0195999755859373 0.520305512971728
2.0205999755859376 0.5203652893167136
2.021599975585937 0.5206909250304443
2.0225999755859374 0.5187008978533274
2.0235999755859373 0.5227936296380937
2.0245999755859376 0.5185979660072499
2.025599975585937 0.5264365392559479
2.0265999755859374 0.5195248015626832
2.0275999755859373 0.5250395367290221
2.0285999755859376 0.519355917476908
2.029599975585937 0.5245320647724895
2.0305999755859374 0.5217436618995447
2.0315999755859373 0.5156181880793083
2.0325999755859376 0.5263285424218834
2.033599975585937 0.5252784568953042
2.0345999755859374 0.521281794901449
2.0355999755859373 0.5158702758235367
2.0365999755859376 0.5333784279010336
2.037599975585937 0.5212211730886706
2.0385999755859374 0.52785002311991
2.0395999755859373 0.5231603914424556
2.0405999755859376 0.5130313686548407
2.041599975585937 0.5213166843636703
2.0425999755859374 0.5184862863840041
2.0435999755859373 0.5195368743494057
2.0445999755859376 0.5199906146539178
2.045599975585937 0.5211445616768102
2.046599975585937 0.5181316703217521
2.0475999755859373 0.5234644132517129
2.04860009765625 0.5077047625173847
2.04960009765625 0.5063307578891271
2.05060009765625 0.5309612294718127
2.05160009765625 0.5152848481083767
2.05260009765625 0.5207358595349848
2.05360009765625 0.5185105831702155
2.05460009765625 0.51652104020714
2.05560009765625 0.5203465899119865
2.05660009765625 0.5150843285620325
2.05760009765625 0.5211016487966107
2.05860009765625 0.5206427514218107
2.05960009765625 0.5152189836647159
2.06060009765625 0.5310335408315787
2.06160009765625 0.5259967014024
2.06260009765625 0.5330012872521702
2.06360009765625 0.5165220300835066
2.06460009765625 0.5213181080906285
2.06560009765625 0.5336642944208505
2.06660009765625 0.5230146760774831
2.06760009765625 0.5276942547625629
2.06860009765625 0.5413579358091165
2.06960009765625 0.5404447939927551
2.07060009765625 0.5327329965994494
2.07160009765625 0.5348122627836432
2.07260009765625 0.5362426420839181
2.07360009765625 0.5330400047112311
2.07460009765625 0.532794614736094
2.07560009765625 0.5420901727200539
2.07660009765625 0.5381921320380743
2.07760009765625 0.5401915554765011
2.07860009765625 0.5390689993461361
2.07960009765625 0.5401602127372356
2.08060009765625 0.5321031768031411
2.08160009765625 0.5432315186592306
2.08260009765625 0.5425624379335073
2.08360009765625 0.5419538683461609
2.08460009765625 0.5390980937360951
2.08560009765625 0.5389142638746035
2.08660009765625 0.5425070309167045
2.08760009765625 0.5359499889159383
2.08860009765625 0.550170932838959
2.08960009765625 0.5423343445840005
2.09060009765625 0.541533984080473
2.09160009765625 0.536548620831517
2.09260009765625 0.5440223571039752
2.09360009765625 0.53319117853309
2.09460009765625 0.5549292019364541
2.09560009765625 0.5351862640838664
2.09660009765625 0.5431895050530202
2.09760009765625 0.5330570188310453
2.09860009765625 0.5391353060533696
2.09960009765625 0.543064458944802
2.10060009765625 0.5459686700931691
2.10160009765625 0.5293866359778381
2.10260009765625 0.5427774962407149
2.10360009765625 0.542015901919023
2.10460009765625 0.536083634915875
2.10560009765625 0.5295280442980396
2.10660009765625 0.5391964434944161
2.10760009765625 0.5205524890984969
2.10860009765625 0.56209239128302
2.10960009765625 0.537015891439187
2.11060009765625 0.5299505341200607
2.11160009765625 0.534861480414931
2.11260009765625 0.539436649057212
2.11360009765625 0.5344139414844346
2.11460009765625 0.5345035760728558
2.11560009765625 0.5383011374755216
2.11660009765625 0.5327301163473662
2.11760009765625 0.5335079392714338
2.11860009765625 0.5387744511739284
2.11960009765625 0.5389380302490535
2.12060009765625 0.5378518761869502
2.12160009765625 0.5399166386303789
2.12260009765625 0.5318148295125222
2.12360009765625 0.5329981979721938
2.12460009765625 0.5310800069742663
2.12560009765625 0.5426761515383436
2.12660009765625 0.5403013718366768
2.12760009765625 0.5327804094007508
2.12860009765625 0.5498792813031772
2.12960009765625 0.5353347394257115
2.13060009765625 0.5403552403000921
2.13160009765625 0.5409854880476627
2.13260009765625 0.5346383015356859
2.13360009765625 0.5463079978499757
2.13460009765625 0.5371090342930878
2.13560009765625 0.5446688782636767
2.13660009765625 0.5360951465486337
2.13760009765625 0.544427319803127
2.13860009765625 0.536629330894791
2.13960009765625 0.5418650789707575
2.14060009765625 0.5393479067118014
2.14160009765625 0.5389165088910626
2.14260009765625 0.537450278826375
2.14360009765625 0.5394894038941271
2.14460009765625 0.5329489406955785
2.14560009765625 0.5438189137089459
2.14660009765625 0.5408813082521613
2.14760009765625 0.5390436436656628
2.14860009765625 0.5358053365193421
2.14960009765625 0.5386211434791558
2.15060009765625 0.5343457374142841
2.15160009765625 0.5336712410786631
2.15260009765625 0.5369582704484328
2.15360009765625 0.537196362495295
2.15460009765625 0.5355381024247017
2.15560009765625 0.536228484307377
2.15660009765625 0.5430541625122037
2.15760009765625 0.525552287895254
2.15860009765625 0.5362755897679761
2.15960009765625 0.5310347943455775
2.16060009765625 0.534778719280921
2.16160009765625 0.5356758937317758
2.16260009765625 0.5368533959899427
2.16360009765625 0.5321356158035027
2.16460009765625 0.5171626644757198
2.16560009765625 0.5358221507385602
2.16660009765625 0.5232432579408565
2.16760009765625 0.5410238047857907
2.16860009765625 0.5216596469073048
2.16960009765625 0.5325161105955917
2.17060009765625 0.524343116321158
2.17160009765625 0.5222043875019543
2.17260009765625 0.534194184193848
2.17360009765625 0.514761992484847
2.17460009765625 0.5194996030077403
2.17560009765625 0.5351047460442474
2.17660009765625 0.5248772570789743
2.17760009765625 0.5289275515740025
2.17860009765625 0.5164045365385683
2.17960009765625 0.525866254985255
2.18060009765625 0.5228932354761704
2.18160009765625 0.5244963684306791
2.18260009765625 0.5245343430383945
2.18360009765625 0.5279932010363614
2.18460009765625 0.5102082429721523
2.18560009765625 0.5241057256126078
2.18660009765625 0.5106794606117147
2.18760009765625 0.5105286839740405
2.18860009765625 0.5103817258658843
2.18960009765625 0.5066932270228038
2.19060009765625 0.4958555764598548
2.19160009765625 0.48465338045276296
2.19260009765625 0.476906758081586
2.19360009765625 0.45803907985554737
2.19460009765625 0.4429830216262636
2.19560009765625 0.4213890903982996
2.19660009765625 0.401169642153552
2.19760009765625 0.3774851559157477
2.19860009765625 0.35078854632472545
2.19960009765625 0.3275504293835584
2.20060009765625 0.29852684594494616
2.20160009765625 0.2866236377468646
2.20260009765625 0.26306183186297316
2.20360009765625 0.24351578086060222
2.20460009765625 0.2278813329758848
2.20560009765625 0.21165210024277084
2.20660009765625 0.19940963976892792
2.20760009765625 0.182928020403514
2.20860009765625 0.16811505315350764
2.20960009765625 0.1525549841501259
2.21060009765625 0.13971182358465445
2.21160009765625 0.1250945311471705
2.21260009765625 0.11113641569379436
2.21360009765625 0.10164712296912633
2.21460009765625 0.0910310866306536
2.21560009765625 0.08066304049050335
2.21660009765625 0.07049512264601492
2.21760009765625 0.06058484809185542
2.21860009765625 0.05417753604730646
2.21960009765625 0.04637616335219404
2.22060009765625 0.04135050436457846
2.22160009765625 0.0353241206815344
2.22260009765625 0.030223402261889853
2.22360009765625 0.026192557057737983
2.22460009765625 0.02288021975559744
2.22560009765625 0.019659338066520766
2.22660009765625 0.01708236871546387
2.22760009765625 0.014576096944762846
2.22860009765625 0.013101977308966175
2.22960009765625 0.011191818035639423
2.23060009765625 0.009769505400569568
2.23160009765625 0.0085081025054352
2.23260009765625 0.00736876118039952
2.23360009765625 0.00645192280550928
2.23460009765625 0.005650230680769984
2.23560009765625 0.0048888778802195524
2.23660009765625 0.0042788548450142395
2.23760009765625 0.003779800341877056
2.23860009765625 0.003306160513480992
2.23960009765625 0.002888062781930496
2.24060009765625 0.002566659026289408
2.24160009765625 0.002189770603748736
2.24260009765625 0.0019977152796099838
2.24360009765625 0.001737584363095104
2.24460009765625 0.001554269888420448
2.24560009765625 0.0013533549993300482
2.24660009765625 0.001196563343181888
2.24760009765625 0.001058411850990048
2.24860009765625 0.0009340350769315199
2.24960009765625 0.0008365349069463361
2.25060009765625 0.00073864956500976
2.25160009765625 0.0006501448844850239
2.25260009765625 0.000589121874591936
2.25360009765625 0.000518681521582272
2.25460009765625 0.00046531282155465596
2.25560009765625 0.000403829616623808
2.25660009765625 0.0003642816732696
2.25760009765625 0.000335602536528864
2.25860009765625 0.000301939723947552
2.25960009765625 0.000264780119446656
2.26060009765625 0.000232991535987648
2.26160009765625 0.00021161363082431998
2.26260009765625 0.00018810552334060798
2.26360009765625 0.000172300544462304
2.26460009765625 0.000156670027320576
2.26560009765625 0.000150288029389056
2.26660009765625 0.00011321785315315199
2.26760009765625 0.000107446851044928
2.26860009765625 0.00010731646634342399
2.26960009765625 9.422455398298734e-05
2.27060009765625 8.641034820138597e-05
2.27160009765625 8.561662281116599e-05
2.27260009765625 7.274071867913604e-05
2.27360009765625 6.276599735879698e-05
2.27460009765625 6.0842885599407004e-05
2.27560009765625 5.7690960932392365e-05
2.27660009765625 5.450553104987914e-05
2.27760009765625 5.0342244167400356e-05
2.27860009765625 4.754911401207535e-05
2.27960009765625 4.2732071144453e-05
2.28060009765625 4.376950387487924e-05
2.28160009765625 3.6940819063572624e-05
2.28260009765625 3.614061684669759e-05
2.28360009765625 3.267089161614565e-05
2.28460009765625 2.906755957171419e-05
2.28560009765625 2.765528678418188e-05
2.28660009765625 2.8115612634885463e-05
2.28760009765625 2.6185476248494167e-05
2.28860009765625 2.629328908875e-05
2.28960009765625 2.2371077776239787e-05
2.29060009765625 2.178255173004282e-05
2.29160009765625 2.2180037627632934e-05
2.29260009765625 2.2679034145685642e-05
2.29360009765625 2.0105798924932962e-05
2.29460009765625 1.9227077948730577e-05
2.29560009765625 1.6733755284761634e-05
2.29660009765625 1.7827893477828606e-05
2.29760009765625 1.6084893230444292e-05
2.29860009765625 1.5936124438244625e-05
2.29960009765625 1.687943147851785e-05
2.30060009765625 1.2798797943480066e-05
2.30160009765625 1.326438874407185e-05
2.3026000976562497 0.0
2.3036000976562496 0.0
