Microns Throughput
2.0483000488281253 0.0
2.049300048828125 0.0
2.050300048828125 3.4204959917150437e-06
2.051300048828125 3.7478711779355205e-06
2.052300048828125 5.506110000764603e-06
2.053300048828125 8.009525548503009e-06
2.054300048828125 3.1205943686062305e-06
2.055300048828125 4.4451062249731965e-06
2.056300048828125 5.917703235354475e-06
2.057300048828125 5.949510704642251e-06
2.058300048828125 5.4384740075476194e-06
2.059300048828125 6.453399145249313e-06
2.060300048828125 5.405744137344062e-06
2.061300048828125 5.2056888589491445e-06
2.062300048828125 8.601836559744906e-06
2.063300048828125 6.984187521069603e-06
2.064300048828125 9.293953058141498e-06
2.065300048828125 9.452275577602803e-06
2.066300048828125 9.973550723974702e-06
2.067300048828125 9.674216931151481e-06
2.068300048828125 1.1829520741285892e-05
2.069300048828125 1.3898932577534545e-05
2.070300048828125 1.3306302700850758e-05
2.071300048828125 1.5162464529543036e-05
2.072300048828125 1.846825589928829e-05
2.073300048828125 2.309576894109832e-05
2.074300048828125 2.768021284394838e-05
2.075300048828125 3.0824134163623775e-05
2.076300048828125 4.2657076153400604e-05
2.077300048828125 5.016803903986387e-05
2.078300048828125 5.929416394344451e-05
2.079300048828125 7.9823950303147e-05
2.080300048828125 9.974964740651747e-05
2.081300048828125 0.00013163859258401281
2.082300048828125 0.0001784329431858611
2.083300048828125 0.00023948714768558986
2.084300048828125 0.000325357150328995
2.085300048828125 0.00045649586538802617
2.086300048828125 0.0006526522020560381
2.087300048828125 0.0009552674971957952
2.088300048828125 0.0014127035476346338
2.089300048828125 0.0021579723617276988
2.090300048828125 0.0032718026791344343
2.091300048828125 0.004960957693242029
2.092300048828125 0.007610274293531121
2.093300048828125 0.011042982971993196
2.094300048828125 0.015731975322584277
2.095300048828125 0.021628518198271277
2.096300048828125 0.028708587871530807
2.097300048828125 0.037038871197831225
2.098300048828125 0.04667933680809355
2.099300048828125 0.05671320796011815
2.100300048828125 0.0651286446257243
2.101300048828125 0.07225664863264837
2.102300048828125 0.08001491404795584
2.103300048828125 0.0881866158849742
2.104300048828125 0.09792315870228852
2.105300048828125 0.11055905540048375
2.106300048828125 0.12406955714743118
2.107300048828125 0.1413520561601029
2.108300048828125 0.16035553885496354
2.109300048828125 0.18269711520083215
2.110300048828125 0.2073457787947784
2.111300048828125 0.2364988103039423
2.112300048828125 0.2667814368385453
2.113300048828125 0.2963282920384397
2.114300048828125 0.32769931596896773
2.115300048828125 0.3520972744450134
2.116300048828125 0.3727920628041939
2.117300048828125 0.3866097251601367
2.118300048828125 0.3999790789609488
2.119300048828125 0.40220956391907914
2.120300048828125 0.4075980360616988
2.121300048828125 0.40927665503612054
2.122300048828125 0.4100024649761393
2.123300048828125 0.4107526421725093
2.124300048828125 0.40782839662591913
2.125300048828125 0.4075728793693386
2.126300048828125 0.4036970770720181
2.127300048828125 0.3947704552776396
2.128300048828125 0.38218068119175297
2.129300048828125 0.36305886172485524
2.130300048828125 0.33440818581863885
2.131300048828125 0.30703938384140755
2.132300048828125 0.2734935681032573
2.133300048828125 0.2414858893282332
2.134300048828125 0.21111222014205963
2.135300048828125 0.18252519577829315
2.136300048828125 0.155889377087299
2.137300048828125 0.13391307999454793
2.138300048828125 0.11708928089607816
2.139300048828125 0.1012720194350718
2.140300048828125 0.08881384974447282
2.141300048828125 0.07751199061959282
2.142300048828125 0.06636741868741412
2.143300048828125 0.05590075582302909
2.144300048828125 0.04661474225190959
2.145300048828125 0.038642975920524444
2.146300048828125 0.03094612759435156
2.147300048828125 0.024707240178156537
2.148300048828125 0.019228335595840064
2.149300048828125 0.014462406386640387
2.150300048828125 0.010673837915544312
2.151300048828125 0.007572863099779929
2.152300048828125 0.0051792304032649275
2.153300048828125 0.003426635017541815
2.154300048828125 0.002252777430204555
2.155300048828125 0.0014557732308663562
2.156300048828125 0.0009535590200034018
2.157300048828125 0.0006446449824785443
2.158300048828125 0.0004418236434097451
2.159300048828125 0.00030768416102771294
2.160300048828125 0.0002222419464692314
2.161300048828125 0.00016252033541436705
2.162300048828125 0.00011908757750947311
2.163300048828125 9.336648616210806e-05
2.164300048828125 6.990150081556385e-05
2.165300048828125 5.69385043566385e-05
2.166300048828125 4.481587730893494e-05
2.167300048828125 3.692194253457971e-05
2.168300048828125 2.7239972264185412e-05
2.169300048828125 2.2107687233670457e-05
2.170300048828125 1.9461372611449567e-05
2.171300048828125 2.068745626851466e-05
2.172300048828125 1.3293228107207859e-05
2.173300048828125 1.2431980721688154e-05
2.174300048828125 1.1423215237107367e-05
2.175300048828125 1.1514317054612338e-05
2.176300048828125 8.908270759361451e-06
2.177300048828125 9.2908213362814e-06
2.178300048828125 8.142792838333918e-06
2.179300048828125 7.300888008747887e-06
2.180300048828125 8.876734310572703e-06
2.181300048828125 7.5820563711292505e-06
2.182300048828125 8.9442711825526e-06
2.183300048828125 2.390758721770436e-06
2.184300048828125 5.597157525481866e-06
2.185300048828125 4.950099029711474e-06
2.186300048828125 5.919562368582548e-06
2.187300048828125 4.343278277821537e-06
2.188300048828125 3.931215158287592e-06
2.189300048828125 2.8405628615991316e-06
2.190300048828125 7.143419978866226e-06
2.191300048828125 6.6088413658644905e-06
2.192300048828125 5.416471236582491e-06
2.193300048828125 2.640883161770551e-06
2.194300048828125 6.486224090548279e-06
2.195300048828125 3.972567813617531e-06
2.196300048828125 4.448144441142415e-06
2.197300048828125 5.343586216117965e-06
2.198300048828125 6.436355871866134e-06
2.199300048828125 3.867421639376166e-06
2.200300048828125 5.485953829760937e-06
2.201300048828125 3.3411121770903815e-06
2.202300048828125 7.201884830365286e-06
2.203300048828125 6.671372035879876e-06
2.204300048828125 5.4496707395580265e-06
2.205300048828125 5.464097410468517e-06
2.206300048828125 5.6093207841684865e-06
2.207300048828125 3.384861910853217e-06
2.208300048828125 5.562143102546277e-06
2.209300048828125 4.926945557373017e-06
2.210300048828125 2.3864890263174753e-06
2.211300048828125 5.135491592140781e-06
2.212300048828125 7.597065131568102e-06
2.213300048828125 2.303703337525733e-06
2.214300048828125 8.032933774852224e-06
2.215300048828125 4.02667759784906e-06
2.216300048828125 5.588251129196177e-06
2.217300048828125 4.544612521503995e-06
2.218300048828125 1.217962929472348e-05
2.219300048828125 1.0357701340784599e-05
2.220300048828125 2.4322580285822134e-06
2.221300048828125 6.963686192175946e-06
2.222300048828125 5.307154486873629e-06
2.223300048828125 8.170595394827917e-06
2.224300048828125 4.0123732254473305e-06
2.225300048828125 6.5775013997134396e-06
2.226300048828125 5.41603932447793e-06
2.227300048828125 6.098967455744419e-06
2.228300048828125 1.1295681682536973e-06
2.229300048828125 1.0038721025674531e-05
2.230300048828125 6.2668465124940455e-06
2.231300048828125 1.0009231699584222e-05
2.232300048828125 5.1023276146568705e-06
2.233300048828125 5.839816326974519e-06
2.234300048828125 1.623755003740899e-06
2.235300048828125 6.463047846881834e-06
2.236300048828125 4.630338009285317e-06
2.237300048828125 6.957426693091915e-06
2.238300048828125 3.963128878628756e-06
2.239300048828125 9.27792131253966e-06
2.240300048828125 7.766983047798448e-06
2.241300048828125 9.64943029249061e-06
2.242300048828125 1.0543032877240476e-05
2.243300048828125 4.274710399798061e-06
2.244300048828125 5.069551712734016e-06
2.245300048828125 1.2765852757244796e-05
2.246300048828125 9.704124665325096e-06
2.247300048828125 7.228634972652608e-06
2.248300048828125 4.928188834940449e-06
2.249300048828125 9.870704966414587e-06
2.250300048828125 1.0937145277165296e-05
2.2513000488281247 0.0
2.2523000488281246 0.0
