Microns Throughput
1.8985999755859375 0.0
1.8995999755859376 0.0
1.9005999755859373 6.858582157646716e-06
1.9015999755859372 7.187661111514041e-06
1.9025999755859373 7.673692214863772e-06
1.9035999755859372 9.346972447837187e-06
1.9045999755859373 8.604893839083095e-06
1.9055999755859372 9.68309070072683e-06
1.9065999755859373 9.359233117604025e-06
1.9075999755859372 1.1039353491492578e-05
1.9085999755859373 1.2394239710196222e-05
1.9095999755859372 1.3136128234277507e-05
1.9105999755859373 1.530004730707698e-05
1.9115999755859372 1.540633764361454e-05
1.9125999755859373 1.5241615317729534e-05
1.9135999755859372 1.914832192189775e-05
1.9145999755859373 2.0142666418025596e-05
1.9155999755859372 2.1889540115955348e-05
1.9165999755859373 2.5579746171314078e-05
1.9175999755859372 2.8390143317396502e-05
1.918599975585937 3.164319945342016e-05
1.9195999755859372 3.496888114155754e-05
1.920599975585937 3.790096740537687e-05
1.9215999755859372 4.07594529290655e-05
1.922599975585937 4.741675835982112e-05
1.9235999755859372 5.123476503447601e-05
1.924599975585937 5.7874223028315666e-05
1.9255999755859372 6.469304363472302e-05
1.926599975585937 7.252602595283152e-05
1.9275999755859372 7.903941749120064e-05
1.928599975585937 8.786213205308808e-05
1.9295999755859372 0.00010535572978286077
1.930599975585937 0.00011273799535962174
1.9315999755859372 0.00012534840824344012
1.932599975585937 0.00014028571794278305
1.9335999755859372 0.0001595530138298519
1.934599975585937 0.0001851878782007378
1.9355999755859372 0.00020279810413634903
1.936599975585937 0.00022766534396657253
1.9375999755859372 0.0002574155486052264
1.9385999755859376 0.00028914555499435043
1.9395999755859372 0.0003243408963046103
1.9405999755859376 0.00036964219364689127
1.9415999755859372 0.00042996326481577505
1.9425999755859376 0.0004709682316558183
1.9435999755859372 0.0005434975406735708
1.9445999755859376 0.0006114924808743004
1.9455999755859372 0.000696345052039561
1.9465999755859376 0.0007780802909905038
1.9475999755859372 0.0009227823153915053
1.9485999755859376 0.001033211268138687
1.9495999755859372 0.0011470707998462947
1.9505999755859376 0.0013196049854287484
1.9515999755859372 0.0015121527803196035
1.9525999755859376 0.0017249825474593562
1.9535999755859372 0.0019717217672095533
1.9545999755859376 0.002237552584253031
1.9555999755859372 0.0026216749773033316
1.9565999755859376 0.0029690712116982867
1.9575999755859372 0.0033813909449255746
1.9585999755859376 0.0039795677757919045
1.9595999755859372 0.004483844393908844
1.9605999755859376 0.005271417336446134
1.9615999755859372 0.005989831401209437
1.9625999755859376 0.006797910608082029
1.9635999755859372 0.008081452984103224
1.9645999755859376 0.009285039114800038
1.9655999755859372 0.010821285799256336
1.9665999755859376 0.012503728022471105
1.9675999755859372 0.014621146296941005
1.9685999755859376 0.01630840327346194
1.9695999755859372 0.019086416775465614
1.9705999755859376 0.023516068515431435
1.9715999755859372 0.0265696395756537
1.9725999755859376 0.03017724984172418
1.9735999755859372 0.03372741859936872
1.9745999755859376 0.038922785419156516
1.9755999755859373 0.04227044765527072
1.9765999755859376 0.04713940100921469
1.9775999755859373 0.05343019336872611
1.9785999755859376 0.05853198946506617
1.9795999755859373 0.06747718699491768
1.9805999755859376 0.07419593031548771
1.9815999755859373 0.08316072251876155
1.9825999755859376 0.09208647543610893
1.9835999755859373 0.103288704298103
1.9845999755859376 0.11624441861665423
1.9855999755859373 0.12807158516644565
1.9865999755859376 0.1500884503144632
1.9875999755859373 0.17051538532893354
1.9885999755859376 0.19273256622029236
1.9895999755859373 0.22424425283119281
1.9905999755859376 0.242637162993067
1.9915999755859373 0.273938777980135
1.9925999755859376 0.29878690557012316
1.9935999755859373 0.32475152570642524
1.9945999755859376 0.3492881338924904
1.9955999755859373 0.3742014685792166
1.9965999755859376 0.39352598716131265
1.9975999755859373 0.4067148706710613
1.9985999755859376 0.4144805894638048
1.9995999755859373 0.43263475174846283
2.0005999755859376 0.44476115560483886
2.001599975585937 0.4581525403582715
2.0025999755859374 0.46174768551977097
2.0035999755859377 0.46033508998581235
2.0045999755859376 0.4631818794497401
2.005599975585937 0.4823573985608666
2.0065999755859374 0.47777099307906123
2.0075999755859373 0.47537629593215275
2.0085999755859376 0.4780233240265635
2.009599975585937 0.4823521887851184
2.0105999755859374 0.4744624353329006
2.0115999755859373 0.48015240357514516
2.0125999755859376 0.4772500075592897
2.013599975585937 0.48642235823915514
2.0145999755859374 0.4823768181016332
2.0155999755859373 0.4756959260472572
2.0165999755859376 0.484622779408128
2.017599975585937 0.4757776266863599
2.0185999755859374 0.4756411590716991
2.0195999755859373 0.47773855879283367
2.0205999755859376 0.4775799792028154
2.021599975585937 0.47766473119167185
2.0225999755859374 0.4756253461386087
2.0235999755859373 0.47916219760913775
2.0245999755859376 0.4751019223999295
2.025599975585937 0.4820645189023962
2.0265999755859374 0.4755191767729757
2.0275999755859373 0.48034780639988867
2.0285999755859376 0.4749308538836695
2.029599975585937 0.47944443397233205
2.0305999755859374 0.4766765661682064
2.0315999755859373 0.47086311397524094
2.0325999755859376 0.4804217116060219
2.033599975585937 0.47924103215508035
2.0345999755859374 0.47537364769160223
2.0355999755859373 0.4702194909244936
2.0365999755859376 0.4859511152163372
2.037599975585937 0.47465234986844385
2.0385999755859374 0.4804630740632776
2.0395999755859373 0.4759700715894279
2.0405999755859376 0.4665341744585855
2.041599975585937 0.47384396177653604
2.0425999755859374 0.4710474059211954
2.0435999755859373 0.4717770020509985
2.0445999755859376 0.47196345381441474
2.045599975585937 0.4727842289246409
2.046599975585937 0.4698251305857831
2.0475999755859373 0.4744320577328503
2.04860009765625 0.4599263194732276
2.04960009765625 0.4584594696674209
2.05060009765625 0.4805277626104323
2.05160009765625 0.4661133117015166
2.05260009765625 0.4708141447799601
2.05360009765625 0.46857266072770937
2.05460009765625 0.46654556215677917
2.05560009765625 0.4697695940532074
2.05660009765625 0.46478926786193026
2.05760009765625 0.46998628456184316
2.05860009765625 0.46933934471833066
2.05960009765625 0.4642188896298358
2.06060009765625 0.47822924998876293
2.06160009765625 0.4734562443429233
2.06260009765625 0.4795204629015018
2.06360009765625 0.4644609515536939
2.06460009765625 0.4685371719149971
2.06560009765625 0.47939078505828475
2.06660009765625 0.469585971255415
2.06760009765625 0.4735465931554444
2.06860009765625 0.4855605316365439
2.06960009765625 0.4844937014039658
2.07060009765625 0.47733549252092844
2.07160009765625 0.47895225824768445
2.07260009765625 0.4799857639961636
2.07360009765625 0.47687258914550584
2.07460009765625 0.47640611716603426
2.07560009765625 0.4844660912665668
2.07660009765625 0.4807319026053142
2.07760009765625 0.4822658812357812
2.07860009765625 0.4810117113455272
2.07960009765625 0.4817323680834821
2.08060009765625 0.47429705444810044
2.08160009765625 0.48396089422125066
2.08260009765625 0.4831090390836565
2.08360009765625 0.48231112806230547
2.08460009765625 0.4795144206602925
2.08560009765625 0.47909524522869246
2.08660009765625 0.482031311033122
2.08760009765625 0.47594988923319154
2.08860009765625 0.4883161401961551
2.08960009765625 0.4811011628216319
2.09060009765625 0.4801315688114813
2.09160009765625 0.4754537326269471
2.09260009765625 0.48181458557667556
2.09360009765625 0.471964736104466
2.09460009765625 0.490938347362879
2.09560009765625 0.4732128167231821
2.09660009765625 0.48002566062737495
2.09760009765625 0.4708121610469051
2.09860009765625 0.47591794375285645
2.09960009765625 0.479121174676137
2.10060009765625 0.48141626460119313
2.10160009765625 0.4665352235624644
2.10260009765625 0.47806956935926054
2.10360009765625 0.47713191806521266
2.10460009765625 0.47164532903622525
2.10560009765625 0.46561597336532995
2.10660009765625 0.4738503552551322
2.10760009765625 0.45720752965239553
2.10860009765625 0.49341298623258834
2.10960009765625 0.47113285938355726
2.11060009765625 0.46466969129382707
2.11160009765625 0.46870809252356394
2.11260009765625 0.472446961193114
2.11360009765625 0.46777955180242026
2.11460009765625 0.4675889865554862
2.11560009765625 0.4706396576472853
2.11660009765625 0.465499687118297
2.11760009765625 0.46590922650585076
2.11860009765625 0.4702351114790061
2.11960009765625 0.47010393137629136
2.12060009765625 0.4688825671585774
2.12160009765625 0.47040703553787266
2.12260009765625 0.4630763392669649
2.12360009765625 0.46383369060868734
2.12460009765625 0.4618918012181139
2.12560009765625 0.47169811146545726
2.12660009765625 0.469355507659351
2.12760009765625 0.4625470217538907
2.12860009765625 0.477107382532899
2.12960009765625 0.46421021158818476
2.13060009765625 0.4682830686665855
2.13160009765625 0.46854776459750713
2.13260009765625 0.4627717406002967
2.13360009765625 0.4725874315008657
2.13460009765625 0.4643487179532655
2.13560009765625 0.47059886555790126
2.13660009765625 0.462909451062983
2.13760009765625 0.46981759180481464
2.13860009765625 0.46280527010828043
2.13960009765625 0.4670344426859164
2.14060009765625 0.464579382414317
2.14160009765625 0.46392197066231944
2.14260009765625 0.46237419888010284
2.14360009765625 0.46384127553697824
2.14460009765625 0.45793366982831424
2.14560009765625 0.46698303777206257
2.14660009765625 0.46417091048236725
2.14760009765625 0.4623047403527103
2.14860009765625 0.45923950930648877
2.14960009765625 0.46136295397166976
2.15060009765625 0.4574125767704798
2.15160009765625 0.45654679708599727
2.15260009765625 0.45906808478912026
2.15360009765625 0.45898026001548764
2.15460009765625 0.45727242508226706
2.15560009765625 0.45756997905854446
2.15660009765625 0.46309821457806927
2.15760009765625 0.447886030785468
2.15860009765625 0.45673106405794095
2.15960009765625 0.45197638244691957
2.16060009765625 0.4548690936631757
2.16160009765625 0.4553373427939956
2.16260009765625 0.456042195081179
2.16360009765625 0.45174058388535093
2.16460009765625 0.4387435104365288
2.16560009765625 0.45427649262502034
2.16660009765625 0.44332130135761616
2.16760009765625 0.4580849114179007
2.16860009765625 0.44139845214923235
2.16960009765625 0.45028715508413364
2.17060009765625 0.4430828241447541
2.17160009765625 0.44098283941450167
2.17260009765625 0.4508078268970593
2.17360009765625 0.4341193791686393
2.17460009765625 0.4378220352479805
2.17560009765625 0.450671588634724
2.17660009765625 0.4417610268168742
2.17760009765625 0.44487026975439214
2.17860009765625 0.43404431692800116
2.17960009765625 0.4416980083326295
2.18060009765625 0.438903004294063
2.18160009765625 0.43994935520090533
2.18260009765625 0.4396813805206412
2.18360009765625 0.44227836783806534
2.18460009765625 0.4270879656936882
2.18560009765625 0.4384201792177963
2.18660009765625 0.4268949926128349
2.18760009765625 0.42647455588426314
2.18860009765625 0.4260569656710261
2.18960009765625 0.42268466880333166
2.19060009765625 0.4133564383287247
2.19160009765625 0.4037366013599364
2.19260009765625 0.39700592416030045
2.19360009765625 0.38103242897022627
2.19460009765625 0.36824905525291257
2.19560009765625 0.3500517557442996
2.19660009765625 0.33302029606213795
2.19760009765625 0.3131377622728955
2.19860009765625 0.2907857684823774
2.19960009765625 0.2713297068709942
2.20060009765625 0.24711166403278345
2.20160009765625 0.2370892078682308
2.20260009765625 0.2174436847631153
2.20360009765625 0.20114280047582442
2.20460009765625 0.18809350553846826
2.20560009765625 0.1745719818761924
2.20660009765625 0.16435550727284304
2.20760009765625 0.15066200370425792
2.20860009765625 0.13836133295695913
2.20960009765625 0.12546379036974661
2.21060009765625 0.11481754774637577
2.21160009765625 0.10272964004004145
2.21260009765625 0.09120011751175866
2.21360009765625 0.08335178458700428
2.21460009765625 0.07459153901274537
2.21560009765625 0.0660470897339345
2.21660009765625 0.05767885770983406
2.21760009765625 0.049533533640824905
2.21860009765625 0.044262044194213895
2.21960009765625 0.03786022460762217
2.22060009765625 0.03373219102895964
2.22160009765625 0.028794509756048504
2.22260009765625 0.024618154101035107
2.22360009765625 0.021318814627107517
2.22460009765625 0.018608766199271577
2.22560009765625 0.0159770915594937
2.22660009765625 0.013872271487758865
2.22760009765625 0.011827980480251877
2.22860009765625 0.010623686924023093
2.22960009765625 0.009067912816254013
2.23060009765625 0.007909458482405176
2.23160009765625 0.006882933389699479
2.23260009765625 0.005956638084876713
2.23360009765625 0.005211478769754753
2.23460009765625 0.004560392929436149
2.23560009765625 0.003942836269763701
2.23660009765625 0.0034481787410849648
2.23760009765625 0.003043637525399435
2.23860009765625 0.0026601678975242283
2.23960009765625 0.002321945248795217
2.24060009765625 0.0020619253617548887
2.24160009765625 0.0017577697510127467
2.24260009765625 0.0016023402485033835
2.24360009765625 0.0013925923853694059
2.24460009765625 0.0012446885524509954
2.24560009765625 0.0010829323229959312
2.24660009765625 0.0009567088200581013
2.24760009765625 0.0008455756156006824
2.24860009765625 0.0007456135425534098
2.24960009765625 0.0006672470841441913
2.25060009765625 0.000588697575189364
2.25160009765625 0.0005177430776828651
2.25260009765625 0.00046876892648215764
2.25360009765625 0.00041238524874474066
2.25460009765625 0.0003696538258385397
2.25560009765625 0.00032054968331396856
2.25660009765625 0.00028892203527242484
2.25760009765625 0.00026595850953883756
2.25860009765625 0.0002390855762802365
2.25960009765625 0.00020948943027835208
2.26060009765625 0.00018418728899307474
2.26160009765625 0.00016714949453393652
2.26260009765625 0.00014845814878988305
2.26360009765625 0.00013587180699860515
2.26460009765625 0.0001234434275271874
2.26560009765625 0.00011831639661842105
2.26660009765625 8.905803138646451e-05
2.26760009765625 8.444785739361551e-05
2.26860009765625 8.427469892917083e-05
2.26960009765625 7.393157727406996e-05
2.27060009765625 6.774321489321171e-05
2.27160009765625 6.706430628900617e-05
2.27260009765625 5.6930284514047717e-05
2.27360009765625 4.908194325093927e-05
2.27460009765625 4.753765880540698e-05
2.27560009765625 4.5036595335933465e-05
2.27660009765625 4.2513539653526175e-05
2.27760009765625 3.923261810810867e-05
2.27860009765625 3.7024081417038194e-05
2.27960009765625 3.324467282477991e-05
2.28060009765625 3.402241304430158e-05
2.28160009765625 2.8689599578727436e-05
2.28260009765625 2.8043816172481723e-05
2.28360009765625 2.5329418947146313e-05
2.28460009765625 2.2516174408377486e-05
2.28560009765625 2.1403514566741015e-05
2.28660009765625 2.1740747364321707e-05
2.28760009765625 2.0230493828904206e-05
2.28860009765625 2.0295937033257805e-05
2.28960009765625 1.7253149042613963e-05
2.29060009765625 1.678442959389242e-05
2.29160009765625 1.7075583992534837e-05
2.29260009765625 1.7444253234773518e-05
2.29360009765625 1.5451220393258627e-05
2.29460009765625 1.4762756136115174e-05
2.29560009765625 1.2836876365312334e-05
2.29660009765625 1.3663968086200379e-05
2.29760009765625 1.2316999672909765e-05
2.29860009765625 1.219209875672687e-05
2.29960009765625 1.2902137248424695e-05
2.30060009765625 9.774176499411247e-06
2.30160009765625 1.0120557903468364e-05
2.3026000976562497 0.0
2.3036000976562496 0.0
