Microns Throughput
0.398 0.0
0.399 0.0
0.4 0.0
0.401 0.0
0.402 0.0
0.403 0.0
0.404 0.0
0.405 0.0
0.406 0.0
0.407 0.0
0.408 0.0
0.409 0.0
0.41 0.0
0.411 0.0
0.412 0.0
0.413 0.0
0.414 0.0
0.415 0.0
0.416 0.0
0.417 0.0
0.418 0.0
0.419 0.0
0.42 0.0
0.421 0.0
0.422 0.0
0.423 0.0
0.424 0.0
0.425 0.0
0.426 0.0
0.427 0.0
0.428 0.0
0.429 0.0
0.43 0.0
0.431 0.0
0.432 0.0
0.433 0.0
0.434 0.0
0.435 0.0
0.436 0.0
0.437 0.0
0.438 0.0
0.439 0.0
0.44 0.0
0.441 0.0
0.442 0.0
0.443 0.0
0.444 0.0
0.445 0.0
0.446 0.0
0.447 0.0
0.448 0.0
0.449 0.0
0.45 0.0
0.451 0.0
0.452 0.0
0.453 0.0
0.454 0.0
0.455 0.0
0.456 0.0
0.457 0.0
0.458 0.0
0.459 0.0
0.46 0.0
0.461 0.0
0.462 0.0
0.463 0.0
0.464 0.0
0.465 0.0
0.466 0.0
0.467 0.0
0.468 0.0
0.469 0.0
0.47 0.0
0.471 0.0
0.472 0.0
0.473 0.0
0.474 0.0
0.475 0.0
0.476 0.0
0.477 0.0
0.478 0.0
0.479 0.0
0.48 0.0
0.481 0.0
0.482 0.0
0.483 0.0
0.484 0.0
0.485 0.0
0.486 0.0
0.487 0.0
0.488 0.0
0.489 0.0
0.49 0.0
0.491 0.0
0.492 0.0
0.493 0.0
0.494 0.0
0.495 0.0
0.496 0.0
0.497 0.0
0.498 0.0
0.499 0.0
0.5 0.0
0.501 0.0
0.502 0.0
0.503 0.0
0.504 0.0
0.505 0.0
0.506 0.0
0.507 0.0
0.508 0.0
0.509 0.0
0.51 0.0
0.511 0.0
0.512 0.0
0.513 0.0
0.514 0.0
0.515 0.0
0.516 0.0
0.517 0.0
0.518 0.0
0.519 0.0
0.52 0.0
0.521 0.0
0.522 0.0
0.523 0.0
0.524 0.0
0.525 1.9225905522291333e-07
0.526 8.135571472750429e-07
0.527 1.4118337932152445e-06
0.528 1.786866412367251e-06
0.529 1.8363570780266378e-06
0.53 1.69356977707338e-06
0.531 1.5799851972283352e-06
0.532 1.546409091166425e-06
0.533 1.5849239729348751e-06
0.534 1.6551071598277287e-06
0.535 1.8977915180236862e-06
0.536 2.3383929582584374e-06
0.537 3.0976947131006065e-06
0.538 4.272760410263763e-06
0.539 6.495480188734912e-06
0.54 1.0112816303699494e-05
0.541 1.4370236047440454e-05
0.542 1.674891434948272e-05
0.543 1.5987661366121026e-05
0.544 1.2744437036994844e-05
0.545 9.2453040837662e-06
0.546 6.5446811225108635e-06
0.547 5.000318986960347e-06
0.548 4.164203136065634e-06
0.549 3.7468706685580816e-06
0.55 3.705136414599497e-06
0.551 3.989832796308186e-06
0.552 4.400706306181819e-06
0.553 4.950271760752365e-06
0.554 5.593729745240331e-06
0.555 6.201820049106665e-06
0.556 6.387331129371086e-06
0.557 6.461989116641511e-06
0.558 5.515079688010251e-06
0.559 3.879827965002106e-06
0.56 3.839758259542771e-06
0.561 4.346260865485196e-06
0.562 4.1361349958540626e-06
0.563 3.8446384183865314e-06
0.564 4.2507273539374675e-06
0.565 4.835853831544264e-06
0.566 5.343418299985536e-06
0.567 5.417601705816932e-06
0.568 5.679802193197963e-06
0.569 5.957814962420243e-06
0.57 5.865185414778937e-06
0.571 6.18625675773371e-06
0.572 7.31703694452683e-06
0.573 8.698010020522608e-06
0.574 9.448371336126568e-06
0.575 1.0533312493755123e-05
0.576 1.2680524369074548e-05
0.577 1.4533375296044919e-05
0.578 1.527876190768761e-05
0.579 1.5985724386832873e-05
0.58 1.772218082844973e-05
0.581 2.1793764737058458e-05
0.582 2.9372309998208147e-05
0.583 4.409662836788759e-05
0.584 7.860972475377512e-05
0.585 0.00016157269988784
0.586 0.00029963300765103
0.587 0.00040358501000343003
0.588 0.00037910533316688
0.589 0.00024910938857133
0.59 0.00013214426831856
0.591 7.453743630913947e-05
0.592 5.1964704528863864e-05
0.593 3.9886885106149774e-05
0.594 3.324317040507318e-05
0.595 3.2522833929502145e-05
0.596 3.0462970554110093e-05
0.597 3.129838798438952e-05
0.598 3.398633517295303e-05
0.599 3.533743370071625e-05
0.6 3.8356709211299175e-05
0.601 4.281129606623886e-05
0.602 4.970983021527878e-05
0.603 6.066775770539915e-05
0.604 7.39352179648139e-05
0.605 8.579923878575131e-05
0.606 9.876122666316e-05
0.607 0.00011031536003301
0.608 0.00011348831020743
0.609 0.00010972040117301
0.61 0.00010118642876406
0.611 8.959573106149464e-05
0.612 7.5909963270793e-05
0.613 6.460094383090629e-05
0.614 5.532362938247855e-05
0.615 4.977107099588016e-05
0.616 4.5093421487119603e-05
0.617 4.2541650628664814e-05
0.618 4.2060996844201775e-05
0.619 3.92195630047859e-05
0.62 3.650202510597004e-05
0.621 3.483939570806472e-05
0.622 3.898667631784627e-05
0.623 4.193642261960704e-05
0.624 4.67124185607088e-05
0.625 5.5607033422378456e-05
0.626 6.877275875311008e-05
0.627 8.985585775180421e-05
0.628 0.00012602346040953
0.629 0.00018565827266421
0.63 0.00027707542911837
0.631 0.00039132059652044997
0.632 0.00047657901444606005
0.633 0.00048164507988876
0.634 0.00040996796098194
0.635 0.00031894943023583997
0.636 0.00024763615841124004
0.637 0.00020664999317106
0.638 0.00018624722141493002
0.639 0.00018010637629056002
0.64 0.00019040152705821
0.641 0.00021048754497219
0.642 0.00023923199143503
0.643 0.00026950251085614
0.644 0.00029409109557543
0.645 0.00029773360427319003
0.646 0.0002715737940378
0.647 0.00022653105641523
0.648 0.00017747126788401
0.649 0.00014114298566835
0.65 0.00011456952541596
0.651 9.445253869529999e-05
0.652 8.171727172459412e-05
0.653 7.871237933918437e-05
0.654 7.786114433088193e-05
0.655 8.027421125589656e-05
0.656 8.676040205620725e-05
0.657 0.00010200194927109
0.658 0.00012033857810169001
0.659 0.00014502068812692
0.66 0.00017465977402389
0.661 0.00020544984052820999
0.662 0.00021704994698922
0.663 0.00020707663641561
0.664 0.00018538413426414
0.665 0.00016309027614249002
0.666 0.00014044685063796
0.667 0.00012126366275382001
0.668 0.00011223719871237001
0.669 0.00010735426906974
0.67 0.0001063125522666
0.671 0.00010723286592981
0.672 0.00011894924873943002
0.673 0.00013781308720148998
0.674 0.00016368665864994
0.675 0.00018825167734308002
0.676 0.00021192104743047
0.677 0.00022625661565025998
0.678 0.00023192854983153
0.679 0.00022186515103335002
0.68 0.00019804258445562002
0.681 0.00016460340538329
0.682 0.00013906150232211002
0.683 0.00013002485729391
0.684 0.00012562596755037
0.685 0.00012069142191612002
0.686 0.00011688742543941
0.687 0.00012043604039958
0.688 0.00012703799008944
0.689 0.00013183651081458
0.69 0.00014176167826347
0.691 0.00015131257658514
0.692 0.00015247092504249002
0.693 0.00014526793373355
0.694 0.00013463059294971
0.695 0.00012128490925983
0.696 0.00010399306919184001
0.697 9.194684618565001e-05
0.698 8.407723025284289e-05
0.699 7.806187761583482e-05
0.7 7.24732161366534e-05
0.701 6.582552132872647e-05
0.702 6.257525675147341e-05
0.703 6.604141351806285e-05
0.704 7.636551881687384e-05
0.705 8.929181517554941e-05
0.706 0.00010541891388303
0.707 0.00012399697620261
0.708 0.00014747791613751
0.709 0.00018630599477841
0.71 0.0002594457712665
0.711 0.00038018243696751004
0.712 0.00056240333573895
0.713 0.00081053232877125
0.714 0.00114573359220111
0.715 0.0014883626314233
0.716 0.00169399407302838
0.717 0.0015978535861795198
0.718 0.00128574355077387
0.719 0.0009357943971447901
0.72 0.0006600713316219
0.721 0.00045589722877782007
0.722 0.00031488588300816
0.723 0.00023356927186803
0.724 0.00017089561389366
0.725 0.00013000990283316
0.726 0.00010395400437576
0.727 8.754252794835117e-05
0.728 7.070757540456137e-05
0.729 5.466518263665997e-05
0.73 4.998554557016203e-05
0.731 4.7633824711365764e-05
0.732 4.501492076174268e-05
0.733 4.113966609758225e-05
0.734 4.529776668853908e-05
0.735 4.7073979386560595e-05
0.736 4.2478252347729954e-05
0.737 4.466827058963379e-05
0.738 5.479867737930826e-05
0.739 6.902322791655747e-05
0.74 7.590642454261335e-05
0.741 9.478736217279e-05
0.742 0.00012506969728413002
0.743 0.00018027357283521
0.744 0.0002688420025431
0.745 0.00040833905774076
0.746 0.0006106451781806101
0.747 0.00087562949773491
0.748 0.00115071912243396
0.749 0.00134922045987855
0.75 0.00143284689182385
0.751 0.00148834843999398
0.752 0.00174278415730329
0.753 0.00235756525648077
0.754 0.0030387543552647103
0.755 0.00303466788946404
0.756 0.00215149288102137
0.757 0.00106118310075039
0.758 0.00043542840312567
0.759 0.00021420684918126
0.76 0.00012207515767407
0.761 6.897448668172202e-05
0.762 4.1328578119303306e-05
0.763 3.3528478613264975e-05
0.764 2.3277225030886412e-05
0.765 1.3123434652231055e-05
0.766 1.2628776396032207e-05
0.767 1.3487536363621803e-05
0.768 1.323627075588265e-05
0.769 9.080211546862077e-06
0.77 9.424438468166423e-06
0.771 7.879493349036403e-06
0.772 9.93341747627514e-06
0.773 9.612192668482858e-06
0.774 4.3243248477310854e-06
0.775 5.658371637774891e-06
0.776 8.189533763053558e-06
0.777 1.4918413287102978e-05
0.778 5.804722348798267e-06
0.779 6.739902153091379e-06
0.78 9.429924878166888e-06
0.781 1.3928132283870658e-05
0.782 7.93543453534077e-06
0.783 1.5342933752924472e-05
0.784 1.536659021211302e-05
0.785 1.1862228734119277e-05
0.786 1.023416871499681e-05
0.787 1.595598672165239e-05
0.788 2.481073705351788e-05
0.789 4.596461222560548e-05
0.79 9.014694259392e-05
0.791 0.00013731602475636
0.792 0.00015941807044794003
0.793 0.00013114708976943
0.794 8.714877579941188e-05
0.795 5.836689287218004e-05
0.796 4.293462664203083e-05
0.797 -7.385764394880055e-05
0.798 0.00030414080441079004
0.799 0.0008844943722902999
0.8 0.0018762661267551898
0.801 0.0013808821672154701
0.802 0.00204934402953315
0.803 0.00183472196830929
0.804 0.00187006915920735
0.805 0.00039283848974241005
0.806 0.00015131462198778001
0.807 0.0006872043408786
0.808 0.00157228578242487
0.809 0.00174664324486962
0.81 0.00085069787864067
0.811 0.00107995555801152
0.812 0.00100751396090661
0.813 0.00146605731839244
0.814 0.00139691714379651
0.815 0.00156105958316238
0.816 0.00109323568321794
0.817 0.0012276091287604799
0.818 0.00114120344988333
0.819 0.00091955855695383
0.82 0.00127443759099354
0.821 0.0020684871337068
0.822 0.00173063410524198
0.823 0.0005165379651384
0.824 -0.00032506281455661003
0.825 0.00021853457130078
0.826 0.00137231895524985
0.827 0.0016953442200725402
0.828 0.0007562566609362
0.829 4.708047537676526e-06
0.83 0.00049145539169628
0.831 0.00094502344868685
0.832 0.00121635157880187
0.833 0.00106857553914855
0.834 0.00104230222351092
0.835 0.00094855852491048
0.836 0.00100939359333168
0.837 0.00093883718411397
0.838 0.00117430314171894
0.839 0.00121262085693657
0.84 0.00097758853804944
0.841 0.00079717052944809
0.842 0.00095712030279612
0.843 0.00083889057391263
0.844 0.00072277049074014
0.845 0.0006526397187645301
0.846 0.00081440734736961
0.847 0.00112435480426041
0.848 0.0012419177096856602
0.849 0.00091853335825551
0.85 0.00079986353791932
0.851 0.0010274155926621301
0.852 0.00119033408600712
0.853 0.00121253676140511
0.854 0.00140999501657124
0.855 0.00094443914079072
0.856 0.00053043334344279
0.857 0.00033037636428207
0.858 0.00085316432723802
0.859 0.00106852482835731
0.86 0.00143885602765827
0.861 0.0009462719460293999
0.862 0.00075588578429931
0.863 0.00052880985781587
0.864 0.0009724751958262501
0.865 0.00102987749348613
0.866 0.00114788002078071
0.867 0.0006536612723045401
0.868 0.0007987495966603201
0.869 0.00107324137918188
0.87 0.00128690851761549
0.871 0.0010161068224338
0.872 0.00114629361649803
0.873 0.00115045982376138
0.874 0.0009973679401566
0.875 0.00098538073589124
0.876 0.00109688397867684
0.877 0.00112327811001783
0.878 0.00105408149622552
0.879 0.00101056674441393
0.88 0.0009155110733569801
0.881 0.0007921839695787
0.882 0.0007679705126697001
0.883 0.00081132484609458
0.884 0.00072512842435569
0.885 0.00059405590126989
0.886 0.00066397026629286
0.887 0.00082923082239123
0.888 0.00072039192248754
0.889 0.00059340355223148
0.89 0.00075990870597591
0.891 0.0008797967818111801
0.892 0.00085728016217727
0.893 0.0008994656328313502
0.894 0.00099985924891314
0.895 0.00102741098260761
0.896 0.00101780469639234
0.897 0.00096259593425292
0.898 0.0009421698421793699
0.899 0.0009444661365812401
0.9 0.0010009384800531299
0.901 0.0011079474737083202
0.902 0.0011441299253488202
0.903 0.0011086430824435501
0.904 0.00105941283527241
0.905 0.0010516675479255002
0.906 0.00093142495622736
0.907 0.00080616504618495
0.908 0.00083019851882649
0.909 0.0008867376317039401
0.91 0.00081406615416462
0.911 0.00068730127760151
0.912 0.0007131208888395
0.913 0.00084679513186527
0.914 0.00081272898460476
0.915 0.00070888149741636
0.916 0.00056877847058916
0.917 0.00045227340709713004
0.918 0.00046785538865466
0.919 0.00059654126805003
0.92 0.00067566609116712
0.921 0.00063625665717981
0.922 0.00060295381998345
0.923 0.0006838350300659699
0.924 0.0008105256116011801
0.925 0.0009044967550464
0.926 0.0009145728621838801
0.927 0.00104951902945293
0.928 0.00119340560093616
0.929 0.00131741992976976
0.93 0.00134892030803436
0.931 0.00144110119408002
0.932 0.0016241150412319501
0.933 0.00179913940978428
0.934 0.00188538332644287
0.935 0.0019327700317211102
0.936 0.0020361411384885904
0.937 0.00216759766284324
0.938 0.00227225243362986
0.939 0.00235509717152943
0.94 0.00238197526456887
0.941 0.00237846158511885
0.942 0.0023780853155134798
0.943 0.00242126132265315
0.944 0.0023876960506657202
0.945 0.00234627577164558
0.946 0.00229255720663284
0.947 0.00222695693995383
0.948 0.00213259398468336
0.949 0.00205298669305575
0.95 0.00196163703749349
0.951 0.00186363867396951
0.952 0.0018088962598593
0.953 0.00173852684945307
0.954 0.00163209648109086
0.955 0.00156537628090227
0.956 0.001523172991293
0.957 0.00147108064854492
0.958 0.00141918139222353
0.959 0.00140940153207342
0.96 0.00140494120789905
0.961 0.00144336728646225
0.962 0.00153683389380474
0.963 0.0016519582276375501
0.964 0.0017203094670995098
0.965 0.0018438355076409898
0.966 0.0020292174186379197
0.967 0.00225138091568715
0.968 0.00248739381437274
0.969 0.00280328737883418
0.97 0.0032461081989133504
0.971 0.0037459438676649896
0.972 0.00433675484289252
0.973 0.00507226398589809
0.974 0.00598379651804835
0.975 0.00701428962692745
0.976 0.00833616689271651
0.977 0.009909885082057559
0.978 0.01177231195945215
0.979 0.01392093315136431
0.98 0.01664173492894035
0.981 0.01962812865525759
0.982 0.02316465400630329
0.983 0.02715396108241581
0.984 0.03168956641500441
0.985 0.03708603548745399
0.986 0.04275307105749549
0.987 0.04889551564188522
0.988 0.05542772001992001
0.989 0.06319811374573284
0.99 0.07130904437075589
0.991 0.07967386716924905
0.992 0.08959245900850782
0.993 0.09917884553368014
0.994 0.10877896413239707
0.995 0.11842807610123568
0.996 0.1300089192847759
0.997 0.14143815674753787
0.998 0.15299734251061234
0.999 0.1643707720248509
1.0 0.17488145063444246
1.001 0.18512212249867852
1.002 0.1954737450567919
1.003 0.20595579235481648
1.004 0.21645915157019469
1.005 0.22585129506086857
1.006 0.23453127720115372
1.007 0.24179088736488555
1.008 0.24934254419827576
1.009 0.2562032937528533
1.01 0.26276812374630976
1.011 0.26952821631011376
1.012 0.27533237095851776
1.013 0.2807614684779711
1.014 0.2854619457810265
1.015 0.2900222878684429
1.016 0.29300031695732776
1.017 0.2960645252325664
1.018 0.2997165844873224
1.019 0.3030720648833916
1.02 0.30648787319595255
1.021 0.30961136344623175
1.022 0.3121937049624272
1.023 0.31344942641349294
1.024 0.3147239010037165
1.025 0.31550204492847894
1.026 0.3160895032324095
1.027 0.3172221213146264
1.028 0.31902438885133927
1.029 0.3206458263512206
1.03 0.3218300733630425
1.031 0.32309216420463355
1.032 0.32398363231913135
1.033 0.3243742317938564
1.034 0.32556608395460557
1.035 0.32655863524252216
1.036 0.3277274642910333
1.037 0.3289500033965065
1.038 0.32976071746037927
1.039 0.32965496201023425
1.04 0.3291983547278646
1.041 0.32937135324557976
1.042 0.3297582258303842
1.043 0.33126457664570735
1.044 0.332695251412649
1.045 0.3330237914626978
1.046 0.3331588196078099
1.047 0.3335080358132682
1.048 0.33443111656592495
1.049 0.3345033411501572
1.05 0.3342934411759608
1.051 0.33424931396171703
1.052 0.335051253109045
1.053 0.3363248214471044
1.054 0.33658355835974807
1.055 0.33610848039448116
1.056 0.33508929261073617
1.057 0.3347621600341896
1.058 0.33489398525293507
1.059 0.3351648720064
1.06 0.33577989573477574
1.061 0.3360447960670077
1.062 0.3363850773741157
1.063 0.3365520246063385
1.064 0.33648960467364525
1.065 0.33618709465853963
1.066 0.3363241337619048
1.067 0.337213638788874
1.068 0.3378772309052336
1.069 0.33844443065674407
1.07 0.3378228502500427
1.071 0.33742171307512797
1.072 0.33711013703932735
1.073 0.33767334043466213
1.074 0.33853700706248924
1.075 0.33989945007806865
1.076 0.34168491477458085
1.077 0.34311957827614653
1.078 0.34436245290619444
1.079 0.3451348873870537
1.08 0.3464655512270769
1.081 0.34764404120950865
1.082 0.3483730881911496
1.083 0.3487760210109526
1.084 0.3494905029634195
1.085 0.35076386541986265
1.086 0.3520280861244024
1.087 0.353290036476333
1.088 0.3536914137042481
1.089 0.353389967131798
1.09 0.35307675606356065
1.091 0.35426115177885836
1.092 0.35637565491041345
1.093 0.35766014785337447
1.094 0.3581072459029708
1.095 0.3577741668679096
1.096 0.35780524521798746
1.097 0.357863671486036
1.098 0.3585403338310584
1.099 0.35936168371848287
1.1 0.3600210072216605
1.101 0.360780691192255
1.102 0.36126595890617463
1.103 0.361443385623062
1.104 0.36139971348196703
1.105 0.36134640554845
1.106 0.3615650723518936
1.107 0.36210475422143396
1.108 0.36328720478558246
1.109 0.3633720845410006
1.11 0.3633180628708844
1.111 0.36327933493781905
1.112 0.36349998548068185
1.113 0.3633665316584716
1.114 0.36347858881127443
1.115 0.36422780206558014
1.116 0.364498489984712
1.117 0.3648470839091858
1.118 0.3651597474899709
1.119 0.36519268010380757
1.12 0.364324457071026
1.121 0.36347734255061126
1.122 0.36329371772398855
1.123 0.36285668675275573
1.124 0.36285920853738646
1.125 0.3636410043772463
1.126 0.3642718887604067
1.127 0.3638124851593294
1.128 0.36299558301278784
1.129 0.3625987945496319
1.13 0.363041159572351
1.131 0.36430682782003193
1.132 0.36492419356630357
1.133 0.3646927663667007
1.134 0.36438351531775726
1.135 0.36434265271635197
1.136 0.3648561485983584
1.137 0.36544158307811136
1.138 0.36607698355930274
1.139 0.3662863487187061
1.14 0.36735848625050377
1.141 0.3690615951508135
1.142 0.37084421212505875
1.143 0.37197967442642765
1.144 0.37204821924082315
1.145 0.3721357124691687
1.146 0.37287744133205286
1.147 0.3741930988880589
1.148 0.37585151841131514
1.149 0.37626228272259266
1.15 0.37664268394768013
1.151 0.37706641511127886
1.152 0.3781062451095071
1.153 0.3786228811806266
1.154 0.37905861233909116
1.155 0.37974615074099555
1.156 0.3802468479886091
1.157 0.38137575425806186
1.158 0.38244284621263297
1.159 0.38340248952602196
1.16 0.38306480209499044
1.161 0.382836312412571
1.162 0.38313301567807595
1.163 0.38421727901534636
1.164 0.38501400450268736
1.165 0.3856456903125399
1.166 0.38583896322115524
1.167 0.3857818125253494
1.168 0.3853615319416278
1.169 0.38555648726086683
1.17 0.3853972146223437
1.171 0.3851586847631387
1.172 0.38453660856775124
1.173 0.3847376347865472
1.174 0.3843705200292859
1.175 0.38342925199535355
1.176 0.38153376517419474
1.177 0.37927844204330474
1.178 0.37721536053662663
1.179 0.37454715916015624
1.18 0.37148499348798736
1.181 0.3679272254548649
1.182 0.3631724728994067
1.183 0.35683845064103475
1.184 0.34862378539278277
1.185 0.3405761035881948
1.186 0.331439738610829
1.187 0.3212035263945786
1.188 0.3096900256827719
1.189 0.29881503054459546
1.19 0.2883787271254466
1.191 0.276751899770201
1.192 0.265202528101597
1.193 0.2541561074608665
1.194 0.24434531823879216
1.195 0.2359186786436587
1.196 0.22905206222471586
1.197 0.22410235304024922
1.198 0.2223583124592484
1.199 0.223044186206469
1.2 0.2245977245799405
1.201 0.2272001337220215
1.202 0.23209408658543398
1.203 0.23930445576762638
1.204 0.247801866265215
1.205 0.25709099184663003
1.206 0.2678751583317449
1.207 0.2790008429909147
1.208 0.290254553437364
1.209 0.3018940584675938
1.21 0.31493132958764836
1.211 0.32697823803254406
1.212 0.33769964021623994
1.213 0.34827442539122133
1.214 0.357662956333879
1.215 0.3656024500130717
1.216 0.37224403914233845
1.217 0.3787009808010642
1.218 0.3847237942365188
1.219 0.38937077335238224
1.22 0.39225430009390505
1.221 0.3938853624593922
1.222 0.3954567700466054
1.223 0.39716218515109664
1.224 0.3976146837662158
1.225 0.39799456364107594
1.226 0.3983163780303758
1.227 0.3992392282787506
1.228 0.39962373664098616
1.229 0.39958872379816257
1.23 0.3990318354704958
1.231 0.3984119663271656
1.232 0.3987890139198526
1.233 0.3995630776280802
1.234 0.40013523348573005
1.235 0.40011675476280123
1.236 0.40005023115174193
1.237 0.4003650103600222
1.238 0.4003030177587469
1.239 0.4001450147377187
1.24 0.40013444040989615
1.241 0.400784221080651
1.242 0.40161478753326735
1.243 0.40203758845817766
1.244 0.40226446598926546
1.245 0.40170334770052835
1.246 0.40176506290770786
1.247 0.40155743084824974
1.248 0.40178109876538404
1.249 0.40228236014717594
1.25 0.40299046201331973
1.251 0.4032742548564404
1.252 0.40334846370271743
1.253 0.40366140822204694
1.254 0.4033366898411849
1.255 0.4033370109793873
1.256 0.4032434911946363
1.257 0.4033009851846247
1.258 0.40351160049710894
1.259 0.40412552990094963
1.26 0.4047298230316815
1.261 0.40497459250703666
1.262 0.4049975301254639
1.263 0.40480219252623906
1.264 0.40491553872320574
1.265 0.4055786115328475
1.266 0.4062074125117695
1.267 0.40677952128295214
1.268 0.40657720215120496
1.269 0.4061009974513876
1.27 0.4056531272245013
1.271 0.40593306498126996
1.272 0.4060960094383263
1.273 0.4061254873615985
1.274 0.4062228186078103
1.275 0.40641321222495874
1.276 0.40658521457147634
1.277 0.40692960925505084
1.278 0.4069015793143395
1.279 0.4062502417911129
1.28 0.40567218188861304
1.281 0.4061174602740069
1.282 0.40664475581418524
1.283 0.40721928720254597
1.284 0.4074096221032815
1.285 0.4076435228067244
1.286 0.40722268976523823
1.287 0.40668309978937317
1.288 0.40639826608271074
1.289 0.4063419814806455
1.29 0.4060963372545128
1.291 0.4058654582343904
1.292 0.4062154790941316
1.293 0.4064588114784132
1.294 0.4061703300878839
1.295 0.40507530982275897
1.296 0.4041628578473231
1.297 0.4049939968485243
1.298 0.406898177489755
1.299 0.40887020664647333
1.3 0.4091573601483052
1.301 0.408833662551416
1.302 0.4076859001062638
1.303 0.40727996514618264
1.304 0.4070547369359508
1.305 0.40753781243773823
1.306 0.4076782631563364
1.307 0.40793819913323276
1.308 0.40793711969737056
1.309 0.4085536910174067
1.31 0.40882122021419676
1.311 0.40959602990753363
1.312 0.4100721125097287
1.313 0.41052921153124744
1.314 0.4110139119319067
1.315 0.4123849059802226
1.316 0.41341088000365167
1.317 0.413508680741323
1.318 0.41317104392881204
1.319 0.41386148883551066
1.32 0.4146766299161032
1.321 0.4149664312420584
1.322 0.4143499590599016
1.323 0.41480889427884393
1.324 0.4158922783786908
1.325 0.4168855428026985
1.326 0.4168155008986335
1.327 0.41633533472459777
1.328 0.41586384168506707
1.329 0.4156782304508347
1.33 0.416514619431449
1.331 0.4176073493646439
1.332 0.4184433177609411
1.333 0.4182672423863298
1.334 0.41764890838341845
1.335 0.41693011138324554
1.336 0.4171837443136332
1.337 0.41823746252225347
1.338 0.4189467521342477
1.339 0.4191322939774563
1.34 0.4194116928538532
1.341 0.4200000659504533
1.342 0.4206613730638761
1.343 0.4209445240015777
1.344 0.42089713155928693
1.345 0.42072620645067516
1.346 0.4208562415496445
1.347 0.42140283243763715
1.348 0.4227081087535472
1.349 0.42362089401087233
1.35 0.4231782425377296
1.351 0.42226204445450766
1.352 0.42188232907012535
1.353 0.4222346577738748
1.354 0.42367912487488546
1.355 0.4245806258948174
1.356 0.42444713021104713
1.357 0.424293609297972
1.358 0.42490879566306156
1.359 0.42461656938575243
1.36 0.4236093387525007
1.361 0.4230498593129491
1.362 0.42377768929733767
1.363 0.42480974901639756
1.364 0.4255717855345725
1.365 0.4252376553945578
1.366 0.42433211513789415
1.367 0.42251451591556144
1.368 0.42137234582797334
1.369 0.4211617175687699
1.37 0.42187968417378174
1.371 0.42203199216514303
1.372 0.42114116288827025
1.373 0.4192910133477978
1.374 0.4172723176708064
1.375 0.41616800476639093
1.376 0.41573814891362515
1.377 0.4150905717014882
1.378 0.4137132107810374
1.379 0.4124713353670117
1.38 0.41179186214298324
1.381 0.41083338650441237
1.382 0.4097641478902276
1.383 0.40854024689294693
1.384 0.4073502834301559
1.385 0.4070375092959461
1.386 0.40768044616397825
1.387 0.40818152609014535
1.388 0.4076912941951617
1.389 0.40735745121699773
1.39 0.4074256393625944
1.391 0.4079945143998201
1.392 0.40804358455297934
1.393 0.40893855629782555
1.394 0.4102312601552292
1.395 0.4115567668791559
1.396 0.4115337371995543
1.397 0.4117600471351763
1.398 0.4125070438418259
1.399 0.4133609009442677
1.4 0.41407316019585627
1.401 0.4150250779812313
1.402 0.41585127044294024
1.403 0.41633544634687475
1.404 0.41700181123322766
1.405 0.41747676888732976
1.406 0.41720442092758264
1.407 0.4174425837901525
1.408 0.4184558914764754
1.409 0.4196988889201298
1.41 0.42043829403737215
1.411 0.4216038858357276
1.412 0.4229707515313346
1.413 0.42388701503487075
1.414 0.42431974724208127
1.415 0.42411156384055354
1.416 0.42471387953227646
1.417 0.4261126339359272
1.418 0.4273008522808497
1.419 0.4274559746877695
1.42 0.4265651379928961
1.421 0.4259998027884196
1.422 0.42483606468200713
1.423 0.4238695206978832
1.424 0.4220633348782757
1.425 0.42033398723714765
1.426 0.418399815589485
1.427 0.4160159070821729
1.428 0.41255686426407245
1.429 0.40849901227990104
1.43 0.4046497373030302
1.431 0.39983913006148586
1.432 0.3943707657571631
1.433 0.38896361986565076
1.434 0.38335270653928116
1.435 0.37708040769411366
1.436 0.36976617748739576
1.437 0.36373589757308344
1.438 0.3563905191653437
1.439 0.34802970393114957
1.44 0.3384976001583333
1.441 0.33053530007841525
1.442 0.3229077873077622
1.443 0.31435367674452874
1.444 0.30525487700360754
1.445 0.296415213624295
1.446 0.2877414414367397
1.447 0.28010725621912647
1.448 0.273245438675223
1.449 0.2676274295218407
1.45 0.2619619973890535
1.451 0.2573720614030027
1.452 0.2532536713666894
1.453 0.24964400323819785
1.454 0.24754297831910327
1.455 0.2471551853699575
1.456 0.24824734382050995
1.457 0.2498357825264159
1.458 0.2529528589798177
1.459 0.2577104460118105
1.46 0.2639049448633104
1.461 0.2706689362516812
1.462 0.2779282848904917
1.463 0.28654106696598014
1.464 0.2963012286498461
1.465 0.30839447148029836
1.466 0.32034582023330394
1.467 0.3325554128942335
1.468 0.3424460505432403
1.469 0.35313539928703236
1.47 0.36377785955507635
1.471 0.3750806731392342
1.472 0.3866519137243483
1.473 0.39709888737279725
1.474 0.40726316532682794
1.475 0.4148597238637088
1.476 0.4225842153628828
1.477 0.42809021689445603
1.478 0.43314503248412
1.479 0.4371284361178602
1.48 0.4415507358577417
1.481 0.4448367915677187
1.482 0.44753434756142224
1.483 0.4499167933383934
1.484 0.4519383917762938
1.485 0.45216167455560874
1.486 0.4521380241889086
1.487 0.451496019836952
1.488 0.4520903044531724
1.489 0.4528455957062717
1.49 0.4543440684954328
1.491 0.45505182019186724
1.492 0.4552083876931113
1.493 0.4547301096349149
1.494 0.4535841711699653
1.495 0.45289460721043623
1.496 0.45253066740947
1.497 0.453728178685313
1.498 0.45435812886625354
1.499 0.4550560659747374
1.5 0.4546248293107553
1.501 0.45467123592503467
1.502 0.4546141335073885
1.503 0.45442031295861324
1.504 0.45448911982810236
1.505 0.45557285741331427
1.506 0.4570396216818045
1.507 0.45724206982865306
1.508 0.45775050393722405
1.509 0.45825564554293224
1.51 0.45827645371423364
1.511 0.4584220423415262
1.512 0.45872739637288135
1.513 0.4594673990817581
1.514 0.4601816110006119
1.515 0.46089397937331356
1.516 0.46162375893996876
1.517 0.46204784763792245
1.518 0.46195458093464997
1.519 0.4606692217939024
1.52 0.46002040491825485
1.521 0.4598614685462555
1.522 0.4604397862459502
1.523 0.46206342127088457
1.524 0.46323909889121434
1.525 0.46300029958607
1.526 0.46288157494954874
1.527 0.46297888109026303
1.528 0.4642231000976411
1.529 0.46449183176140185
1.53 0.46527498994518546
1.531 0.4652938192263872
1.532 0.46610085200884777
1.533 0.46618010536447085
1.534 0.46573618766745867
1.535 0.465488175691093
1.536 0.46538248519021674
1.537 0.4659019766881708
1.538 0.46685095678298605
1.539 0.4677528265664022
1.54 0.4678600740730266
1.541 0.4675552095862297
1.542 0.4671172748625754
1.543 0.46571747611878817
1.544 0.464928671849028
1.545 0.4647280266535753
1.546 0.4662001876167226
1.547 0.46655120137872275
1.548 0.46716206850068176
1.549 0.4670030877956994
1.55 0.4667578411564204
1.551 0.46604038478623205
1.552 0.4661408477611836
1.553 0.46692471497702265
1.554 0.4672971352162556
1.555 0.4683523666607226
1.556 0.46923680124104655
1.557 0.4690400004544835
1.558 0.4677079487605627
1.559 0.46659883735040975
1.56 0.46673563377757615
1.561 0.46739542517077787
1.562 0.46807123499080383
1.563 0.4687855316316766
1.564 0.4698776208350439
1.565 0.46986137800383726
1.566 0.4681317159941253
1.567 0.46693923173436785
1.568 0.4665671363339391
1.569 0.466862816504852
1.57 0.4670865214216498
1.571 0.46747702121891793
1.572 0.468262731635849
1.573 0.46834575292748654
1.574 0.4678752068345748
1.575 0.46693101324882297
1.576 0.4668025878322109
1.577 0.46701500352591985
1.578 0.46753201202942973
1.579 0.4684345445448146
1.58 0.4693159038927585
1.581 0.4699027902294376
1.582 0.4679862939807056
1.583 0.46665872576822226
1.584 0.4668466828606017
1.585 0.4680853206093924
1.586 0.46731213109191333
1.587 0.46664869048997687
1.588 0.46677079102804525
1.589 0.46628573928671574
1.59 0.46580923835134
1.591 0.46477963731252925
1.592 0.46498069445387824
1.593 0.46524465892323513
1.594 0.4656275383103114
1.595 0.4656814649415569
1.596 0.46581580552844387
1.597 0.46671760571477716
1.598 0.46611381708210853
1.599 0.46564493728056733
1.6 0.4652624028615314
1.601 0.4657267176569077
1.602 0.4670259544813115
1.603 0.4689833022669951
1.604 0.4709382555735461
1.605 0.4701586001954437
1.606 0.4691794906781708
1.607 0.4681605781116495
1.608 0.4679547759210851
1.609 0.46825818825897975
1.61 0.46920615556469714
1.611 0.4698613395649235
1.612 0.4690285552302643
1.613 0.4693877254452381
1.614 0.47030297092219864
1.615 0.4703743276075886
1.616 0.46901814755710564
1.617 0.46851790749465394
1.618 0.4694032545228568
1.619 0.47096055526905567
1.62 0.47197393103936347
1.621 0.4721646067827612
1.622 0.4711661967009635
1.623 0.47037022259828326
1.624 0.4697405225633288
1.625 0.4712077918107624
1.626 0.47325649191763114
1.627 0.47499359098822075
1.628 0.4749223476791507
1.629 0.4759980813383692
1.63 0.4759149377712145
1.631 0.4737356068274991
1.632 0.47213986446260875
1.633 0.4724381513571834
1.634 0.47389272849158254
1.635 0.4747970796748805
1.636 0.4764317788142442
1.637 0.4761573089415016
1.638 0.4755381795507454
1.639 0.4743114625313812
1.64 0.47448453027642923
1.641 0.475287234463905
1.642 0.47610984342464063
1.643 0.475592107005223
1.644 0.4755040131399176
1.645 0.4751985874952283
1.646 0.4751920383268237
1.647 0.47470056708297276
1.648 0.47482026665386873
1.649 0.47391397523622475
1.65 0.4743170590310668
1.651 0.47549605240556064
1.652 0.47691374628617383
1.653 0.47672678112755895
1.654 0.4754791605595695
1.655 0.4748311845175721
1.656 0.47440823820406913
1.657 0.47421043230836807
1.658 0.4740665670955807
1.659 0.47491322997978774
1.66 0.475427120437715
1.661 0.474849586106596
1.662 0.4740086556260171
1.663 0.4736089262321262
1.664 0.4722867008024816
1.665 0.4714423021176426
1.666 0.47114839296757605
1.667 0.4717400918619751
1.668 0.4711146017808269
1.669 0.4704961039180741
1.67 0.46857077323301877
1.671 0.4666601591814208
1.672 0.4645493272499812
1.673 0.46481210712450477
1.674 0.46677713065008586
1.675 0.46871028867461517
1.676 0.4700747142600488
1.677 0.4704555030460543
1.678 0.4706535310705822
1.679 0.4712857483893809
1.68 0.47332421613109915
1.681 0.4737013333977604
1.682 0.4732238991681881
1.683 0.4742923660539679
1.684 0.4760499853276446
1.685 0.47808673668851204
1.686 0.4783847177285624
1.687 0.47780509773399243
1.688 0.4770924863842574
1.689 0.4780543746554683
1.69 0.4779099505257655
1.691 0.4785645901878457
1.692 0.47927050002199295
1.693 0.4805898895866688
1.694 0.4801085284050701
1.695 0.4797871408084402
1.696 0.47814315130751467
1.697 0.478205180142143
1.698 0.4779161871110199
1.699 0.4782869754029005
1.7 0.47868142060544655
1.701 0.4799456327841786
1.702 0.4796877393592511
1.703 0.4780188239562937
1.704 0.47614838105005697
1.705 0.47507694380419313
1.706 0.47525208388068446
1.707 0.47547838076896803
1.708 0.47550670313135496
1.709 0.47540826644154555
1.71 0.47458512155141513
1.711 0.4739943482550884
1.712 0.47291773946180415
1.713 0.4717103443173039
1.714 0.47097031891943447
1.715 0.4713602628991676
1.716 0.4722170474383957
1.717 0.47253296420704155
1.718 0.4739985967149729
1.719 0.47411719650558115
1.72 0.47386991885817475
1.721 0.472690526819232
1.722 0.4738090362549145
1.723 0.474838067677487
1.724 0.4757354137249036
1.725 0.4770755653924256
1.726 0.4789396864420901
1.727 0.480324083085973
1.728 0.4788361872114923
1.729 0.47751291786578964
1.73 0.47631418626566474
1.731 0.4769761395217698
1.732 0.4776144639904126
1.733 0.4783671089335493
1.734 0.4785204870802464
1.735 0.4780355026391044
1.736 0.47775585718875796
1.737 0.47779875251032783
1.738 0.4785285583364017
1.739 0.4790999003369517
1.74 0.4797371209537488
1.741 0.479923395254908
1.742 0.4804153724221088
1.743 0.48149904044191316
1.744 0.4813212464016319
1.745 0.48066921434122295
1.746 0.4800573549670663
1.747 0.48013045656513936
1.748 0.48031858157524066
1.749 0.481507896557761
1.75 0.4835008669852048
1.751 0.48389470277914953
1.752 0.4827053551918195
1.753 0.48183315493862905
1.754 0.48127483749929895
1.755 0.48179101621327725
1.756 0.48219351625863244
1.757 0.48317885467010974
1.758 0.4826259118080036
1.759 0.48287536344825305
1.76 0.4827490000178334
1.761 0.48186200373243215
1.762 0.4804385984953009
1.763 0.4802358720899737
1.764 0.4811086048111363
1.765 0.48219173304304314
1.766 0.4829243503984993
1.767 0.48315550221941717
1.768 0.4817301774526704
1.769 0.480663585879332
1.77 0.4795317484610894
1.771 0.48009766623906547
1.772 0.4802302718929681
1.773 0.4797005721742265
1.774 0.4802336547980465
1.775 0.48261207356121494
1.776 0.48743299724331546
1.777 0.48555523425596925
1.778 0.4817703625791591
1.779 0.47864692735187764
1.78 0.4809996224731115
1.781 0.4823197559620552
1.782 0.4838425658341087
1.783 0.48513596164469114
1.784 0.485265796979029
1.785 0.48416803577618134
1.786 0.48356327597496335
1.787 0.4840426631430283
1.788 0.4849527257022161
1.789 0.48594687027624944
1.79 0.48657779876915286
1.791 0.4867454734781561
1.792 0.4861594238372598
1.793 0.48493999197946536
1.794 0.48425887341035456
1.795 0.4842516968135971
1.796 0.48365186994926646
1.797 0.48370595927184257
1.798 0.4847755544728394
1.799 0.48659866292640064
1.8 0.4866998254640156
1.801 0.48658986585228986
1.802 0.4863398472746137
1.803 0.4860473073205205
1.804 0.4860475028949775
1.805 0.48644047108473004
1.806 0.4877508634162897
1.807 0.48809446912210075
1.808 0.4884097336848388
1.809 0.48805461928694116
1.81 0.48792197139543925
1.811 0.4876830030257164
1.812 0.4877980345749973
1.813 0.48876904128845094
1.814 0.4902715827669046
1.815 0.49125136418588844
1.816 0.4910756599658619
1.817 0.490605679969698
1.818 0.48948605310698173
1.819 0.4878534523283213
1.82 0.4867563071181579
1.821 0.48677181071233705
1.822 0.4876490202138199
1.823 0.4880713967707324
1.824 0.4883609956455564
1.825 0.4879970317776545
1.826 0.48736449534971354
1.827 0.4864712722130698
1.828 0.4862907502577485
1.829 0.48617799000519923
1.83 0.4867009156230691
1.831 0.4876482509999458
1.832 0.48899181379635553
1.833 0.4887693484132439
1.834 0.4878985370674836
1.835 0.4875281623634927
1.836 0.4876127369763499
1.837 0.4877816146145109
1.838 0.4884812882249133
1.839 0.4905888970991511
1.84 0.490944274053053
1.841 0.4899445439264479
1.842 0.4881062824146468
1.843 0.48711560390600256
1.844 0.4869566532795983
1.845 0.4879684542382344
1.846 0.48935362123139686
1.847 0.48987429643777525
1.848 0.4900498065210735
1.849 0.4892089163011989
1.85 0.48833093954930806
1.851 0.4872772947483795
1.852 0.4869456619973583
1.853 0.4872907725754796
1.854 0.48821758535964366
1.855 0.48916164671328977
1.856 0.48889608654469713
1.857 0.4879657184791534
1.858 0.486754402039856
1.859 0.48646909349027523
1.86 0.4864335673177292
1.861 0.4862454641672121
1.862 0.4871646451892895
1.863 0.488401467274586
1.864 0.489894102248725
1.865 0.4897676542395325
1.866 0.488617967750812
1.867 0.4870535707622612
1.868 0.4869287517418107
1.869 0.4887401990793995
1.87 0.4895418612211892
1.871 0.48996354527825725
1.872 0.4897250687011592
1.873 0.49093852021903517
1.874 0.49128544299353893
1.875 0.4912823780361253
1.876 0.49070217871626903
1.877 0.49112550178804437
1.878 0.49177691380107014
1.879 0.49263091936214015
1.88 0.4932262773563903
1.881 0.4923396748763527
1.882 0.4903005987240131
1.883 0.4887126502185914
1.884 0.48820917455342766
1.885 0.48893041187515146
1.886 0.4897845905474398
1.887 0.4906073947765743
1.888 0.4903541034028067
1.889 0.49002683025393906
1.89 0.48906455218390293
1.891 0.48799168917117464
1.892 0.4877213915467959
1.893 0.48759690598306
1.894 0.4876879751341965
1.895 0.48818388612774216
1.896 0.4893380326563025
1.897 0.49014224399547013
1.898 0.4892828688516306
1.899 0.4881588323180572
1.9 0.4873826536092638
1.901 0.4883600635959781
1.902 0.4888296839076172
1.903 0.4889458328402652
1.904 0.48913304634506866
1.905 0.4891797254043309
1.906 0.48831241829033195
1.907 0.4869991574738375
1.908 0.4870040963745669
1.909 0.488004915683504
1.91 0.48931455011396036
1.911 0.49046131660281184
1.912 0.4905656068659085
1.913 0.4907961021720808
1.914 0.49005795359755316
1.915 0.48907238479689225
1.916 0.4875864459510577
1.917 0.4873431423758016
1.918 0.48859635602562174
1.919 0.48927455163303574
1.92 0.48964726940896847
1.921 0.48892554078030087
1.922 0.4888128070281701
1.923 0.48800521499217975
1.924 0.48715343490282115
1.925 0.48617787764811876
1.926 0.48589212850403835
1.927 0.48643288364561116
1.928 0.486795267032498
1.929 0.4868260946306107
1.93 0.48627389743298594
1.931 0.4853295396994337
1.932 0.48386659389932046
1.933 0.4823936587845653
1.934 0.4828994037366474
1.935 0.4840623465311547
1.936 0.4852718291948076
1.937 0.4850753975685148
1.938 0.4853160640337224
1.939 0.4848335839138208
1.94 0.48457688789973713
1.941 0.48442514652675495
1.942 0.4851515368467171
1.943 0.4866850415575758
1.944 0.4880158323075069
1.945 0.48911116933746757
1.946 0.4894267584866583
1.947 0.489035591732597
1.948 0.48780708867597145
1.949 0.4868178857316348
1.95 0.4872651426420707
1.951 0.488589447729418
1.952 0.48963769896400655
1.953 0.489661690902883
1.954 0.48959260888890677
1.955 0.48939579425823626
1.956 0.4890594465350717
1.957 0.4888391867181106
1.958 0.4888715599343448
1.959 0.4889312285490988
1.96 0.48932216114986216
1.961 0.4894268629867942
1.962 0.48979535199485846
1.963 0.48956854255576054
1.964 0.48937702165992686
1.965 0.4885777244805194
1.966 0.489048637579902
1.967 0.49019479951736805
1.968 0.4904241652776393
1.969 0.489946626984083
1.97 0.48893863425852563
1.971 0.4890766653430986
1.972 0.48870210202195613
1.973 0.48892521241905135
1.974 0.48856883606395335
1.975 0.4889378638641632
1.976 0.4893759419045503
1.977 0.48982040969356566
1.978 0.4905333072624118
1.979 0.490782619095813
1.98 0.49069514741399745
1.981 0.4899321991545364
1.982 0.4898175851080613
1.983 0.49020848085408897
1.984 0.4905722553840882
1.985 0.49133816815385467
1.986 0.4918685026101871
1.987 0.492681119516614
1.988 0.4923124348625715
1.989 0.49205460966269016
1.99 0.4915730364396051
1.991 0.4918176264801963
1.992 0.4919210753409324
1.993 0.49118563436069
1.994 0.4897938540994307
1.995 0.4871895292067049
1.996 0.4843558658484382
1.997 0.4817159740016394
1.998 0.48350575696788334
1.999 0.4859752173266733
2.0 0.4876291154323325
2.001 0.48766211379996877
2.002 0.48772488987223234
2.003 0.4874906084871417
2.004 0.4869318868324524
2.005 0.4875258675918463
2.006 0.48784271116646705
2.007 0.48908408439896506
2.008 0.48939938194025817
2.009 0.489239228273755
2.01 0.48864586409583155
2.011 0.48778470400757995
2.012 0.487538327849918
2.013 0.4878237522769986
2.014 0.48859219082474714
2.015 0.4881778487768851
2.016 0.4878197851245112
2.017 0.48807670677404913
2.018 0.4882531170485522
2.019 0.48763877207973455
2.02 0.48637428123513365
2.021 0.4865505347240714
2.022 0.48821145359093787
2.023 0.4891980739312764
2.024 0.4884572603609208
2.025 0.48706737062570427
2.026 0.4869687074938585
2.027 0.48658445171679915
2.028 0.48628199500228547
2.029 0.4856768741603704
2.03 0.48666645643542045
2.031 0.48800590001565
2.032 0.48851977227869675
2.033 0.4877056439650552
2.034 0.48692626366254743
2.035 0.4870419898981485
2.036 0.4870092401995928
2.037 0.4867592133977474
2.038 0.486800206014449
2.039 0.4864861342922913
2.04 0.4855342278408035
2.041 0.4843064033132704
2.042 0.48380426417160255
2.043 0.4839154479338403
2.044 0.4838243952716397
2.045 0.48365831807060883
2.046 0.4830817201237517
2.047 0.48332609795575504
2.048 0.4832187221790906
2.049 0.48297901190985204
2.05 0.48265481039983976
2.051 0.482034630012269
2.052 0.48130458628618866
2.053 0.48024310002978565
2.054 0.4810296025757768
2.055 0.4815584705967312
2.056 0.4825838424140848
2.057 0.48294629757204405
2.058 0.4840793143558509
2.059 0.48454000882090237
2.06 0.4839085121445756
2.061 0.4834687902218429
2.062 0.48349428555403884
2.063 0.4850217795189464
2.064 0.4852769942390487
2.065 0.4850735925634118
2.066 0.4846262009166363
2.067 0.48394192665665536
2.068 0.4840110853336973
2.069 0.4837793013698695
2.07 0.48493829266621385
2.071 0.485903501464947
2.072 0.4877588627314962
2.073 0.4883377721022506
2.074 0.4886601920714882
2.075 0.4896778163455939
2.076 0.4898035191743305
2.077 0.48881582809300694
2.078 0.4872096240859312
2.079 0.487957444614493
2.08 0.4896534124895706
2.081 0.4907325539869274
2.082 0.4911081319335709
2.083 0.49113131727673787
2.084 0.49185416361241074
2.085 0.49106679166544775
2.086 0.49161679294560023
2.087 0.49179427446699636
2.088 0.4930029748973067
2.089 0.4916708892607047
2.09 0.4899798589526792
2.091 0.4888652925101398
2.092 0.489523067378764
2.093 0.4906115002293083
2.094 0.4899594996692534
2.095 0.48881147098203737
2.096 0.4884356987753663
2.097 0.4897593937252342
2.098 0.4909482753952088
2.099 0.49086882694030237
2.1 0.4900828941996911
2.101 0.48970732541394374
2.102 0.48950306562096796
2.103 0.489001437305029
2.104 0.488580247542192
2.105 0.4894519214153215
2.106 0.4900408015026326
2.107 0.49006743363958705
2.108 0.4898054827644533
2.109 0.4903422749297157
2.11 0.49100433158759155
2.111 0.4901657379522214
2.112 0.4891077996871544
2.113 0.48938254784130664
2.114 0.49051009007286256
2.115 0.49022364140839214
2.116 0.489803651280656
2.117 0.48986043851297506
2.118 0.49039866359374734
2.119 0.4910992546943385
2.12 0.49190110849877977
2.121 0.4926119675365196
2.122 0.4924568677443758
2.123 0.4916246753785553
2.124 0.4912842764009559
2.125 0.4923249489012064
2.126 0.4936505531425336
2.127 0.4928908149877503
2.128 0.4916294258622326
2.129 0.49094623227977946
2.13 0.49202901330507254
2.131 0.4929576411286644
2.132 0.49267839950547215
2.133 0.4917506083123641
2.134 0.49036191995594064
2.135 0.4902640448565106
2.136 0.48981282545579313
2.137 0.4893241983949385
2.138 0.48807207134134106
2.139 0.4868460739772352
2.14 0.48547149604787915
2.141 0.4845322251881534
2.142 0.48493548335442066
2.143 0.4847760849440219
2.144 0.48445075257960474
2.145 0.48338504258657394
2.146 0.48331014499962593
2.147 0.4834665795534923
2.148 0.48379994660038816
2.149 0.4839842710073481
2.15 0.4835374298585952
2.151 0.4826350898855213
2.152 0.48114352034862107
2.153 0.48032691949905176
2.154 0.48003791367494497
2.155 0.4802330916703794
2.156 0.48077692657509585
2.157 0.479819504681001
2.158 0.47898310988011966
2.159 0.4793003101587839
2.16 0.48008776179414436
2.161 0.4796408691148902
2.162 0.4785629031243597
2.163 0.4784739235110802
2.164 0.47741442795505656
2.165 0.4758718620480421
2.166 0.4743815038435087
2.167 0.47449852161842887
2.168 0.47479865736129867
2.169 0.4738527132917094
2.17 0.47289974901323706
2.171 0.47230497704566154
2.172 0.47247215556165323
2.173 0.4722213708325289
2.174 0.4721676441249864
2.175 0.47129020111089504
2.176 0.46914528955459983
2.177 0.46661302673638594
2.178 0.46407692664689754
2.179 0.4623518016346181
2.18 0.4604522704067113
2.181 0.4590425224442093
2.182 0.4581003488153613
2.183 0.456861260079784
2.184 0.454432268644141
2.185 0.4509992550725196
2.186 0.4483574776630002
2.187 0.44526729839207796
2.188 0.4438714193538158
2.189 0.44107498978972165
2.19 0.4396477843402942
2.191 0.4362467562771302
2.192 0.434271212102642
2.193 0.4309430910513497
2.194 0.4285509379107362
2.195 0.4250842567915561
2.196 0.4225702574051118
2.197 0.4196123979351572
2.198 0.4161131479654812
2.199 0.41229129463687614
2.2 0.4096623959286839
2.201 0.40622629470821875
2.202 0.4022368652444318
2.203 0.39776220776242177
2.204 0.39445856214033925
2.205 0.39200515535024166
2.206 0.3903375113486219
2.207 0.38836052454239817
2.208 0.38584791106686717
2.209 0.3830111341143723
2.21 0.3805621276503705
2.211 0.3793879837100633
2.212 0.3794132228049066
2.213 0.3795560461039426
2.214 0.37912503071360604
2.215 0.37823577633165456
2.216 0.37842117832361855
2.217 0.37949194070131154
2.218 0.3807772219505285
2.219 0.3814820496990395
2.22 0.38247324779133524
2.221 0.3838148130378133
2.222 0.38470769227676954
2.223 0.38638106649320086
2.224 0.38809975435485317
2.225 0.38931978666855016
2.226 0.3894058679746866
2.227 0.38979386873073585
2.228 0.3904723544272869
2.229 0.3917054003706314
2.23 0.39312030952854216
2.231 0.39380766668897993
2.232 0.3941795499722963
2.233 0.39505640624410754
2.234 0.3961272718349188
2.235 0.3969257894510231
2.236 0.39760666776009
2.237 0.3979819291919742
2.238 0.39822784815734336
2.239 0.39931907667220734
2.24 0.40058430900046477
2.241 0.40026784056267933
2.242 0.3989874527526048
2.243 0.3984429451576553
2.244 0.39967473102281514
2.245 0.40135418225363045
2.246 0.40264149800741067
2.247 0.4028365687932253
2.248 0.40174927506601227
2.249 0.40145508197836555
2.25 0.40185800613485356
2.251 0.4030782891333472
2.252 0.4029587898968935
2.253 0.40245369476157156
2.254 0.4021471419102972
2.255 0.4027332174583806
2.256 0.40372585950164414
2.257 0.4036521567685563
2.258 0.4035889640543733
2.259 0.4035189526650577
2.26 0.40391611754778084
2.261 0.4040579462695726
2.262 0.4049181032554827
2.263 0.40507435929335445
2.264 0.4045334642764303
2.265 0.40395964001657136
2.266 0.40481671695062216
2.267 0.40574036081422243
2.268 0.4065903131916681
2.269 0.40795522182745547
2.27 0.41036245791809484
2.271 0.4130119015468197
2.272 0.41586836970609586
2.273 0.41774120845623963
2.274 0.4191269965271992
2.275 0.42053481385202596
2.276 0.4225271696843759
2.277 0.424569654993197
2.278 0.4260763428377918
2.279 0.42741795106575775
2.28 0.42812444398682337
2.281 0.42911910148064847
2.282 0.4309222008938027
2.283 0.4337109655500004
2.284 0.4360625080108091
2.285 0.4366906250921298
2.286 0.437265795466299
2.287 0.4383313190174958
2.288 0.4401878179255224
2.289 0.4416261103825441
2.29 0.44276324584892945
2.291 0.44314261175482444
2.292 0.4433413153442596
2.293 0.4444959003112062
2.294 0.4466466374748622
2.295 0.44874458895478564
2.296 0.4492993610669331
2.297 0.44953369789483916
2.298 0.4500497514392265
2.299 0.4519470321231721
2.3 0.45390036238322323
2.301 0.45462044485757286
2.302 0.4548800320260458
2.303 0.4559953455190552
2.304 0.4588479093503752
2.305 0.4617147306588637
2.306 0.4640058745377718
2.307 0.46520297951345874
2.308 0.46718148070176724
2.309 0.4702450860364757
2.31 0.4727714830742933
2.311 0.4746829018559711
2.312 0.47624035716596064
2.313 0.476554285522418
2.314 0.4762171066933854
2.315 0.47611021824641764
2.316 0.4781824181433975
2.317 0.4800329787680826
2.318 0.48117331383703993
2.319 0.4812164763072708
2.32 0.4815211105791603
2.321 0.48235419373703814
2.322 0.48424488346647643
2.323 0.48569151927771276
2.324 0.4853383453322508
2.325 0.48474930645794595
2.326 0.4848909144726365
2.327 0.4850238779880643
2.328 0.4862406855405807
2.329 0.4867972541842328
2.33 0.4872348099464896
2.331 0.4862163558996199
2.332 0.48777301833096903
2.333 0.4900532129488272
2.334 0.4913019592791525
2.335 0.4905767721040588
2.336 0.48997749581680394
2.337 0.49004655922176177
2.338 0.49032704466631605
2.339 0.49083880569116495
2.34 0.4906815166211037
2.341 0.49045819163200743
2.342 0.4904169491637528
2.343 0.49014304876499803
2.344 0.4906404905442278
2.345 0.49022259238404886
2.346 0.49035515086808784
2.347 0.49038740491010946
2.348 0.4919946373246479
2.349 0.49370362152720376
2.35 0.4944688581612433
2.351 0.49509991762919403
2.352 0.4949498204454224
2.353 0.4959556175643034
2.354 0.4967642896882401
2.355 0.4982199536795011
2.356 0.4991965065040256
2.357 0.49955860883937164
2.358 0.5003007770709492
2.359 0.5011625407009085
2.36 0.5029613449561847
2.361 0.5028852316794435
2.362 0.5025026155566148
2.363 0.5010736818877134
2.364 0.5009740272123373
2.365 0.5020074468798585
2.366 0.5031276527545974
2.367 0.504024607361972
2.368 0.5037909250301835
2.369 0.5032852712363882
2.37 0.5031621281389936
2.371 0.5037910539614052
2.372 0.5044469984362793
2.373 0.5036284333584851
2.374 0.502982834534014
2.375 0.5030868835517497
2.376 0.5041288055494739
2.377 0.5039932254006514
2.378 0.5038087560234061
2.379 0.5030130009643756
2.38 0.5017784168942816
2.381 0.0
2.382 0.0
