Microns Throughput
4.4968982289999975 0.0
4.498249459999999 0.0
4.499600691 1.642626583791008e-05
4.5009519220000005 1.924021125068483e-05
4.502303154 1.3144186900645076e-05
4.503654385 1.7606320481068987e-05
4.505005617 2.206313301726961e-05
4.506356848 2.3149135371266895e-05
4.507708079 2.197215522888239e-05
4.509059311 2.7423905598795357e-05
4.510410542 4.0638386972434686e-05
4.511761774 4.015773478944019e-05
4.513113005 3.773238979792749e-05
4.514464237 3.9766688698538694e-05
4.515815468 5.893060593829802e-05
4.517166699000001 6.647957194916468e-05
4.518517931 6.780876574450007e-05
4.519869162 7.101478203400063e-05
4.521220394 9.192959562489018e-05
4.522571624999999 0.000115096157101207
4.523922857 0.000126095870329663
4.525274088 0.000142405720141662
4.52662532 0.00016658106728917
4.527976551 0.000201471268266915
4.529327782 0.000216346618550898
4.530679014 0.00024027119043489096
4.532030245 0.000275432189719179
4.533381477 0.00032336127937396497
4.534732708 0.000361402666224519
4.53608394 0.000392930099618608
4.537435171 0.000441806951496781
4.5387864030000005 0.000500219253750594
4.540137634 0.000563591325784844
4.541488865 0.000612779162346134
4.542840097 0.0006772157370573779
4.544191328 0.000751918989977743
4.54554256 0.000830369536040219
4.5468937910000005 0.000901009281049392
4.548245023000001 0.0009786585340226589
4.549596254 0.001078166412859077
4.550947485 0.0011761413618498078
4.552298716999999 0.001274810238674745
4.553649948 0.001370164344986837
4.5550011800000005 0.001495058161595797
4.556352411 0.001627524112114023
4.557703643 0.001758661916237568
4.559054874 0.00188785917802451
4.560406106 0.002035241421803293
4.561757337 0.002209752688116133
4.563108568 0.002374660978263425
4.5644598 0.002546086969736789
4.565811031 0.002725012091323478
4.567162263 0.002940627103537292
4.568513493999999 0.003158982107527697
4.569864726 0.003375410399797489
4.571215957000001 0.0036063587871566247
4.572567188 0.0038670799652956948
4.57391842 0.004162547927090295
4.575269650999999 0.004449025940585617
4.576620883 0.004756595036897432
4.5779721140000005 0.005087440935300927
4.579323346 0.0054642883783697
4.580674577 0.005852372830085852
4.582025809 0.006251819792796302
4.58337704 0.0066919462256691846
4.584728271 0.007171325706915988
4.586079503 0.007693129759883966
4.587430734 0.008217433237242663
4.588781966 0.008789071267406662
4.590133197 0.009412575631556418
4.591484429 0.01009433988929921
4.59283566 0.010807947399816388
4.5941868910000005 0.011553831109569314
4.595538123 0.012380555979484953
4.596889354 0.01327046434917237
4.598240586 0.014228869516759678
4.599591817 0.01522615876289677
4.6009430490000005 0.016309661490742942
4.60229428 0.017490170362129027
4.603645512 0.01875847713059408
4.604996743 0.020106695310807932
4.606347974 0.02153578692367852
4.607699206 0.023105721825812844
4.609050437 0.024788332626850307
4.610401669 0.0265886495630344
4.611752900000001 0.028497370125170268
4.613104132 0.030555224312530164
4.614455363 0.03279000925584718
4.6158065950000005 0.035174675492108884
4.617157826 0.03772259868027992
4.618509057 0.04044556729057798
4.619860289 0.04340186018141793
4.62121152 0.04656935306774971
4.622562751999999 0.04994706372764298
4.623913983 0.0535523000912793
4.625265215000001 0.0574138728020575
4.626616446 0.06157836309528927
4.627967677 0.06599944604127898
4.629318908999999 0.07070540434739904
4.63067014 0.07572122159032843
4.6320213720000005 0.08108668369808626
4.633372603 0.08682412736453937
4.634723835 0.09286672190861531
4.636075066 0.09926717058799682
4.637426298 0.10607598132464495
4.638777529 0.11329155612102104
4.64012876 0.12088361061706426
4.641479992 0.1289025095839188
4.642831223 0.13727728116460552
4.644182455 0.1460854584283158
4.645533685999999 0.15535969808410077
4.646884918 0.16490246858691568
4.648236149000001 0.17485497249495882
4.64958738 0.18521608350329272
4.650938612 0.1958554403847093
4.652289842999999 0.2068381501431137
4.653641075 0.2180363733357795
4.6549923060000005 0.22940761928024364
4.656343538 0.24105002400405265
4.657694769 0.2527710677122693
4.659046001 0.2644722133197816
4.660397232 0.27635891998957113
4.661748463 0.28801444755454086
4.663099695 0.2996050694093502
4.664450926000001 0.3112726293061961
4.665802158 0.32230766553128376
4.667153389 0.3332176253049075
4.668504621 0.3439547618205855
4.669855852 0.35404290543674277
4.6712070830000005 0.3638421657519429
4.672558315 0.37315213893462257
4.673909546 0.38183569338022105
4.675260778 0.3901605020977904
4.676612009 0.39783939995604856
4.6779632410000005 0.4049222804420945
4.679314472 0.41157428306408383
4.680665704 0.4174953313981842
4.682016935 0.42292287303688414
4.683368166 0.42802975520572056
4.684719398 0.43230771484312325
4.686070629 0.4362278396476711
4.687421861 0.43980115745787973
4.688773092 0.44282824073344607
4.690124324 0.445520415731033
4.691475555 0.447822395584947
4.692826787 0.44978298891473484
4.694178018 0.45146911759239383
4.695529249 0.4528177916134083
4.696880481 0.453953833437418
4.698231712 0.45484515795445163
4.699582943999999 0.4555179882034255
4.700934175 0.4560740245335264
4.702285407000001 0.45640155778565183
4.703636638 0.45661236451929843
4.704987869 0.45675131688528003
4.706339100999999 0.45672686081455127
4.707690332 0.45668313416993706
4.7090415640000005 0.4565305881033391
4.710392795 0.45635561559865556
4.711744027 0.4561629120491268
4.713095258 0.4558965531402282
4.71444649 0.455641797269583
4.715797721 0.4553715690569626
4.717148952 0.4550250321933276
4.718500184000001 0.45472430330208885
4.719851415 0.454413827750758
4.721202647 0.45401982539287855
4.722553877999999 0.453652778196061
4.72390511 0.45326849433579414
4.725256341000001 0.4528233559878043
4.726607572 0.4524111218104749
4.727958804 0.4519804516572517
4.729310035 0.45149513360461024
4.730661267 0.45104141765070627
4.7320124980000005 0.4505405476251225
4.73336373 0.4500574508110693
4.734714961 0.44956102362317285
4.736066193 0.44900839841865275
4.737417424 0.4484753775330967
4.738768654999999 0.44792372237598893
4.740119887 0.44730296628413435
4.741471118000001 0.44668643404924757
4.74282235 0.44602282522152886
4.744173581 0.44530842200407417
4.745524813 0.44459316211781313
4.746876044 0.4438180575224108
4.748227276 0.4430114346253107
4.749578507 0.44219344866495736
4.750929738 0.4413539045442209
4.75228097 0.4404917338757555
4.753632201 0.4396097144986092
4.7549834330000005 0.4387169359780479
4.756334664 0.4378099493211321
4.757685896 0.43690520155070844
4.759037127 0.43599778022629304
4.760388358 0.435086492073944
4.76173959 0.4341793468363844
4.763090821 0.43326375561119407
4.764442053 0.4323653168914094
4.765793284 0.43148679167941945
4.767144516 0.43062638519153823
4.768495747 0.4297832472407246
4.769846979 0.42894814161010797
4.77119821 0.42813582348312723
4.772549441 0.42734627347166615
4.773900673 0.42657100773658
4.775251904 0.4258477500190003
4.776603135999999 0.42514618667374215
4.777954367 0.4244877889627766
4.779305599000001 0.4238713429708076
4.78065683 0.42326853483373994
4.782008061000001 0.4227344314002426
4.783359293 0.4222199240104771
4.784710524 0.42174280701230166
4.7860617560000005 0.42131495536603986
4.787412987 0.42089177007683193
4.788764219 0.4205152498563265
4.79011545 0.42017834267513826
4.791466682 0.4198460083599852
4.792817913 0.4195204064481274
4.7941691440000005 0.4192214210584651
4.795520376000001 0.41891795899272855
4.796871607 0.4186236308669949
4.798222839 0.4183587920305201
4.799574069999999 0.4180595487611191
4.800925302 0.41776352625529084
4.802276533000001 0.4175021488418841
4.803627764 0.41722269778904986
4.804978996 0.41694475060004116
4.806330227 0.4166704473850145
4.807681459 0.41636177241456346
4.80903269 0.41607301374323075
4.810383922 0.4157319237147542
4.811735153 0.4153769492127077
4.813086384999999 0.4150013479527304
4.814437616 0.41457859437867683
4.815788846999999 0.414135335876006
4.817140079 0.41368299752264154
4.818491310000001 0.4131757176496282
4.819842542 0.4126028196719385
4.821193773 0.41204914355982414
4.822545005 0.4114415170199697
4.823896236 0.41079991612385364
4.825247468 0.4101771820844602
4.826598699 0.4094741131297117
4.82794993 0.4087650754545761
4.829301162 0.4080858381764932
4.830652393 0.40735176568287657
4.8320036250000005 0.40664356819839975
4.833354856 0.40587299141212335
4.834706088 0.4050981054099734
4.836057318999999 0.4043545729633593
4.83740855 0.4035731235019995
4.838759782 0.40278764971994097
4.840111013 0.4020166219980118
4.841462245 0.4012097208501497
4.842813476 0.4004022158283778
4.844164708 0.3995964842499713
4.845515939 0.398743446467451
4.846867171 0.3978645715363258
4.8482184020000005 0.39701879625960795
4.849569633 0.3961396883089639
4.850920865 0.3952358435776795
4.852272096 0.39435527283882665
4.853623327999999 0.39342736061593203
4.854974559 0.3924955395528054
4.856325791000001 0.39158846771682654
4.857677022 0.39061511746002114
4.859028253 0.38965545012257147
4.860379485 0.38863659300264664
4.861730716 0.38760054204596284
4.863081948 0.3865599043386246
4.864433179 0.3854307268750369
4.865784411 0.3842709141869078
4.867135642 0.38308734903166386
4.868486874 0.3818647968895508
4.869838105 0.38060688708921936
4.8711893360000005 0.3793287957783041
4.872540568000001 0.3779994520284359
4.873891799 0.37665551448494544
4.875243031 0.3753267432361034
4.876594261999999 0.3739614187055332
4.877945494 0.3725802049326921
4.879296725000001 0.37108480764512813
4.880647956 0.36959695666455583
4.881999188 0.3681198636450667
4.883350419 0.36656541308352536
4.884701651 0.3651232182617405
4.886052882 0.3635982545620817
4.887404114 0.3622347258645862
4.888755345 0.36089945826969005
4.890106576999999 0.3595253550646021
4.891457808 0.3582785627314192
4.892809038999999 0.3570931744741778
4.894160271 0.3558886557808455
4.895511502000001 0.3548503231017226
4.896862734 0.3539036163788342
4.898213965 0.35288374925021365
4.899565197 0.35207160951432337
4.900916428 0.35132525367557654
4.902267660000001 0.3505552683542968
4.903618891 0.3499363879696667
4.904970122 0.34933249607713496
4.906321354 0.3486562581413939
4.907672585 0.34808639636795574
4.9090238170000005 0.34740123605917256
4.910375048 0.346736001398459
4.91172628 0.3460018353447838
4.913077511 0.3449463929325129
4.914428742 0.34391835458532277
4.915779974 0.3425623717863472
4.917131205 0.3408435443683596
4.918482437 0.3388763797951146
4.919833668 0.33643055561091784
4.9211849 0.333655929271587
4.922536131 0.3301903068449633
4.923887363 0.3264690270078263
4.9252385940000005 0.3218117146569015
4.926589825 0.3167548152076666
4.927941057 0.31118609500079814
4.929292288 0.3046537099246672
4.930643519999999 0.2980334117158735
4.931994751 0.2902064196826639
4.933345983000001 0.282106558935917
4.934697214 0.27342258612816545
4.936048445 0.2642226644297621
4.937399677 0.25488257659077784
4.938750908 0.24488164658919634
4.94010214 0.2348928634021271
4.941453371 0.22447593058852705
4.942804603 0.21424194789522497
4.944155834 0.20384450873716292
4.945507066 0.19358581475074835
4.946858297 0.18354514376802591
4.9482095280000005 0.17354277563134105
4.949560760000001 0.16404150278673138
4.950911991 0.15473977917448695
4.952263223 0.1458067868793363
4.953614453999999 0.1372534214177479
4.954965686 0.1291324948065005
4.9563169170000005 0.12139896433569022
4.957668148 0.11412664183470095
4.95901938 0.10723565327241687
4.960370611 0.10075104906977571
4.961721843 0.094678251038295
4.963073074 0.08897188771090103
4.964424306 0.08367703445778564
4.965775537000001 0.07872199174151862
4.967126769 0.07405293524129312
4.968478 0.06969988391403723
4.969829230999999 0.06569203544524115
4.971180463 0.06190904988530745
4.972531694000001 0.058412957034300585
4.973882926 0.055127567225107636
4.975234157 0.05201735430530139
4.976585389 0.04915454243836976
4.97793662 0.046465773478786665
4.979287852000001 0.04392752295835304
4.980639083 0.041543879453260046
4.981990314 0.03928251718339308
4.983341545999999 0.03714085175124796
4.984692777 0.035144671474408605
4.986044009 0.03322222797117396
4.98739524 0.03140943419007613
4.988746472 0.029652952740963093
4.990097703 0.0279771915590851
4.991448934 0.026396486894480403
4.992800166 0.024884980935447113
4.994151397 0.023413684502445808
4.995502629 0.022002300859474574
4.99685386 0.020649800205719226
4.998205092 0.019347753683059583
4.999556323 0.018129439183033304
5.000907555 0.016921053272724352
5.0022587860000005 0.015778222785467023
5.003610017 0.014674627501822836
5.004961249 0.013637538099749468
5.006312479999999 0.012656610217302647
5.007663711999999 0.011711837759385259
5.009014943 0.010816102798275854
5.010366175 0.009961886864606872
5.011717406 0.00916999675852832
5.013068637 0.008430523964826051
5.014419869 0.0077433274035944135
5.0157711 0.007085520552585397
5.017122332 0.006474761185621736
5.018473563 0.005911742114174335
5.019824795000001 0.005400935584008944
5.021176026 0.004934198448774991
5.022527258 0.004490791265568278
5.023878489 0.004085250526556905
5.0252297200000005 0.003718767517753763
5.026580952000001 0.0033885925934684165
5.027932183 0.003093239464798188
5.029283415 0.002813337782392191
5.030634646 0.002549929617565385
5.031985878 0.002318182824360161
5.033337109 0.002110096425284639
5.034688341 0.001929422446541804
5.036039572 0.001764104326648302
5.037390803 0.001597391327102212
5.038742035 0.00144919890114452
5.040093266 0.0013224027609574
5.041444498 0.001210590460556823
5.042795729000001 0.001112610312658741
5.044146961 0.00101581064746461
5.045498192 0.000923995953522849
5.046849422999999 0.000851223773937506
5.048200655 0.000786580857279166
5.049551886000001 0.0007266169649587019
5.050903118 0.0006692048105529179
5.052254349 0.000605888584979635
5.053605581 0.000553997547135434
5.054956812 0.0005163341050014279
5.056308044000001 0.000480401415070762
5.057659275 0.000446538398121904
5.059010506 0.000407716736603376
5.060361737999999 0.00036940383854788296
5.061712969 0.000346447456182752
5.063064201 0.000326606424391931
5.064415432 0.000305182356694413
5.065766664 0.000283911181884196
5.067117895 0.000259366853673643
5.068469126 0.000241350146137493
5.069820358 0.000231870591849184
5.071171589 0.000218124835525812
5.072522821 0.000201486412979638
5.073874052 0.000183483525779418
5.075225284 0.00016603357211849998
5.076576515 0.000161054582905697
5.077927747 0.000157913644832434
5.0792789780000005 0.00014637676578870798
5.080630209 0.00013548697674228198
5.081981441 0.000124343911128455
5.083332671999999 0.000117689998006925
5.084683904 0.000118415931229654
5.086035135 0.000114389782205564
5.087386367 0.000105904525066045
5.088737598 9.8834703357297e-05
5.090088829 9.264704642789062e-05
5.091440061 9.280009154706858e-05
5.092791292 9.457486051500418e-05
5.094142524 8.570601291167613e-05
5.095493755000001 7.740608453462165e-05
5.096844987000001 7.173251985231202e-05
5.098196218 6.773607426976967e-05
5.09954745 6.783598946026634e-05
5.100898681000001 0.0
5.102249912000002 0.0
