Microns Throughput
1.5985000000000005 0.0
1.5995 0.0
1.6005 5.180877495578726e-07
1.6015 7.545843529663945e-07
1.6025 4.4791956980266205e-07
1.6035 9.775455343029813e-07
1.6045 1.929504366347785e-06
1.6055 3.731320323887953e-08
1.6065 9.074562905796841e-07
1.6075 1.3196586750482078e-06
1.6085 2.9003755927129153e-07
1.6095 1.3029737829045173e-06
1.6105 1.2789848110737882e-06
1.6115 1.028673730176971e-06
1.6125 2.7754759531602216e-06
1.6135 1.1866205998771425e-06
1.6145 2.1055995132707588e-06
1.6155 1.2122827460712451e-06
1.6165 2.431031349882352e-06
1.6175 2.4380828802032305e-06
1.6185 2.468120740263299e-06
1.6195 1.0914045867250521e-06
1.6205 2.8073255944290193e-06
1.6215 1.3631954655838413e-06
1.6225 3.0696048377087767e-06
1.6235 3.8380545055369115e-06
1.6245 3.618475397425983e-06
1.6255 5.2236740294231855e-06
1.6265 5.132997726931991e-06
1.6275 3.985723569289926e-06
1.6285 6.186489772392356e-06
1.6295 7.66685134227183e-06
1.6305 7.816860185053304e-06
1.6315 8.480223402089922e-06
1.6325 7.360403496911005e-06
1.6335 9.600671933724284e-06
1.6345 8.804589280792823e-06
1.6355 1.1172528782683995e-05
1.6365 1.1524893945659249e-05
1.6375 1.2492601976884994e-05
1.6385 1.4258046741258872e-05
1.6395 1.524706202469046e-05
1.6405 1.3493362553121291e-05
1.6415 1.7180799214310507e-05
1.6425 1.701149706006422e-05
1.6435 1.955917276867849e-05
1.6445 2.0577034463456116e-05
1.6455 2.3062878685730795e-05
1.6465 2.414131106471077e-05
1.6475 2.497373997164393e-05
1.6485 2.5040710646168343e-05
1.6495 2.7388608091939988e-05
1.6505 2.833213790703602e-05
1.6515 3.095760724162661e-05
1.6525 3.33559655613447e-05
1.6535 3.8104070629755726e-05
1.6545 4.1356692719234474e-05
1.6555 4.061608368807125e-05
1.6565 4.4996835158845164e-05
1.6575 5.264876653445646e-05
1.6585 5.679861318680138e-05
1.6595 6.247170047841548e-05
1.6605 7.116530881550827e-05
1.6615 7.929468141548075e-05
1.6625 8.985914744500053e-05
1.6635 0.00010276841645612599
1.6645 0.00011680685171504999
1.6655 0.00013557422863905
1.6665 0.000154078018250808
1.6675 0.000182790468406126
1.6685 0.00020963362343739
1.6695 0.00024113769279216797
1.6705 0.00027894183928431
1.6715 0.00031880195743389796
1.6725 0.00036447457005948393
1.6735 0.0004141737897475
1.6745 0.000477111252125652
1.6755 0.0005478780258110719
1.6765 0.000621752065510818
1.6775 0.000699684470632654
1.6785 0.000768931858661744
1.6795 0.000876705682408678
1.6805 0.0009834119803724198
1.6815 0.00110250713929762
1.6825 0.001230890020860658
1.6835 0.001360392285233418
1.6845 0.0015135153324648098
1.6855 0.0016590007008591339
1.6865 0.0018565932904300018
1.6875 0.0020387357532163637
1.6885 0.0022505138314809037
1.6895 0.0025554929039556078
1.6905 0.00280735046086791
1.6915 0.003169771631812692
1.6925 0.003533123794800548
1.6935 0.0040196435374895475
1.6945 0.004620821885109925
1.6955 0.005181707055809445
1.6965 0.006044032062077463
1.6975 0.007231813694378956
1.6985 0.008552463376100465
1.6995 0.010369754179498864
1.7005 0.012100851010104012
1.7015 0.014703153870407028
1.7025 0.0178867684118691
1.7035 0.021240634420844135
1.7045 0.023913542740363888
1.7055 0.026267280667712528
1.7065 0.029239118554210308
1.7075 0.032147889692574406
1.7085 0.03624614136454459
1.7095 0.04156813566767263
1.7105 0.04474922588641201
1.7115 0.052601779385603294
1.7125 0.058745203516805476
1.7135 0.06941383925943438
1.7145 0.0784737406855704
1.7155 0.09478652275437247
1.7165 0.11129266140152341
1.7175 0.1320749490791161
1.7185 0.15825699992285114
1.7195 0.17688629341351492
1.7205 0.2071278084336541
1.7215 0.23623949725904891
1.7225 0.2675437458712928
1.7235 0.29232445630050347
1.7245 0.30904198866784627
1.7255 0.33329571260440266
1.7265 0.3415491273939883
1.7275 0.3471808892523116
1.7285 0.3562606359220917
1.7295 0.3619801796796126
1.7305 0.3616085127803808
1.7315 0.37661710350904665
1.7325 0.3794534358720403
1.7335 0.38542704411116857
1.7345 0.39296712712494686
1.7355 0.4003726163859296
1.7365 0.4087026713487346
1.7375 0.4213847669197658
1.7385 0.4217303420006625
1.7395 0.4291804099464572
1.7405 0.4371059937061264
1.7415 0.4368277827724599
1.7425 0.448097584408723
1.7435 0.45219914025831864
1.7445 0.44523683148485754
1.7455 0.4545265637116237
1.7465 0.45255459834126216
1.7475 0.45044279063854925
1.7485 0.45008189579130364
1.7495 0.4434463267235692
1.7505 0.46292397302131444
1.7515 0.45158148830901157
1.7525 0.4534444809792401
1.7535 0.4514008643902492
1.7545 0.45285785045996324
1.7555 0.45271180095843044
1.7565 0.461033995193411
1.7575 0.4580504714303649
1.7585 0.45975847428739053
1.7595 0.45599329548346995
1.7605 0.4593356496853438
1.7615 0.46351306555499355
1.7625 0.46249366041187695
1.7635 0.46156495102588235
1.7645 0.454215802030722
1.7655 0.45952154636646103
1.7665 0.4663320333108118
1.7675 0.46378846642275384
1.7685 0.462780018451625
1.7695 0.4553194397466366
1.7705 0.4591880888043075
1.7715 0.4646471088383078
1.7725 0.4580169141015936
1.7735 0.4515889044497008
1.7745 0.4559321665436213
1.7755 0.45471026297189965
1.7765 0.44917326972578386
1.7775 0.4605410854330407
1.7785 0.44591400554679494
1.7795 0.4555220894188732
1.7805 0.4540246253011544
1.7815 0.44978940758714486
1.7825 0.44672418613858544
1.7835 0.4510820228202013
1.7845 0.4531184669463934
1.7855 0.449102948284496
1.7865 0.44246471702674744
1.7875 0.4441948760030418
1.7885 0.4502651048375095
1.7895 0.4413667124856057
1.7905 0.44162279292409673
1.7915 0.440215974001055
1.7925 0.4420865336195458
1.7935 0.4421539669392789
1.7945 0.43334472126343926
1.7955 0.44319948731797537
1.7965 0.44026324301148334
1.7975 0.4359733226294335
1.7985 0.4347578168190719
1.7995 0.44088643222279617
1.8005 0.44082846725077096
1.8015 0.44028320377517616
1.8025 0.4462361943846619
1.8035 0.442979950082727
1.8045 0.4353988553037859
1.8055 0.4406980444146221
1.8065 0.4480595269546184
1.8075 0.4571328244340768
1.8085 0.44977042170145237
1.8095 0.4525835613622405
1.8105 0.4556716125553102
1.8115 0.4567684062391981
1.8125 0.45167218333181053
1.8135 0.4606555178435593
1.8145 0.4522080209812004
1.8155 0.4601382362479853
1.8165 0.462025295528964
1.8175 0.4634525111881559
1.8185 0.4592940295955663
1.8195 0.47172802240604494
1.8205 0.4636547303986912
1.8215 0.46340426420314634
1.8225 0.46483291981534147
1.8235 0.4673212969614459
1.8245 0.46475254867072097
1.8255 0.46429870888957103
1.8265 0.47039965855779314
1.8275 0.4641572839923756
1.8285 0.46416576131730575
1.8295 0.4624211477104215
1.8305 0.4611865477571978
1.8315 0.47634101115453725
1.8325 0.4624924065250087
1.8335 0.4596684230655495
1.8345 0.4684990782239877
1.8355 0.4594934930335089
1.8365 0.4638384730286279
1.8375 0.4628852719049096
1.8385 0.4568897783034373
1.8395 0.4592047078026646
1.8405 0.4609480364983508
1.8415 0.45531007271453566
1.8425 0.4561457469205159
1.8435 0.4612727602098907
1.8445 0.45182038464346685
1.8455 0.4562868672953276
1.8465 0.44550891390208347
1.8475 0.4557637536592947
1.8485 0.44832428637281857
1.8495 0.4496273462183143
1.8505 0.4484283214074861
1.8515 0.4462513878658909
1.8525 0.4439439420424813
1.8535 0.4449939006927539
1.8545 0.43984051425951987
1.8555 0.4409902478310018
1.8565 0.4449785175065567
1.8575 0.4430092913183501
1.8585 0.4448018099395612
1.8595 0.44624477731668494
1.8605 0.44340245982511745
1.8615 0.4435872566000959
1.8625 0.44392223492746063
1.8635 0.4432595860977953
1.8645 0.4482620640531064
1.8655 0.4479617304165728
1.8665 0.4521329723449066
1.8675 0.4531222248247698
1.8685 0.45511330347553314
1.8695 0.45796933159513153
1.8705 0.4600144395058092
1.8715 0.45538946307829703
1.8725 0.46143578229227505
1.8735 0.46361614319454036
1.8745 0.4691046839270959
1.8755 0.4708979316845599
1.8765 0.4609456392706188
1.8775 0.4733673874152096
1.8785 0.46640812914248153
1.8795 0.4703094185711666
1.8805 0.46742119235197754
1.8815 0.47013834689771533
1.8825 0.46947387255581846
1.8835 0.4688066140138347
1.8845 0.47146567704754067
1.8855 0.46752012731371007
1.8865 0.4673106949884572
1.8875 0.4731459285780251
1.8885 0.4661348051524581
1.8895 0.4686374495208356
1.8905 0.464872603707958
1.8915 0.46383600058883284
1.8925 0.4706585694676393
1.8935 0.4612129019151918
1.8945 0.46155273601181346
1.8955 0.4626688722504536
1.8965 0.45992519859808295
1.8975 0.46401141488775066
1.8985 0.458648127364506
1.8995 0.4539194914870372
1.9005 0.4569893420462589
1.9015 0.45755071822735155
1.9025 0.45379324170988694
1.9035 0.44653469576258015
1.9045 0.45532588684296893
1.9055 0.447284717113672
1.9065 0.4499728230962486
1.9075 0.443751915150525
1.9085 0.45244379804544305
1.9095 0.45061376911632506
1.9105 0.4448491388854139
1.9115 0.45040860080454653
1.9125 0.4435695513004779
1.9135 0.44472310553190164
1.9145 0.44315511799813245
1.9155 0.44742264779512547
1.9165 0.45039848600083043
1.9175 0.4471535886013843
1.9185 0.4453309525835326
1.9195 0.45019638404184487
1.9205 0.4441536833988221
1.9215 0.4552932074720417
1.9225 0.45012366571764323
1.9235 0.451086346294644
1.9245 0.4512601517538029
1.9255 0.45644091753151145
1.9265 0.4537059955466377
1.9275 0.4573609177644313
1.9285 0.45840914958496826
1.9295 0.4633058394922326
1.9305 0.4569665238269724
1.9315 0.4646870664570822
1.9325 0.45131400112647796
1.9335 0.4654989342197592
1.9345 0.4663804948005073
1.9355 0.45618273719091135
1.9365 0.4628831823850245
1.9375 0.45621260705990074
1.9385 0.46542068009089493
1.9395 0.4624743526552168
1.9405 0.45857512986698573
1.9415 0.4618988175997044
1.9425 0.45534087349465335
1.9435 0.4667068708193159
1.9445 0.46257445226965377
1.9455 0.46805217742860383
1.9465 0.4637714335659148
1.9475 0.4604532240749186
1.9485 0.46531221057145367
1.9495 0.4626834505578149
1.9505 0.45842389153750657
1.9515 0.4674818444202897
1.9525 0.4610168426735294
1.9535 0.45167001086694186
1.9545 0.45733254967665765
1.9555 0.44644913382380236
1.9565 0.44025514957011325
1.9575 0.427778623108119
1.9585 0.4106929678566308
1.9595 0.40139326886161836
1.9605 0.37984670208653737
1.9615 0.36548493568690765
1.9625 0.34999118516371225
1.9635 0.3257446807961265
1.9645 0.30202450370869555
1.9655 0.2791723631640221
1.9665 0.2598721858378197
1.9675 0.23385008030536272
1.9685 0.21621297821173363
1.9695 0.1937934756321038
1.9705 0.1750772847538542
1.9715 0.15791466697830414
1.9725 0.14193821422212538
1.9735 0.1292713865872618
1.9745 0.1148158277151136
1.9755 0.10341683077642444
1.9765 0.09687447830806137
1.9775 0.08502994792908902
1.9785 0.07884698937672165
1.9795 0.07106973915836938
1.9805 0.06429510154226581
1.9815 0.05778728025776131
1.9825 0.052068695888124544
1.9835 0.045472816973851776
1.9845 0.041373084593756757
1.9855 0.03630148596350753
1.9865 0.03151168443289154
1.9875 0.026909963599882753
1.9885 0.024514991648789345
1.9895 0.02068069315726684
1.9905 0.018755259442917508
1.9915 0.016083168392613218
1.9925 0.014087410468021654
1.9935 0.012240238512626515
1.9945 0.010632511864555865
1.9955 0.009312506874734536
1.9965 0.007871062325519406
1.9975 0.007229179080979111
1.9985 0.0060757408069389
1.9995 0.005455484390307436
2.0005 0.00479716998320969
2.0015 0.004314718572477019
2.0025 0.0037216613059748564
2.0035 0.003312330183889722
2.0045 0.0029612098017519142
2.0055 0.002623553315116356
2.0065 0.00230936452927503
2.0075 0.0020686616038894058
2.0085 0.0018210321543067499
2.0095 0.0016736515793056039
2.0105 0.0014708398178091817
2.0115 0.00134221743517449
2.0125 0.001207097182465232
2.0135 0.00107785824172522
2.0145 0.0009780296559438219
2.0155 0.00086421937440894
2.0165 0.0008191415796764919
2.0175 0.0007453887158535139
2.0185 0.0006648284414860079
2.0195 0.0005989758155449299
2.0205 0.0005609084569040399
2.0215 0.00050532641931724
2.0225 0.000467735218164962
2.0235 0.000430850102080346
2.0245 0.00039772917061403395
2.0255 0.000356058418658348
2.0265 0.00033587492508131
2.0275 0.000307516246780302
2.0285 0.00028906014146946196
2.0295 0.00026934752933117597
2.0305 0.00025279804007389997
2.0315 0.000228795473793922
2.0325 0.00022281405050773599
2.0335 0.00020266683055667
2.0345 0.00019009236643795
2.0355 0.000173851663462692
2.0365 0.000168174791237482
2.0375 0.00015242885020695998
2.0385 0.00014141206294067
2.0395 0.000133786313462746
2.0405 0.000131988928185566
2.0415 0.000125053801523544
2.0425 0.00011558920388120999
2.0435 0.000108249473170434
2.0445 0.000104480134072658
2.0455 9.158138087608363e-05
2.0465 8.510148490618673e-05
2.0475 8.008672790330876e-05
2.0485 7.953107689650537e-05
2.0495 6.738994497708585e-05
2.0505 6.817549123358916e-05
2.0515 6.552128168720707e-05
2.0525 5.6561305015966914e-05
2.0535 5.193113227769209e-05
2.0545 5.580864660837227e-05
2.0555 4.5164168444347626e-05
2.0565 4.9086121791438314e-05
2.0575 4.768422269059062e-05
2.0585 3.1300228129433836e-05
2.0595 3.543832790998984e-05
2.0605 3.7963025800936436e-05
2.0615 3.409197339054497e-05
2.0625 3.610450067356712e-05
2.0635 3.40972781167247e-05
2.0645 1.5483796256576883e-05
2.0655 2.9469705214740755e-05
2.0665 2.7511123157315873e-05
2.0675 2.2809420565401343e-05
2.0685 1.6685109996166615e-05
2.0695 2.045604592381851e-05
2.0705 2.0979045711465676e-05
2.0715 1.9869561959548434e-05
2.0725 1.0625911063348916e-05
2.0735 1.3575629304910103e-05
2.0745 9.700333717255461e-06
2.0755 1.1536491365172584e-05
2.0765 3.392078458860701e-06
2.0775 1.5474937763019454e-05
2.0785 1.6992272468145152e-05
2.0795 1.1632818733872648e-05
2.0805 3.1528359968578096e-06
2.0815 9.780364592371621e-06
2.0825 9.268259608556657e-06
2.0835 1.048401918882721e-05
2.0845 7.630978165825743e-06
2.0855 8.273969718707128e-06
2.0865 8.24810569105826e-06
2.0875 1.6279220369377993e-06
2.0885 3.7399439508633565e-06
2.0895 1.3640495633534251e-05
2.0905 5.217403094555772e-06
2.0915 5.938672497142496e-06
2.0925 1.7334486989282997e-06
2.0935 8.90991892089577e-06
2.0945 3.237025553983715e-06
2.0955 2.5941925200655845e-06
2.0965 5.765899183172503e-06
2.0975 5.41122028774959e-06
2.0985 4.699173660986603e-11
2.0995 8.839170885370119e-06
2.1005 2.1581065855277386e-06
2.1015 0.0
2.1025 0.0
