Microns Throughput
0.398 0.0
0.399 0.0
0.4 0.0
0.401 0.0
0.402 0.0
0.403 0.0
0.404 0.0
0.405 0.0
0.406 0.0
0.407 0.0
0.408 0.0
0.409 0.0
0.41 0.0
0.411 0.0
0.412 0.0
0.413 0.0
0.414 0.0
0.415 0.0
0.416 0.0
0.417 0.0
0.418 0.0
0.419 0.0
0.42 0.0
0.421 0.0
0.422 0.0
0.423 0.0
0.424 0.0
0.425 0.0
0.426 0.0
0.427 0.0
0.428 0.0
0.429 0.0
0.43 0.0
0.431 0.0
0.432 0.0
0.433 0.0
0.434 0.0
0.435 0.0
0.436 0.0
0.437 0.0
0.438 0.0
0.439 0.0
0.44 0.0
0.441 0.0
0.442 0.0
0.443 0.0
0.444 0.0
0.445 0.0
0.446 0.0
0.447 0.0
0.448 0.0
0.449 0.0
0.45 0.0
0.451 0.0
0.452 0.0
0.453 0.0
0.454 0.0
0.455 0.0
0.456 0.0
0.457 0.0
0.458 0.0
0.459 0.0
0.46 0.0
0.461 0.0
0.462 0.0
0.463 0.0
0.464 0.0
0.465 0.0
0.466 0.0
0.467 0.0
0.468 0.0
0.469 0.0
0.47 0.0
0.471 0.0
0.472 0.0
0.473 0.0
0.474 0.0
0.475 0.0
0.476 0.0
0.477 0.0
0.478 0.0
0.479 0.0
0.48 0.0
0.481 0.0
0.482 0.0
0.483 0.0
0.484 0.0
0.485 0.0
0.486 0.0
0.487 0.0
0.488 0.0
0.489 0.0
0.49 0.0
0.491 0.0
0.492 0.0
0.493 0.0
0.494 0.0
0.495 0.0
0.496 0.0
0.497 0.0
0.498 0.0
0.499 0.0
0.5 0.0
0.501 0.0
0.502 0.0
0.503 0.0
0.504 0.0
0.505 0.0
0.506 0.0
0.507 0.0
0.508 0.0
0.509 0.0
0.51 0.0
0.511 0.0
0.512 0.0
0.513 0.0
0.514 0.0
0.515 0.0
0.516 0.0
0.517 0.0
0.518 0.0
0.519 0.0
0.52 0.0
0.521 0.0
0.522 0.0
0.523 0.0
0.524 0.0
0.525 2.2903749616814934e-07
0.526 9.691875983970345e-07
0.527 1.6819123376460974e-06
0.528 2.128687299545118e-06
0.529 2.1876453451527917e-06
0.53 2.017543365524191e-06
0.531 1.8822304787482867e-06
0.532 1.8422313886946103e-06
0.533 1.888114023846595e-06
0.534 1.9717229929034895e-06
0.535 2.260831964628801e-06
0.536 2.785718818787341e-06
0.537 3.6902721703238674e-06
0.538 5.090123557293829e-06
0.539 7.738041347975783e-06
0.54 1.2047360384259944e-05
0.541 1.7119208662681426e-05
0.542 1.9952919261423287e-05
0.543 1.904604141862134e-05
0.544 1.5182400358940536e-05
0.545 1.1013896308830983e-05
0.546 7.7966542370702e-06
0.547 5.956861378974273e-06
0.548 4.960799681004361e-06
0.549 4.463633067360179e-06
0.55 4.413915206112828e-06
0.551 4.7516453935121045e-06
0.552 5.2393989924598965e-06
0.553 5.891937136124508e-06
0.554 6.65580723548626e-06
0.555 7.377153571049233e-06
0.556 7.595558598621011e-06
0.557 7.682053872620146e-06
0.558 6.554415545876979e-06
0.559 4.609628405809716e-06
0.56 4.560671733690554e-06
0.561 5.160745189148273e-06
0.562 4.909793671936029e-06
0.563 4.562429446253947e-06
0.564 5.042852274364914e-06
0.565 5.735333950631059e-06
0.566 6.335450176346228e-06
0.567 6.4215275892645795e-06
0.568 6.730350404903233e-06
0.569 7.057727265807294e-06
0.57 6.9459749766187355e-06
0.571 7.324082506621545e-06
0.572 8.660332441597047e-06
0.573 1.0291850246981194e-05
0.574 1.1176477727882314e-05
0.575 1.2456259027652208e-05
0.576 1.499114286366621e-05
0.577 1.7176674874765487e-05
0.578 1.8052446039643794e-05
0.579 1.888233538021597e-05
0.58 2.092744704961207e-05
0.581 2.572807282494547e-05
0.582 3.466484146971372e-05
0.583 5.2027483995586646e-05
0.584 9.272145686694725e-05
0.585 0.000190523561493011
0.586 0.000353221643652092
0.587 0.000475630647721315
0.588 0.00044665484971212997
0.589 0.00029341331431755903
0.59 0.00015560223063816999
0.591 8.774450143524987e-05
0.592 6.11550179028667e-05
0.593 4.6928009968697e-05
0.594 3.910056525168086e-05
0.595 3.824263156180136e-05
0.596 3.581052020849736e-05
0.597 3.678235601344717e-05
0.598 3.9930183596415074e-05
0.599 4.1506066489275435e-05
0.6 4.503993062465028e-05
0.601 5.025679078251502e-05
0.602 5.8338984122317156e-05
0.603 7.117950004116018e-05
0.604 8.672193415587003e-05
0.605 0.000100610160459596
0.606 0.00011577795968592899
0.607 0.000129287522419778
0.608 0.000132969845982038
0.609 0.000128520093403701
0.61 0.00011849164342108598
0.611 0.000104890167803252
0.612 8.884407110020887e-05
0.613 7.558766653237842e-05
0.614 6.471505765914458e-05
0.615 5.820421915389012e-05
0.616 5.271978975765647e-05
0.617 4.972307911458136e-05
0.618 4.914808872055679e-05
0.619 4.581560375015541e-05
0.62 4.2629615068682856e-05
0.621 4.067701256245246e-05
0.622 4.5507065270514935e-05
0.623 4.893711618097416e-05
0.624 5.4495911193276484e-05
0.625 6.485538751842013e-05
0.626 8.018954335964042e-05
0.627 0.00010474489016779799
0.628 0.000146866654971373
0.629 0.000216307538055125
0.63 0.000322731311686006
0.631 0.00045568184804090696
0.632 0.000554817388447176
0.633 0.000560568380518317
0.634 0.00047702144090057603
0.635 0.00037101931417476497
0.636 0.000287988830231803
0.637 0.00024026143741585497
0.638 0.00021648397816054798
0.639 0.000209291947718835
0.64 0.000221198166777792
0.641 0.000244469877471587
0.642 0.000277783377677819
0.643 0.000312851363361116
0.644 0.00034130727000373097
0.645 0.00034544597462653
0.646 0.000315013342263052
0.647 0.000262698647068016
0.648 0.00020575354378834297
0.649 0.0001635942169333
0.65 0.00013276002492944297
0.651 0.00010942123167686099
0.652 9.464371145882064e-05
0.653 9.114043006727457e-05
0.654 9.013202566779509e-05
0.655 9.290196507845075e-05
0.656 0.000100383214889067
0.657 0.000117988286429397
0.658 0.000139163826905621
0.659 0.00016766511078368298
0.66 0.000201881754383025
0.661 0.00023741142143539302
0.662 0.000250753667160878
0.663 0.00023917220407922298
0.664 0.000214064350183896
0.665 0.00018827480943881499
0.666 0.00016209465835670698
0.667 0.00013992010243509199
0.668 0.000129472987659535
0.669 0.000123809728923866
0.67 0.000122578212526371
0.671 0.00012360900839575097
0.672 0.000137081095262438
0.673 0.000158781594883909
0.674 0.000188545859903454
0.675 0.000216788765824162
0.676 0.00024398683529873198
0.677 0.00026042828708953795
0.678 0.000266892166983194
0.679 0.000255249932702751
0.68 0.000227787684636683
0.681 0.00018928045112997
0.682 0.00015987086909197598
0.683 0.000149446055906325
0.684 0.00014435549663731697
0.685 0.000138652058947417
0.686 0.000134249879863007
0.687 0.000138292604120706
0.688 0.000145838655787951
0.689 0.000151311337813767
0.69 0.000162664029927095
0.691 0.000173582043886081
0.692 0.00017486950251467998
0.693 0.000166569025539711
0.694 0.00015433551264938398
0.695 0.0001390038023591
0.696 0.00011915774847408001
0.697 0.000105330194757105
0.698 9.629257058677597e-05
0.699 8.938237468889907e-05
0.7 8.296389209491168e-05
0.701 7.533638127335418e-05
0.702 7.159985270852523e-05
0.703 7.554836422661778e-05
0.704 8.733843474737072e-05
0.705 0.00010209848958490599
0.706 0.00012051079357886199
0.707 0.000141715848640361
0.708 0.000168513389003619
0.709 0.00021283081972544598
0.71 0.000296315743846538
0.711 0.00043411100653715796
0.712 0.000642033109782515
0.713 0.000925083304925039
0.714 0.00130736027867228
0.715 0.001697937529912147
0.716 0.0019320854087473617
0.717 0.001822019718907853
0.718 0.001465791757629033
0.719 0.001066597013336555
0.72 0.0007521647345682819
0.721 0.00051938738266217
0.722 0.000358657693767685
0.723 0.000265977780184575
0.724 0.000194564421705881
0.725 0.000147983050866283
0.726 0.00011829869914590301
0.727 9.960042753881599e-05
0.728 8.042880358437814e-05
0.729 6.21670387339633e-05
0.73 5.683262267500177e-05
0.731 5.414679677096386e-05
0.732 5.115852672733665e-05
0.733 4.6744088398737323e-05
0.734 5.145733437477723e-05
0.735 5.346334633600435e-05
0.736 4.823327664291143e-05
0.737 5.070891663033037e-05
0.738 6.219572105822282e-05
0.739 7.832332231320091e-05
0.74 8.611522557044688e-05
0.741 0.00010751215979773999
0.742 0.000141829037505316
0.743 0.00020438602546711198
0.744 0.000304735111478576
0.745 0.00046275669024539094
0.746 0.000691874448433082
0.747 0.0009918945080635748
0.748 0.001303230817088883
0.749 0.001527713807647799
0.75 0.001622057001844643
0.751 0.0016845284446068611
0.752 0.001972081718391226
0.753 0.002667182685753185
0.754 0.0034371029192084325
0.755 0.0034317542351819472
0.756 0.002432501706642554
0.757 0.001199532339700449
0.758 0.0004920927317745129
0.759 0.00024203171197577
0.76 0.000137903440445171
0.761 7.790141309518363e-05
0.762 4.666771502369791e-05
0.763 3.785204070746301e-05
0.764 2.6273395119956604e-05
0.765 1.4809561812509952e-05
0.766 1.4248391372380845e-05
0.767 1.5214133379118843e-05
0.768 1.492761494371946e-05
0.769 1.0238376622849057e-05
0.77 1.0624319745804066e-05
0.771 8.880851721387645e-06
0.772 1.1193498659970718e-05
0.773 1.0829306103966065e-05
0.774 4.8708822805538184e-06
0.775 6.372239811849782e-06
0.776 9.220857334269102e-06
0.777 1.67937004040706e-05
0.778 6.533065622133306e-06
0.779 7.584048874256821e-06
0.78 1.0608839683293922e-05
0.781 1.5666241543829563e-05
0.782 8.923908114369072e-06
0.783 1.725064695429218e-05
0.784 1.727377454203561e-05
0.785 1.3331804905276165e-05
0.786 1.1499747512884876e-05
0.787 1.7925555993311495e-05
0.788 2.78677579023808e-05
0.789 5.161780300840332e-05
0.79 0.000101214009044661
0.791 0.00015414332253814298
0.792 0.00017891842543059998
0.793 0.000147160196848419
0.794 9.777038681156601e-05
0.795 6.546770462742999e-05
0.796 4.8148513606750073e-05
0.797 -8.281050903410924e-05
0.798 0.000340941338742033
0.799 0.0009913229699753919
0.8 0.002102470026171158
0.801 0.001547060976646105
0.802 0.0022955210120113537
0.803 0.002054718870026811
0.804 0.002093898946476954
0.805 0.00043977257288268997
0.806 0.000169360145117597
0.807 0.000769011051474675
0.808 0.0017591168796265199
0.809 0.001953817941489947
0.81 0.0009514195363255059
0.811 0.0012075902098348651
0.812 0.0011263721677685031
0.813 0.001638698590627084
0.814 0.0015611197671337779
0.815 0.001744225591514455
0.816 0.001221278538399875
0.817 0.0013711309719864368
0.818 0.00127438298881736
0.819 0.0010266785544066508
0.82 0.001422630241390726
0.821 0.0023085793288947338
0.822 0.001931149536764575
0.823 0.000576277565741054
0.824 -0.000362589921388251
0.825 0.000243718058598095
0.826 0.0015301777963177459
0.827 0.001890010204835605
0.828 0.000842936866396327
0.829 5.246702050523586e-06
0.83 0.000547582480750434
0.831 0.001052756797335901
0.832 0.001354767506131083
0.833 0.001189956829947813
0.834 0.00116048657558575
0.835 0.0010559204894998989
0.836 0.001123436185556568
0.837 0.0010447179933231198
0.838 0.001306502041813872
0.839 0.0013488887432741299
0.84 0.001087247889274768
0.841 0.000886431604113888
0.842 0.001064099400638212
0.843 0.000932487042950522
0.844 0.00080326690499301
0.845 0.0007251954659541409
0.846 0.0009047852841849609
0.847 0.0012489056750653392
0.848 0.001379245706531539
0.849 0.0010199208325401621
0.85 0.000887994519556674
0.851 0.00114041662958515
0.852 0.001321020050578522
0.853 0.001345422699805994
0.854 0.0015642452969939148
0.855 0.001047574330074424
0.856 0.0005882547237554
0.857 0.000366325759908614
0.858 0.000945834620675991
0.859 0.001184380669759537
0.86 0.0015945874926525819
0.861 0.001048507263235019
0.862 0.00083740638343598
0.863 0.000585739332405752
0.864 0.001076981589816406
0.865 0.001140355757947712
0.866 0.001270797874901588
0.867 0.000723532548747609
0.868 0.000883977985226516
0.869 0.00118755526612955
0.87 0.0014237373033988469
0.871 0.001123951232003125
0.872 0.0012677395212678999
0.873 0.001272130927886748
0.874 0.001102661218898277
0.875 0.001089224119224848
0.876 0.001212273198220331
0.877 0.0012412346120673121
0.878 0.0011645755973908399
0.879 0.001116311902086103
0.88 0.0010111401453386688
0.881 0.000874784628941858
0.882 0.0008479048551141249
0.883 0.000895622465407711
0.884 0.0008003370081386401
0.885 0.0006555611275780599
0.886 0.000732592656565178
0.887 0.000914781889365366
0.888 0.000794583036803582
0.889 0.000654408709325583
0.89 0.000837893775073509
0.891 0.0009699261505827939
0.892 0.00094494813033765
0.893 0.000991285621996522
0.894 0.001101748018435848
0.895 0.001131923120397611
0.896 0.001121157520873911
0.897 0.00106017071613975
0.898 0.00103750623777708
0.899 0.001039866972978471
0.9 0.001101866031677283
0.901 0.001219468918274421
0.902 0.001259091240865272
0.903 0.001219843290749465
0.904 0.001165488766941697
0.905 0.0011567833915265
0.906 0.001024359242737197
0.907 0.000886460464559099
0.908 0.000912742948266647
0.909 0.0009747493061441639
0.91 0.000894723603944286
0.911 0.0007552798280265349
0.912 0.0007835298903495139
0.913 0.000930256207885151
0.914 0.000892692576977112
0.915 0.000778505892340535
0.916 0.000624544858071765
0.917 0.0004965396142807661
0.918 0.000513566851612002
0.919 0.0006547243246884989
0.92 0.000741451723147509
0.921 0.000698097370011952
0.922 0.000661455690758708
0.923 0.000750069023375178
0.924 0.000888893937458271
0.925 0.00099179899988429
0.926 0.0010026943095381789
0.927 0.0011504673005447539
0.928 0.001307994419517519
0.929 0.001443696956760492
0.93 0.001477992507455786
0.931 0.001578754784746229
0.932 0.001778981317484846
0.933 0.001970397950643299
0.934 0.002064540744857452
0.935 0.002116112631632477
0.936 0.0022289555580013083
0.937 0.0023725057476435348
0.938 0.0024866827319079228
0.939 0.002576961724223856
0.94 0.002605984653193083
0.941 0.002601754718063063
0.942 0.0026009582233645187
0.943 0.00264778964436295
0.944 0.002610699331443241
0.945 0.0025650333018348292
0.946 0.0025059384585604167
0.947 0.0024338759530200703
0.948 0.002330404621518417
0.949 0.002243086143535621
0.95 0.0021429659390573516
0.951 0.002035613203514649
0.952 0.00197553290107951
0.953 0.00189840645279031
0.954 0.001781931283116774
0.955 0.0017088397153826149
0.956 0.001662529643912469
0.957 0.001605441070092016
0.958 0.001548579993907116
0.959 0.001537688817768159
0.96 0.001532604086937957
0.961 0.001574297945517254
0.962 0.0016760052459576938
0.963 0.001801299830700419
0.964 0.001875565172838622
0.965 0.002009955851529408
0.966 0.0022117285267654
0.967 0.0024535292614745723
0.968 0.002710353668990605
0.969 0.003054135629899808
0.97 0.003536088305127805
0.971 0.004080007086709023
0.972 0.004722850467552323
0.973 0.005523075394396743
0.974 0.006514721719374169
0.975 0.007635593593578073
0.976 0.009073308927902217
0.977 0.010784704023911127
0.978 0.012809784343602772
0.979 0.015145686956132186
0.98 0.01810339088414024
0.981 0.021349172813916822
0.982 0.025192364468428017
0.983 0.029526868384299465
0.984 0.03445416313954498
0.985 0.040315974092768825
0.986 0.04647030588526327
0.987 0.05313966827375657
0.988 0.060230787877089687
0.989 0.06866532722344881
0.99 0.0774675764262298
0.991 0.08654328019559109
0.992 0.09730409996504763
0.993 0.10770133510006555
0.994 0.1181107530808155
0.995 0.12857063877124245
0.996 0.1411246928043771
0.997 0.15351093228873683
0.998 0.16603498014661539
0.999 0.17835422995086136
1.0 0.18973427981474064
1.001 0.20081850974587512
1.002 0.21202024927058705
1.003 0.22336058136550446
1.004 0.23472114292041069
1.005 0.24487401849997437
1.006 0.25425229417301987
1.007 0.26208861406315637
1.008 0.27023951314797434
1.009 0.27763967968989844
1.01 0.28471738952225134
1.011 0.2920049151173982
1.012 0.29825513850032037
1.013 0.30409762266113277
1.014 0.3091496257346505
1.015 0.3140486891409626
1.016 0.31723341914944664
1.017 0.3205107271882094
1.018 0.32442360782143015
1.019 0.3280146072457128
1.02 0.33167008081643173
1.021 0.33500843411719156
1.022 0.3377605798980961
1.023 0.3390770475973549
1.024 0.34041356339662143
1.025 0.341213061645823
1.026 0.34180625399430864
1.027 0.3429888323833061
1.028 0.3448951652350157
1.029 0.3466056524077809
1.03 0.34784328531182607
1.031 0.34916483432765516
1.032 0.3500856720969783
1.033 0.3504652232125939
1.034 0.35171037186508647
1.035 0.3527400331636429
1.036 0.35395992718662544
1.037 0.35523762355839356
1.038 0.3560704249338441
1.039 0.3559136499693763
1.04 0.35537825269190937
1.041 0.3555226718519069
1.042 0.355897978137536
1.043 0.357481364582476
1.044 0.35898281477177424
1.045 0.3592949263265647
1.046 0.35939830593617195
1.047 0.3597327859596854
1.048 0.3606861987114732
1.049 0.3607219361428108
1.05 0.36045355756475883
1.051 0.36036406038770785
1.052 0.36118674160473485
1.053 0.36251768610832125
1.054 0.36275467775455117
1.055 0.36220092776547824
1.056 0.3610611174726073
1.057 0.3606672719371767
1.058 0.3607680276204233
1.059 0.361018642589764
1.06 0.3616399349815553
1.061 0.36188413482941856
1.062 0.3622095412943092
1.063 0.3623483482032276
1.064 0.3622402977066323
1.065 0.36187393093316583
1.066 0.36198082057442077
1.067 0.36289755752197583
1.068 0.36357109090284034
1.069 0.36414085704680854
1.07 0.3634316941680339
1.071 0.3629599102328076
1.072 0.36258465338227636
1.073 0.3631503532372407
1.074 0.36403911918123133
1.075 0.36546407394994146
1.076 0.3673435985562509
1.077 0.3688457031764079
1.078 0.3701414285621606
1.079 0.37093136454970654
1.08 0.3723211122616488
1.081 0.37354714196712574
1.082 0.3742901233391038
1.083 0.37468270278605154
1.084 0.37540994832111857
1.085 0.3767373985522469
1.086 0.3780548433563345
1.087 0.3793696655295599
1.088 0.3797603027251506
1.089 0.37939640815633424
1.09 0.3790200582781408
1.091 0.3802513623215713
1.092 0.3824807428204298
1.093 0.3838190356089781
1.094 0.38425859822826824
1.095 0.38386110303038684
1.096 0.3838544570644823
1.097 0.3838772455498238
1.098 0.38456323416185223
1.099 0.38540435093965875
1.1 0.38607164102304153
1.101 0.3868465024948295
1.102 0.3873270901934492
1.103 0.3874776627024893
1.104 0.38739130194064714
1.105 0.38729472857324465
1.106 0.3874897479487785
1.107 0.38802882259834687
1.108 0.38925660236243376
1.109 0.3893083205273622
1.11 0.38921132517548285
1.111 0.38913082892263073
1.112 0.3893282547185169
1.113 0.3891465113351668
1.114 0.3892278047289248
1.115 0.3899914045187041
1.116 0.39024262737593673
1.117 0.39057729819467063
1.118 0.39087353999695224
1.119 0.39087042134784156
1.12 0.38990297661821893
1.121 0.3889584063958674
1.122 0.38872405067916654
1.123 0.38821871908167
1.124 0.38818381187546325
1.125 0.388982588241004
1.126 0.38961989427207744
1.127 0.38909113018200486
1.128 0.3881802621041497
1.129 0.3877188827337512
1.13 0.3881548900903825
1.131 0.38947108273013537
1.132 0.39009410380028314
1.133 0.38980985224318265
1.134 0.3894425746267826
1.135 0.3893622810097879
1.136 0.38987446942120046
1.137 0.39046352211267593
1.138 0.3911059430151372
1.139 0.39129321902607106
1.14 0.39240214586597816
1.141 0.3941848873135953
1.142 0.39605230866723307
1.143 0.3972284016392468
1.144 0.3972651440752312
1.145 0.39732220787052885
1.146 0.39807780959460254
1.147 0.39944603196961354
1.148 0.40117996377803694
1.149 0.40158206570551747
1.15 0.40195178952879873
1.151 0.4023677820917685
1.152 0.40344117831080634
1.153 0.40395627988255833
1.154 0.40438507715143507
1.155 0.4050825039125685
1.156 0.4055806157692854
1.157 0.4067487416672223
1.158 0.4078508387974371
1.159 0.40883826356924835
1.16 0.4084423366926388
1.161 0.4081629998214569
1.162 0.4084436989347301
1.163 0.4095639630238234
1.164 0.4103776514073498
1.165 0.41101540109785073
1.166 0.41118592617992444
1.167 0.41108966925504525
1.168 0.41060660932380605
1.169 0.41077921498531206
1.17 0.41057452096769725
1.171 0.4102855327256276
1.172 0.40958815873182985
1.173 0.40976765238811586
1.174 0.4093421623157425
1.175 0.40830543868722585
1.176 0.4062529451668546
1.177 0.40381777449701733
1.178 0.40158776919733097
1.179 0.3987140667109899
1.18 0.3954215865903675
1.181 0.39160225223249345
1.182 0.3865097386831789
1.183 0.37973753926955117
1.184 0.37096537564232107
1.185 0.3623724032954829
1.186 0.35262265365669215
1.187 0.34170452523413763
1.188 0.3294295430102267
1.189 0.3178357689444463
1.19 0.30671051437510294
1.191 0.29432101485182927
1.192 0.2820159326883412
1.193 0.27024767390991505
1.194 0.25979510921848975
1.195 0.25081581437914946
1.196 0.2434963977231934
1.197 0.23821582113363252
1.198 0.23634341725403696
1.199 0.2370539028435238
1.2 0.23868642546675012
1.201 0.24143332876972265
1.202 0.24661477434259996
1.203 0.25425662709408664
1.204 0.2632647147038392
1.205 0.2731125339176589
1.206 0.2845469973924774
1.207 0.2963425277101931
1.208 0.3082723055069474
1.209 0.3206100577732587
1.21 0.3344303282532776
1.211 0.34719699176195695
1.212 0.35855445451198587
1.213 0.36975464009784
1.214 0.37969391585733075
1.215 0.388093621686581
1.216 0.3951145247792273
1.217 0.4019385041107799
1.218 0.40830083831302383
1.219 0.41320229026620486
1.22 0.4162318725295794
1.221 0.417932181634344
1.222 0.4195690483306931
1.223 0.4213479431621887
1.224 0.4217975599128522
1.225 0.4221701798284752
1.226 0.4224812558873849
1.227 0.42342983894278163
1.228 0.4238074643578474
1.229 0.4237402566196969
1.23 0.42311977733604633
1.231 0.42243270540440747
1.232 0.4228027754683443
1.233 0.4235937847828077
1.234 0.4241707449975057
1.235 0.42412165298243654
1.236 0.42402174162538303
1.237 0.424326064687704
1.238 0.42423114996797884
1.239 0.4240346033038634
1.24 0.42399440077668843
1.241 0.4246539852174688
1.242 0.42550511724086143
1.243 0.4259242388690684
1.244 0.426135851426404
1.245 0.42551283165337267
1.246 0.4255496982730119
1.247 0.42530138355534686
1.248 0.425509971290511
1.249 0.4260125968892546
1.25 0.4267342804935985
1.251 0.42700668688396265
1.252 0.4270572514429417
1.253 0.42736065863501005
1.254 0.42698906690435273
1.255 0.42696169866515293
1.256 0.42683509995023056
1.257 0.42686845299591764
1.258 0.42706395741637204
1.259 0.4276863612623602
1.26 0.4282985851477838
1.261 0.42853039240634583
1.262 0.42852754718782127
1.263 0.4282938570147567
1.264 0.4283868700476294
1.265 0.4290615238743142
1.266 0.4296999363957554
1.267 0.43027839920824146
1.268 0.43003777289324735
1.269 0.4295076016117942
1.27 0.42900755809245406
1.271 0.4292773350009879
1.272 0.42942346174293067
1.273 0.42942854253011176
1.274 0.4295054615112334
1.275 0.4296808579361716
1.276 0.42983688663685304
1.277 0.43017523316648554
1.278 0.4301199599804937
1.279 0.4294059544299806
1.28 0.42876957938763177
1.281 0.4292149148490711
1.282 0.42974697056442396
1.283 0.4303289764188205
1.284 0.43050503442704563
1.285 0.4307272008237425
1.286 0.43025766808361426
1.287 0.4296628180645472
1.288 0.42933726797731436
1.289 0.4292532863865779
1.29 0.4289693846901425
1.291 0.4287012065419706
1.292 0.42904670314639937
1.293 0.42927957753899443
1.294 0.428950879852396
1.295 0.4277705869340948
1.296 0.4267833065671808
1.297 0.427637305711734
1.298 0.4296242784295502
1.299 0.4316827617403535
1.3 0.4319623304276139
1.301 0.4315971013799215
1.302 0.430362106496395
1.303 0.42991038711533436
1.304 0.4296495486104692
1.305 0.43013641300484384
1.306 0.43026171552766346
1.307 0.43051319689338935
1.308 0.4304893010517761
1.309 0.43111726468049094
1.31 0.4313769573532831
1.311 0.43217195811465625
1.312 0.43265179507082374
1.313 0.43311164929232476
1.314 0.43360066910835143
1.315 0.43502468443435066
1.316 0.43608470626609785
1.317 0.4361656855780926
1.318 0.4357874791870856
1.319 0.43649370909339247
1.32 0.4373314718812267
1.321 0.4376152334513386
1.322 0.43694337192722227
1.323 0.43740566269216874
1.324 0.4385264363617191
1.325 0.4395521755767134
1.326 0.4394568449716492
1.327 0.43892923808999657
1.328 0.43841092116581554
1.329 0.438194116586607
1.33 0.4390547347561989
1.331 0.44018556590838087
1.332 0.4410457540042215
1.333 0.4408392966498366
1.334 0.440166850798307
1.335 0.43938868880837056
1.336 0.4396354581541058
1.337 0.4407254040570499
1.338 0.4414524129069649
1.339 0.44162759204449437
1.34 0.44190174025937884
1.341 0.4425014861215348
1.342 0.44317811070389407
1.343 0.4434563896940547
1.344 0.4433865340318448
1.345 0.4431866525269134
1.346 0.4433038969440214
1.347 0.44385998079347555
1.348 0.44521519239316226
1.349 0.44615700922460005
1.35 0.4456713572889662
1.351 0.4446871478443531
1.352 0.44426806820799836
1.353 0.44461997412864085
1.354 0.4461219352874584
1.355 0.44705216028882594
1.356 0.446892672577347
1.357 0.4467122104393001
1.358 0.4473411486856473
1.359 0.4470148515900353
1.36 0.44593598770849213
1.361 0.4453286388997973
1.362 0.44607648135270944
1.363 0.4471445823953977
1.364 0.447928483067779
1.365 0.44755871008951575
1.366 0.44658768226784196
1.367 0.44465697042599134
1.368 0.44343730455607167
1.369 0.4431981122340939
1.37 0.44393617585568157
1.371 0.4440790667646114
1.372 0.4431244521510358
1.373 0.441160648288268
1.374 0.4390197588440637
1.375 0.4378411283499393
1.376 0.43737223457536145
1.377 0.4366744262636206
1.378 0.4352090606646255
1.379 0.433886416575073
1.38 0.43315554211759805
1.381 0.4321313469498328
1.382 0.4309908175480206
1.383 0.4296877941828798
1.384 0.4284206491463543
1.385 0.42807621495216464
1.386 0.42873696851467635
1.387 0.42924858617738365
1.388 0.4287178190093141
1.389 0.42835162807847876
1.39 0.4284082885861891
1.391 0.42899148895683015
1.392 0.42902820137678216
1.393 0.42995437437635176
1.394 0.43129873121625634
1.395 0.43267757253951494
1.396 0.4326387161573615
1.397 0.43286207048369124
1.398 0.43363285286243863
1.399 0.43451600352713404
1.4 0.4352503464896947
1.401 0.43623663895370957
1.402 0.4370908109105657
1.403 0.43758554484788853
1.404 0.43827181963209444
1.405 0.438756977471008
1.406 0.4384568220480786
1.407 0.4386932758690887
1.408 0.4397443852156973
1.409 0.44103688743587477
1.41 0.441800221536963
1.411 0.4430114269043182
1.412 0.44443413712658036
1.413 0.44538339930096316
1.414 0.44582465902326773
1.415 0.4455926066299161
1.416 0.4462121851815097
1.417 0.44766854752484014
1.418 0.4489037365190229
1.419 0.44905365168609324
1.42 0.4481048749799278
1.421 0.44749817314966434
1.422 0.4462630141193345
1.423 0.44523515070245984
1.424 0.4433254963184537
1.425 0.44149674636134384
1.426 0.4394530579064506
1.427 0.4369372180100149
1.428 0.433292433274963
1.429 0.42901904581996314
1.43 0.42496502457769886
1.431 0.41990173792278995
1.432 0.41414806239666
1.433 0.4084590606744206
1.434 0.4025564640371859
1.435 0.39595975574314
1.436 0.38826939688786216
1.437 0.38192767418732476
1.438 0.37420551295034277
1.439 0.36541764567774504
1.44 0.3554005125470345
1.441 0.34703209698353965
1.442 0.339015648785451
1.443 0.3300268615307893
1.444 0.3204667404943969
1.445 0.3111791836459282
1.446 0.30206627863609603
1.447 0.29404517777057204
1.448 0.28683529031846094
1.449 0.2809314320710875
1.45 0.2749781207624424
1.451 0.27015404327099113
1.452 0.26582519008832356
1.453 0.262030545932771
1.454 0.2598195842880677
1.455 0.25940693017713173
1.456 0.26054762698743156
1.457 0.262209186618797
1.458 0.26547504010232115
1.459 0.2704624963997833
1.46 0.27695778176890995
1.461 0.28405050300191587
1.462 0.29166282875529365
1.463 0.30069519411709283
1.464 0.310931291068684
1.465 0.3236152757591682
1.466 0.33614993425956846
1.467 0.3489551533174696
1.468 0.3593266848412036
1.469 0.37053596180585113
1.47 0.3816956939835307
1.471 0.39354795399885795
1.472 0.4056814950496826
1.473 0.416635098165576
1.474 0.4272917923870583
1.475 0.4352542443978162
1.476 0.44335072313027774
1.477 0.4491195387432231
1.478 0.45441490394446177
1.479 0.4585861744726088
1.48 0.4632178292516044
1.481 0.46665744222321603
1.482 0.4694796778757427
1.483 0.4719713588355557
1.484 0.47408452412940977
1.485 0.47431130872613103
1.486 0.4742791549528782
1.487 0.47359847146549144
1.488 0.4742146929953219
1.489 0.47499987346637085
1.49 0.4765646530486762
1.491 0.4773001004458254
1.492 0.47745749679057325
1.493 0.47694911769568615
1.494 0.47574057320256713
1.495 0.47501081667064143
1.496 0.47462269450789385
1.497 0.47587233391288547
1.498 0.4765267810828315
1.499 0.47725260829474075
1.5 0.47679427380484973
1.501 0.47683697366950617
1.502 0.476771212414243
1.503 0.47656216673201934
1.504 0.47662864052530923
1.505 0.4777595649036598
1.506 0.47929223247624253
1.507 0.47949910019403785
1.508 0.48002693407199193
1.509 0.48055139769021515
1.51 0.4805680515741061
1.511 0.48071564788161
1.512 0.48103086843173964
1.513 0.48180195340751014
1.514 0.4825460728519487
1.515 0.483288338774558
1.516 0.4840489417304515
1.517 0.48448908675673824
1.518 0.4843868402363615
1.519 0.48303472147644233
1.52 0.4823501614386135
1.521 0.48217936254024957
1.522 0.4827816882415957
1.523 0.4844801280892645
1.524 0.4857089485910536
1.525 0.4854547681768394
1.526 0.48532658306082027
1.527 0.4854249984836826
1.528 0.48672601539828736
1.529 0.4870043418800493
1.53 0.4878221144263102
1.531 0.4878386076704568
1.532 0.48868158400287065
1.533 0.48876161153285047
1.534 0.48829322279973375
1.535 0.4880303269184473
1.536 0.4879167412158515
1.537 0.48845870132739927
1.538 0.48945102986247196
1.539 0.4903940518581175
1.54 0.49050407770078375
1.541 0.4901821412378651
1.542 0.48972079277553443
1.543 0.4882511390619386
1.544 0.4874221464827025
1.545 0.4872098664449919
1.546 0.48875140551634033
1.547 0.4891176516309964
1.548 0.4897564103421798
1.549 0.48958817985657205
1.55 0.48932960671713527
1.551 0.48857608516731277
1.552 0.48868012950298156
1.553 0.4895007140515039
1.554 0.4898900488744559
1.555 0.4909952981449531
1.556 0.49192158317863827
1.557 0.49171445429271105
1.558 0.4903172902584995
1.559 0.48915394078083574
1.56 0.48929682027363763
1.561 0.48998806798688915
1.562 0.49069620074753423
1.563 0.4914447733052293
1.564 0.49258949230642607
1.565 0.4925724006849434
1.566 0.49075916441301093
1.567 0.48950916365492125
1.568 0.4891192985815598
1.569 0.48942957990098596
1.57 0.48966450024678126
1.571 0.4900743715533517
1.572 0.4908986519426221
1.573 0.4909863692764742
1.574 0.49049385126702116
1.575 0.48950487847029756
1.576 0.4893712029880262
1.577 0.4895949401848832
1.578 0.49013809146857656
1.579 0.49108550393753003
1.58 0.4920108171348792
1.581 0.4926275146030161
1.582 0.4906198532914763
1.583 0.4892296845779947
1.584 0.4894284312305943
1.585 0.4907287785188175
1.586 0.48992007123637826
1.587 0.48922650873183854
1.588 0.4893565839681619
1.589 0.4888502188304501
1.59 0.4883529056946301
1.591 0.48727580853459324
1.592 0.4874890230706785
1.593 0.4877682841297181
1.594 0.4881723122140132
1.595 0.48823155435782867
1.596 0.48837519710071703
1.597 0.4893235653522635
1.598 0.4886935134201467
1.599 0.4882049902076441
1.6 0.4878070814339727
1.601 0.48829714858441714
1.602 0.4896627043426235
1.603 0.4917183850150997
1.604 0.4937716762599262
1.605 0.4929578724091062
1.606 0.4919350205149412
1.607 0.49087051077601984
1.608 0.49065863598351694
1.609 0.490980773735623
1.61 0.49197884635544875
1.611 0.4926700313631927
1.612 0.4918011068874338
1.613 0.4921820967051404
1.614 0.4931462694922999
1.615 0.49322566568556553
1.616 0.4918082526335995
1.617 0.49128844347771455
1.618 0.4922216579048557
1.619 0.4938596075719449
1.62 0.49492730434456206
1.621 0.49513239564494965
1.622 0.4940906424779391
1.623 0.4932612462410716
1.624 0.49260629110090565
1.625 0.49415048142819484
1.626 0.4963045448191391
1.627 0.49813196893145717
1.628 0.49806307297928554
1.629 0.4991971453176124
1.63 0.49911596392681284
1.631 0.49683646839653184
1.632 0.4951690620282933
1.633 0.4954881430051978
1.634 0.49702004378355125
1.635 0.4979749894322275
1.636 0.4996960626343461
1.637 0.4994148523547545
1.638 0.4987722272299195
1.639 0.4974923940528172
1.64 0.4976808334297371
1.641 0.4985297963874958
1.642 0.4993997532689288
1.643 0.49886389516245
1.644 0.4987787853857535
1.645 0.49846579141146485
1.646 0.49846639443762253
1.647 0.4979584079499937
1.648 0.49809162182964245
1.649 0.49714863842781026
1.65 0.49757930813577944
1.651 0.49882405829743726
1.652 0.5003193545894163
1.653 0.5001313518756128
1.654 0.49883068833575805
1.655 0.4981591771377645
1.656 0.49772382340599874
1.657 0.4975247549064447
1.658 0.4973823637664694
1.659 0.4982793210114223
1.66 0.49882724896042163
1.661 0.4982301227763692
1.662 0.4973566956697791
1.663 0.49694626892873833
1.664 0.49556794721324315
1.665 0.49469105509786765
1.666 0.4943918673404308
1.667 0.4950220737912611
1.668 0.49437510807425245
1.669 0.49373554474869574
1.67 0.49172463771598535
1.671 0.48972918551953315
1.672 0.48752362383608944
1.673 0.4878091112551037
1.674 0.4898811978131844
1.675 0.4919200130290392
1.676 0.49336209275482107
1.677 0.49377193351517573
1.678 0.493990057659192
1.679 0.494664007323366
1.68 0.4968141136313324
1.681 0.4972205644539934
1.682 0.4967301229732699
1.683 0.497862474795358
1.684 0.4997183813957639
1.685 0.5018674759483933
1.686 0.5021914559912822
1.687 0.5015942453092237
1.688 0.5008574818073215
1.689 0.5018787247955017
1.69 0.5017386311780415
1.691 0.5024375457159613
1.692 0.5031904117766156
1.693 0.5045875162550284
1.694 0.5040940633327488
1.695 0.5037686467696306
1.696 0.5020545609357242
1.697 0.5021318599058918
1.698 0.5018406583392231
1.699 0.5022423591185963
1.7 0.5026690117808037
1.701 0.5040091507045075
1.702 0.5037509855152863
1.703 0.5020110545585095
1.704 0.5000594769113291
1.705 0.49894703995260314
1.706 0.49914387957052186
1.707 0.499394548173667
1.708 0.4994373807632358
1.709 0.49934716246854716
1.71 0.4984958074731016
1.711 0.49788858118161866
1.712 0.49677107032610834
1.713 0.49551620051457335
1.714 0.49475232031368976
1.715 0.4951755466514788
1.716 0.49608932509433024
1.717 0.49643501568281106
1.718 0.4979887188679865
1.719 0.49812734853522217
1.72 0.49788165713346777
1.721 0.4966566657759522
1.722 0.4978461700255208
1.723 0.4989418106095349
1.724 0.49989922875536097
1.725 0.5013221013837637
1.726 0.5032957612947027
1.727 0.5047654910864562
1.728 0.5032168574293965
1.729 0.5018412339177344
1.73 0.5005965028261866
1.731 0.5013073857788962
1.732 0.5019935652576969
1.733 0.5028000344397786
1.734 0.5029767474256494
1.735 0.5024825508634755
1.736 0.5022042587373645
1.737 0.5022650943103177
1.738 0.503048129329036
1.739 0.5036647133965106
1.74 0.5043506835993312
1.741 0.5045626881413177
1.742 0.5050962027434268
1.743 0.506251948793929
1.744 0.5060815040493442
1.745 0.5054124864866153
1.746 0.5047857554069667
1.747 0.5048793392666698
1.748 0.5050939740237804
1.749 0.5063615790865833
1.75 0.5084745232606757
1.751 0.5089059091340434
1.752 0.5076723426021837
1.753 0.5067723430745578
1.754 0.5062025106235732
1.755 0.5067629159149515
1.756 0.5072038733049342
1.757 0.508258039995045
1.758 0.5076941870333909
1.759 0.5079744844954097
1.76 0.5078595267084288
1.761 0.5069444228534495
1.762 0.5054649909195573
1.763 0.5052698517300834
1.764 0.5062063482269717
1.765 0.5073643794402756
1.766 0.5081537602246291
1.767 0.5084156038492085
1.768 0.5069344109609168
1.769 0.505830712768183
1.77 0.5046583557390024
1.771 0.5052727799540863
1.772 0.505431286508792
1.773 0.5048928049769856
1.774 0.5054730084044348
1.775 0.5079957373605071
1.776 0.5130898163544878
1.777 0.511132820552706
1.778 0.5071681156656328
1.779 0.5038995247072022
1.78 0.5063960328210031
1.781 0.5078057002183071
1.782 0.5094289596824466
1.783 0.5108108791232017
1.784 0.5109678073826854
1.785 0.509832168653519
1.786 0.5092156815950533
1.787 0.5097409380665974
1.788 0.5107198829423154
1.789 0.5117875476980074
1.79 0.512472840885465
1.791 0.5126703503447216
1.792 0.5120740623977107
1.793 0.5108106413051632
1.794 0.5101142583155108
1.795 0.5101278593577744
1.796 0.5095172041300715
1.797 0.5095955010751335
1.798 0.5107437958188056
1.799 0.5126861851701335
1.8 0.5128144866538888
1.801 0.5127204269514826
1.802 0.5124788601824485
1.803 0.5121925515789029
1.804 0.5122148013032828
1.805 0.5126510764982269
1.806 0.5140543760444386
1.807 0.5144389171785024
1.808 0.5147937073966841
1.809 0.5144419924243856
1.81 0.5143248389071872
1.811 0.5140956838273015
1.812 0.5142397848464502
1.813 0.5152864008218406
1.814 0.5168935952882681
1.815 0.5179498507548992
1.816 0.517787950469144
1.817 0.5173158263608374
1.818 0.5161587003493505
1.819 0.5144606053960515
1.82 0.513327127209705
1.821 0.5133670715013902
1.822 0.5143159344381784
1.823 0.5147852446544664
1.824 0.5151146339852303
1.825 0.5147547424534824
1.826 0.5141115922373051
1.827 0.513193462209802
1.828 0.5130272182617
1.829 0.5129325359307946
1.83 0.513508630990301
1.831 0.514532675365418
1.832 0.5159749961307332
1.833 0.5157650192704892
1.834 0.5148709208456139
1.835 0.5145049505774301
1.836 0.5146191782237883
1.837 0.5148224801245128
1.838 0.5155861373050598
1.839 0.5178360876712867
1.84 0.518236704727976
1.841 0.517206937982598
1.842 0.5152919219270892
1.843 0.5142716369229638
1.844 0.5141294760359226
1.845 0.5152235301957853
1.846 0.5167120204397714
1.847 0.5172878780346195
1.848 0.5174993813671139
1.849 0.5166376056045172
1.85 0.5157366609142462
1.851 0.5146501744659632
1.852 0.5143262732562416
1.853 0.5147172577439146
1.854 0.5157228428235469
1.855 0.5167468393443563
1.856 0.5164931266035387
1.857 0.5155371024184767
1.858 0.5142842263085363
1.859 0.5140097371488214
1.86 0.5139992422105125
1.861 0.5138276000473287
1.862 0.5148261819314168
1.863 0.51616065033025
1.864 0.5177657136330731
1.865 0.5176597453532982
1.866 0.5164722823679099
1.867 0.5148464025589365
1.868 0.5147422401865641
1.869 0.5166851293339317
1.87 0.5175607349432955
1.871 0.5180347738409918
1.872 0.5178109295006231
1.873 0.519122427341279
1.874 0.5195178303556888
1.875 0.5195432424514462
1.876 0.5189583759224756
1.877 0.5194348979251472
1.878 0.5201528088233047
1.879 0.521085181243671
1.88 0.5217441419049336
1.881 0.5208355288084231
1.882 0.5187076539360622
1.883 0.5170569168147727
1.884 0.5165535132792879
1.885 0.5173460287314197
1.886 0.5182793955348969
1.887 0.5191797528667009
1.888 0.5189414676659997
1.889 0.5186249413640961
1.89 0.5176363613930194
1.891 0.5165307003318694
1.892 0.5162745470691096
1.893 0.5161728065737341
1.894 0.5162993399859946
1.895 0.5168545911275281
1.896 0.5181069265860525
1.897 0.5189889643135025
1.898 0.5181095925839998
1.899 0.5169499312303307
1.9 0.5161586133299026
1.901 0.5172245204654171
1.902 0.5177528050120762
1.903 0.5179068297019928
1.904 0.5181362362033605
1.905 0.5182168788742272
1.906 0.5173293184389536
1.907 0.5159692533599961
1.908 0.5160058081083952
1.909 0.517097702403415
1.91 0.5185170598307292
1.911 0.5197640771079105
1.912 0.5199065052039161
1.913 0.5201827974824772
1.914 0.5194325035264946
1.915 0.5184199346736388
1.916 0.5168768965998084
1.917 0.5166511164118622
1.918 0.5180120065857449
1.919 0.5187634765188563
1.92 0.5191912157002938
1.921 0.518458538061548
1.922 0.5183716739143363
1.923 0.5175479598191677
1.924 0.5166773596807626
1.925 0.5156754461493702
1.926 0.5154051960760058
1.927 0.5160117575095697
1.928 0.516429250221041
1.929 0.516495118399368
1.93 0.5159424826432022
1.931 0.5149737455389344
1.932 0.5134546675212983
1.933 0.5119248751579035
1.934 0.5124949147720588
1.935 0.5137626328771999
1.936 0.515079998480878
1.937 0.5149052486813536
1.938 0.5151945674465302
1.939 0.5147162900436368
1.94 0.5144777490358133
1.941 0.5143506980231797
1.942 0.5151561539121079
1.943 0.5168188883162981
1.944 0.5182666482067213
1.945 0.5194646196887341
1.946 0.5198346422559138
1.947 0.5194540816681099
1.948 0.5181840743869659
1.949 0.5171681985143324
1.95 0.5176783869369215
1.951 0.5191205814848912
1.952 0.5202697318094168
1.953 0.5203307107581505
1.954 0.5202928716590838
1.955 0.5201193597036206
1.956 0.5197976047210952
1.957 0.5195992818574139
1.958 0.5196695637016546
1.959 0.5197689558195244
1.96 0.5202206270866215
1.961 0.5203681186206465
1.962 0.520796197481384
1.963 0.5205913985710906
1.964 0.5204241819309975
1.965 0.519610645058747
1.966 0.5201480623040241
1.967 0.5214038783911097
1.968 0.5216847209392268
1.969 0.5212136701393285
1.97 0.5201782893789584
1.971 0.5203621779660647
1.972 0.5200007528611147
1.973 0.5202753562304074
1.974 0.5199333942229833
1.975 0.5203634945475353
1.976 0.5208672335685357
1.977 0.5213779299005372
1.978 0.5221745278467015
1.979 0.5224778000710613
1.98 0.5224226404031551
1.981 0.5216483520069062
1.982 0.5215643889683199
1.983 0.5220188099003199
1.984 0.5224444973767974
1.985 0.5232986270772982
1.986 0.5239020452149786
1.987 0.5248063244425593
1.988 0.5244523996403704
1.989 0.5242166114161775
1.99 0.5237424810979208
1.991 0.5240421058934893
1.992 0.5241914585635357
1.993 0.5234469283827307
1.994 0.5220028694803834
1.995 0.519266297630564
1.996 0.5162849399148031
1.997 0.5135097752907026
1.998 0.5154566683361379
1.999 0.5181285845779694
2.0 0.5199314004977548
2.001 0.5200061675808934
2.002 0.5201127835986976
2.003 0.5199026902093089
2.004 0.5193466089646912
2.005 0.5200200560627773
2.006 0.5203980575390031
2.007 0.5217625021958905
2.008 0.5221392117535638
2.009 0.5220087649383774
2.01 0.5214161173250899
2.011 0.5205376825787812
2.012 0.5203153088532926
2.013 0.5206605802095582
2.014 0.521521555281832
2.015 0.5211201527713164
2.016 0.5207788502278458
2.017 0.5210941639882959
2.018 0.5213236450108912
2.019 0.5207088627289234
2.02 0.5193997734523612
2.021 0.5196292533349851
2.022 0.5214445797981597
2.023 0.5225400212835374
2.024 0.52179040295467
2.025 0.5203473210552444
2.026 0.5202836528220391
2.027 0.5199149007391174
2.028 0.51963358023637
2.029 0.5190288475712919
2.03 0.520128449673839
2.031 0.5216022586903006
2.032 0.5221939099454043
2.033 0.5213660828650353
2.034 0.5205753519568305
2.035 0.5207416147247873
2.036 0.5207492239511423
2.037 0.5205245668949537
2.038 0.5206111868003916
2.039 0.5203181456629479
2.04 0.5193428892844802
2.041 0.5180723978809552
2.042 0.517578121917481
2.043 0.5177400376856649
2.044 0.517685671000418
2.045 0.5175510942056545
2.046 0.5169772507832613
2.047 0.517282045383997
2.048 0.5172104742618613
2.049 0.5169973164584034
2.05 0.5166937535347351
2.051 0.5160733407289003
2.052 0.5153352724282482
2.053 0.5142422523886712
2.054 0.5151281135555322
2.055 0.5157382845659446
2.056 0.5168804293200134
2.057 0.5173127593565668
2.058 0.5185707090330468
2.059 0.519108666595666
2.06 0.518476585116852
2.061 0.5180499675681008
2.062 0.5181218930036983
2.063 0.5198036211676814
2.064 0.5201220858202047
2.065 0.5199490966326786
2.066 0.5195146032712493
2.067 0.5188261571192581
2.068 0.5189454850179263
2.069 0.5187422223065051
2.07 0.5200304219893723
2.071 0.5211111040713964
2.072 0.5231467912249944
2.073 0.5238137354333045
2.074 0.5242057314419184
2.075 0.5253437175047467
2.076 0.5255250163160173
2.077 0.5245117287088741
2.078 0.5228346037446203
2.079 0.5236836381082234
2.08 0.5255505617465092
2.081 0.5267557935144558
2.082 0.5272060442604531
2.083 0.5272781285699668
2.084 0.5281015299382398
2.085 0.5273035005857568
2.086 0.5279415987173646
2.087 0.5281798124913515
2.088 0.5295257646544217
2.089 0.5281427815393648
2.09 0.5263740233153084
2.091 0.5252243632115104
2.092 0.5259789063656011
2.093 0.5271964400816408
2.094 0.5265438886316027
2.095 0.5253581845088818
2.096 0.5250024155098736
2.097 0.5264735273233543
2.098 0.5278000576615597
2.099 0.5277632535717883
2.1 0.5269668689813584
2.101 0.5266117072171443
2.102 0.5264407964813325
2.103 0.5259500973389152
2.104 0.5255459122490498
2.105 0.5265325428858313
2.106 0.5272151916340562
2.107 0.5272930921533845
2.108 0.5270605551241608
2.109 0.5276876320349875
2.11 0.528449724934969
2.111 0.5275967958966719
2.112 0.5265076700904088
2.113 0.5268531457685087
2.114 0.5281169441365685
2.115 0.5278585182803667
2.116 0.5274563169307127
2.117 0.5275675972539678
2.118 0.5281975253740208
2.119 0.5290025517094017
2.12 0.5299169011003526
2.121 0.5307334696639044
2.122 0.5306172138612449
2.123 0.5297713863767727
2.124 0.5294554812969932
2.125 0.5306281157709137
2.126 0.5321081864423846
2.127 0.5313406067134128
2.128 0.5300321229457416
2.129 0.5293468869659292
2.13 0.5305658884779745
2.131 0.5316189647289089
2.132 0.5313696006583516
2.133 0.5304207187853883
2.134 0.5289745425201452
2.135 0.5289207559004346
2.136 0.5284857966615906
2.137 0.5280104671707242
2.138 0.5267111805319908
2.139 0.5254399189664503
2.14 0.5240081114388894
2.141 0.523046008537572
2.142 0.5235331800747071
2.143 0.5234130269829848
2.144 0.5231137525915867
2.145 0.5220149527478825
2.146 0.5219861133161458
2.147 0.5222072162107052
2.148 0.5226195717763806
2.149 0.5228710712371075
2.15 0.5224407538856254
2.151 0.5215182333899553
2.152 0.5199588416492227
2.153 0.5191287083084332
2.154 0.5188687587099243
2.155 0.5191322379586136
2.156 0.5197727855092023
2.157 0.5187903529102551
2.158 0.517938669272508
2.159 0.5183344341782793
2.16 0.5192389583681147
2.161 0.5188086039925044
2.162 0.5176955629700335
2.163 0.5176523387006763
2.164 0.5165590921091988
2.165 0.5149429663344534
2.166 0.5133830856611826
2.167 0.5135626676902318
2.168 0.5139405781512136
2.169 0.5129696992337464
2.17 0.5119910960150195
2.171 0.511400208754098
2.172 0.5116343826815157
2.173 0.5114160278148465
2.174 0.5114111405542963
2.175 0.5105140577725631
2.176 0.5082437651358094
2.177 0.5055533967508093
2.178 0.5028583824538135
2.179 0.5010417159420011
2.18 0.49903572216628017
2.181 0.49756026130790887
2.182 0.4965914253817158
2.183 0.4953005624147604
2.184 0.49271934561726755
2.185 0.48904892687727064
2.186 0.4862358844973828
2.187 0.48293598147114825
2.188 0.4814732786598011
2.189 0.47849097822837855
2.19 0.4769936455993517
2.191 0.4733543462821383
2.192 0.471261241263648
2.193 0.4676998147620214
2.194 0.46515360257456867
2.195 0.46144048304565327
2.196 0.45876090597738045
2.197 0.45559889332048
2.198 0.4518483812031467
2.199 0.447746779057766
2.2 0.444940039635791
2.201 0.4412559484369027
2.202 0.43697001427738397
2.203 0.43215602759382005
2.204 0.4286134620407839
2.205 0.4259941462450873
2.206 0.42422830743361395
2.207 0.4221259071044949
2.208 0.4194408489401552
2.209 0.41640283892355756
2.21 0.4137858463344202
2.211 0.41255465192343144
2.212 0.41262762619428106
2.213 0.41282856980963245
2.214 0.41240540784612956
2.215 0.4114836940695499
2.216 0.41173108825033244
2.217 0.4129419984596856
2.218 0.41438669291201957
2.219 0.4152000129030925
2.22 0.41632529251840933
2.221 0.4178323055734546
2.222 0.41885121015863785
2.223 0.4207202658553718
2.224 0.42263914980276135
2.225 0.4240154326356569
2.226 0.42415694185441966
2.227 0.4246274460549451
2.228 0.4254145989825705
2.229 0.42680624742930406
2.23 0.42839645657266884
2.231 0.429194161752487
2.232 0.4296482509922406
2.233 0.43065298064927354
2.234 0.4318695173702442
2.235 0.432789439722921
2.236 0.4335813530013738
2.237 0.43404020480366096
2.238 0.434358148399546
2.239 0.4355983373756227
2.24 0.4370287097700646
2.241 0.43673367617010606
2.242 0.43538678212575727
2.243 0.43484274850168025
2.244 0.4362374443405913
2.245 0.43812120180840186
2.246 0.43957735242594026
2.247 0.4398413263372951
2.248 0.4387051006419662
2.249 0.43843483203242123
2.25 0.43892598550128015
2.251 0.44031017549214213
2.252 0.44023104612584846
2.253 0.43973065168260295
2.254 0.4394471623679227
2.255 0.4401392073027413
2.256 0.44127586014569353
2.257 0.4412471839403094
2.258 0.44123005613592176
2.259 0.44120553367712295
2.26 0.4416919387290295
2.261 0.44189927443908716
2.262 0.4428924191853459
2.263 0.4431158583801435
2.264 0.44257670296827883
2.265 0.44200145416835196
2.266 0.4429919722331288
2.267 0.4440556443606487
2.268 0.4450389753964617
2.269 0.44658632640920287
2.27 0.44927527975252746
2.271 0.4522301498687631
2.272 0.4554125051597215
2.273 0.45751840125906545
2.274 0.4590913792032901
2.275 0.4606889359093257
2.276 0.46292737487571645
2.277 0.46522135143115406
2.278 0.4669287807467934
2.279 0.46845576234669295
2.28 0.469287003434554
2.281 0.4704344238464075
2.282 0.47246857797643693
2.283 0.4755841238257486
2.284 0.478221005741996
2.285 0.4789683242692048
2.286 0.4796578156218735
2.287 0.48088550351607867
2.288 0.4829814338331671
2.289 0.4846190294553148
2.29 0.48592658245485554
2.291 0.48640278397436587
2.292 0.4866808505042191
2.293 0.48800851116024285
2.294 0.4904303735451133
2.295 0.49279493898994875
2.296 0.49346528851534627
2.297 0.4937838985648219
2.298 0.4944121458021599
2.299 0.49655818764909676
2.3 0.498766425762941
2.301 0.49961996892249333
2.302 0.49990525070977804
2.303 0.5011309608577035
2.304 0.5042658789390931
2.305 0.5074164657401379
2.306 0.5099343930496668
2.307 0.5112499906157574
2.308 0.5134243290411344
2.309 0.5167911780674631
2.31 0.5195676445106203
2.311 0.5216682605368068
2.312 0.5233798768584592
2.313 0.5237248786670476
2.314 0.5233543249931244
2.315 0.5232368564473158
2.316 0.5255141681253127
2.317 0.5275479020945011
2.318 0.5288011105195911
2.319 0.528848545324337
2.32 0.5291833330954894
2.321 0.5300988770094442
2.322 0.5321767121674297
2.323 0.5337665397856717
2.324 0.533378407756741
2.325 0.5327310642696559
2.326 0.532886689017067
2.327 0.5330328136100044
2.328 0.5343700639656573
2.329 0.5349817232334931
2.33 0.5354625894127716
2.331 0.5343433261130196
2.332 0.5360540710748242
2.333 0.5385599653367253
2.334 0.5399323158541874
2.335 0.5391353477503954
2.336 0.5384767535243743
2.337 0.5385526530063028
2.338 0.5388609016358498
2.339 0.5394233181092462
2.34 0.5392504601544739
2.341 0.5390050298721932
2.342 0.5389597051162551
2.343 0.5386586933376128
2.344 0.5392053732089006
2.345 0.5387461103927139
2.346 0.5388917898631931
2.347 0.5389272364948938
2.348 0.540693556989465
2.349 0.5425717009309181
2.35 0.5434126826941492
2.351 0.544106206083456
2.352 0.5439412518867418
2.353 0.5450466054425747
2.354 0.5459353220544205
2.355 0.5475350714856263
2.356 0.5486082860701419
2.357 0.5490062302444059
2.358 0.5498218602341927
2.359 0.5507689234885822
2.36 0.5527457781071646
2.361 0.5526621309386527
2.362 0.552241642468415
2.363 0.5506712691969874
2.364 0.5505617504404563
2.365 0.5516974606972456
2.366 0.5529285474876763
2.367 0.5539142850147287
2.368 0.5536574721928099
2.369 0.5531017674602152
2.37 0.5529664353360462
2.371 0.5536576138859819
2.372 0.5543784854654686
2.373 0.553478896669244
2.374 0.5527693947797729
2.375 0.5528837428421962
2.376 0.554028797012133
2.377 0.553879796784564
2.378 0.5536770681445109
2.379 0.552802547162536
2.38 0.5514457607229691
2.381 0.0
2.382 0.0
