Microns Throughput
0.9682000122070312 0.0
0.9692000122070312 0.0
0.9702000122070312 5.586769497541493e-06
0.9712000122070312 6.630506166684192e-06
0.9722000122070312 7.70095715530691e-06
0.9732000122070312 8.774438494105109e-06
0.9742000122070312 9.762490457135824e-06
0.9752000122070312 1.0730664388570603e-05
0.9762000122070312 1.1723788659323079e-05
0.9772000122070312 1.2944868496907863e-05
0.9782000122070312 1.4510605163262948e-05
0.9792000122070312 1.665583142371887e-05
0.9802000122070312 1.9527050263169255e-05
0.9812000122070312 2.3406430537596384e-05
0.9822000122070312 2.8663177794932324e-05
0.9832000122070312 3.564926249586565e-05
0.9842000122070312 4.466792504043405e-05
0.9852000122070312 5.6171660291691056e-05
0.9862000122070312 7.020630625960264e-05
0.9872000122070312 8.699043170949682e-05
0.9882000122070312 0.00010658753944067999
0.9892000122070312 0.000128994097236671
0.9902000122070312 0.000154441937098181
0.9912000122070312 0.000182764236889193
0.9922000122070312 0.00021471532335403399
0.9932000122070312 0.000251200763549063
0.9942000122070312 0.000293870027127687
0.9952000122070312 0.000344710416228908
0.9962000122070312 0.000407831841208668
0.9972000122070312 0.000488642135278047
0.9982000122070313 0.016522514911503035
0.9992000122070313 0.03419214949782836
1.0002000122070311 0.05415095897177847
1.0012000122070313 0.06059959850833439
1.0022000122070311 0.06854407688855224
1.0032000122070313 0.07639790985798031
1.0042000122070311 0.085907397717321
1.0052000122070313 0.09643841113243458
1.0062000122070311 0.11039986916300168
1.0072000122070313 0.12598832426548837
1.0082000122070311 0.14290759150760374
1.0092000122070313 0.16085942234925857
1.0102000122070312 0.1782449607008287
1.0112000122070313 0.19625859754744734
1.0122000122070312 0.21271937211280417
1.0132000122070313 0.22943628257597284
1.0142000122070312 0.24367715711661359
1.0152000122070313 0.25554518156392875
1.0162000122070312 0.26302957118703424
1.0172000122070313 0.26794945735857423
1.0182000122070312 0.2697379930705708
1.0192000122070313 0.27051120099394077
1.0202000122070312 0.26924265064696934
1.0212000122070313 0.26971433038063597
1.0222000122070312 0.2685275769075059
1.0232000122070313 0.2687186962231865
1.024199951171875 0.2677886566505003
1.025199951171875 0.26882965280137133
1.026199951171875 0.26939554214349365
1.027199951171875 0.2699502668246673
1.028199951171875 0.2713749629991373
1.029199951171875 0.27287769266431816
1.030199951171875 0.27501474212398813
1.031199951171875 0.27653168034910325
1.032199951171875 0.2793188635845651
1.033199951171875 0.2820549883864181
1.034199951171875 0.28648305621353465
1.035199951171875 0.2893367007744527
1.036199951171875 0.29169148328911454
1.037199951171875 0.29206891164841414
1.038199951171875 0.29555776928368976
1.039199951171875 0.29693056226078285
1.040199951171875 0.29941180518836225
1.041199951171875 0.29935972548786216
1.042199951171875 0.3015726595974666
1.043199951171875 0.30205980261065307
1.044199951171875 0.3027096555755005
1.045199951171875 0.3030587440909136
1.046199951171875 0.3046298861637222
1.047199951171875 0.3061172953429496
1.048199951171875 0.30726333476048195
1.049199951171875 0.3084845519899982
1.050199951171875 0.30959535015956247
1.051199951171875 0.3112595196396145
1.052199951171875 0.3120759232645191
1.053199951171875 0.3125950481257502
1.054199951171875 0.3138010568853698
1.055199951171875 0.3134043410788788
1.056199951171875 0.3136909871981567
1.057199951171875 0.3132014734627954
1.058199951171875 0.31264287027302284
1.059199951171875 0.31176912016878505
1.060199951171875 0.31002358384430606
1.061199951171875 0.30906672427783116
1.062199951171875 0.3069650865217539
1.063199951171875 0.3050448692976708
1.064199951171875 0.3041959054795227
1.065199951171875 0.302972292649117
1.066199951171875 0.30147537506544303
1.067199951171875 0.2986872518639571
1.068199951171875 0.2971259427604278
1.069199951171875 0.29424053087974045
1.070199951171875 0.29155914675844435
1.071199951171875 0.289972825465112
1.072199951171875 0.28883826631695564
1.073199951171875 0.2878235528127377
1.074199951171875 0.2856143203407585
1.075199951171875 0.2845810814812773
1.076199951171875 0.2842833143097334
1.077199951171875 0.2840156766487866
1.078199951171875 0.2843352232074395
1.079199951171875 0.28429353715563194
1.080199951171875 0.28499439277153593
1.081199951171875 0.28598076438815906
1.082199951171875 0.2867928675038631
1.083199951171875 0.286940760552078
1.084199951171875 0.28794442868991055
1.085199951171875 0.2889859816717556
1.086199951171875 0.29090413561759676
1.087199951171875 0.291475528319877
1.088199951171875 0.2928961634405741
1.089199951171875 0.2945735633057217
1.090199951171875 0.2965996000431602
1.091199951171875 0.2987353022761761
1.092199951171875 0.3008022196825276
1.093199951171875 0.30335523608721754
1.094199951171875 0.3055689021379704
1.095199951171875 0.3076425798493233
1.096199951171875 0.3088659773866496
1.097199951171875 0.3119166277330011
1.098199951171875 0.3148232425748599
1.099199951171875 0.317336581853251
1.100199951171875 0.3175338908447385
1.101199951171875 0.31777919714065295
1.102199951171875 0.3189358697566468
1.103199951171875 0.32040155251404995
1.104199951171875 0.3210828374984134
1.105199951171875 0.3221723640711608
1.106199951171875 0.32220476351685684
1.107199951171875 0.32264773761932364
1.108199951171875 0.3215806478413931
1.109199951171875 0.3208537095529666
1.110199951171875 0.3214064691731832
1.111199951171875 0.3214227490210634
1.112199951171875 0.32174076762314396
1.113199951171875 0.32101444387903866
1.114199951171875 0.3210969968153123
1.115199951171875 0.3215758603554468
1.116199951171875 0.3207423768766995
1.117199951171875 0.3199688955046605
1.118199951171875 0.3191088960285037
1.119199951171875 0.31940264942221636
1.120199951171875 0.31951621069405595
1.121199951171875 0.3185018945473802
1.122199951171875 0.31753710493915643
1.123199951171875 0.3163535546954222
1.124199951171875 0.3164025307022973
1.125199951171875 0.3160130463264832
1.126199951171875 0.3163839158060995
1.127199951171875 0.3167551737230074
1.128199951171875 0.3173837791276709
1.129199951171875 0.31740218352033517
1.130199951171875 0.3175903485326501
1.131199951171875 0.3175149553064948
1.132199951171875 0.31896457659045824
1.133199951171875 0.3196055148794215
1.134199951171875 0.32046870754559786
1.135199951171875 0.3206174996191212
1.136199951171875 0.32177436008222216
1.137199951171875 0.32334040504258255
1.138199951171875 0.3242129712097261
1.139199951171875 0.3254343704470125
1.140199951171875 0.3262201204202166
1.141199951171875 0.32837052418956825
1.142199951171875 0.3309030933917126
1.143199951171875 0.3337754753335123
1.144199951171875 0.33748343125988534
1.145199951171875 0.34076001293185193
1.146199951171875 0.34291745585634026
1.147199951171875 0.34500810818387356
1.148199951171875 0.3469880242849676
1.149199951171875 0.3502628152280242
1.150199951171875 0.3528086580868098
1.151199951171875 0.35523855454114334
1.152199951171875 0.3575557090217693
1.153199951171875 0.35922748981793656
1.154199951171875 0.36114347118757595
1.155199951171875 0.36291673270505354
1.156199951171875 0.3649973073268888
1.157199951171875 0.36678231916469856
1.158199951171875 0.36802132622589406
1.159199951171875 0.3695634931026788
1.160199951171875 0.37041858494385815
1.161199951171875 0.3724554443119432
1.162199951171875 0.3734668181567478
1.163199951171875 0.37513183117783055
1.164199951171875 0.37605358196156263
1.165199951171875 0.37667635149666817
1.166199951171875 0.37775714479066425
1.167199951171875 0.3789625012431514
1.168199951171875 0.3800158930167356
1.169199951171875 0.3800740520187405
1.170199951171875 0.37991893731237264
1.171199951171875 0.3804502306552065
1.172199951171875 0.3812248643871675
1.173199951171875 0.3818366392739598
1.174199951171875 0.382168045525682
1.175199951171875 0.38257189492446264
1.176199951171875 0.3819718530342385
1.177199951171875 0.38246360884022407
1.178199951171875 0.38205558946199514
1.179199951171875 0.3811523746292769
1.180199951171875 0.3804689238202652
1.181199951171875 0.3809717659164859
1.182199951171875 0.3817959619963383
1.183199951171875 0.3815010930443066
1.184199951171875 0.3804517277451215
1.185199951171875 0.38029131821779927
1.186199951171875 0.37971422163259133
1.187199951171875 0.37919317037549566
1.188199951171875 0.37832348734856536
1.189199951171875 0.3775840818517573
1.190199951171875 0.37787101488357844
1.191199951171875 0.3780578581363998
1.192199951171875 0.37733471001744445
1.193199951171875 0.37661095816449336
1.194199951171875 0.37540747905193206
1.195199951171875 0.37441757296296785
1.196199951171875 0.37294711794020463
1.197199951171875 0.37223954359617645
1.198199951171875 0.3715941949547031
1.199199951171875 0.37056652352467706
1.200199951171875 0.36973671613162523
1.201199951171875 0.36979122798565145
1.202199951171875 0.3694456472344684
1.203199951171875 0.3689850866736608
1.204199951171875 0.36901892486422083
1.205199951171875 0.36921114375647063
1.206199951171875 0.3681295754604688
1.207199951171875 0.3673640372070623
1.208199951171875 0.36697665327150913
1.209199951171875 0.3686468774125538
1.210199951171875 0.36833665101845753
1.211199951171875 0.3688030186635189
1.212199951171875 0.3686922301328453
1.213199951171875 0.37072847908506185
1.214199951171875 0.3714633360990565
1.215199951171875 0.3727210022396608
1.216199951171875 0.37208774230869657
1.217199951171875 0.37386080837125363
1.218199951171875 0.3750972677507266
1.219199951171875 0.37682460196204476
1.220199951171875 0.37767983252328696
1.221199951171875 0.37826231407222205
1.222199951171875 0.3800974232729255
1.223199951171875 0.3812606122772908
1.224199951171875 0.38321480363785654
1.225199951171875 0.3840551594862164
1.226199951171875 0.3853236152625008
1.227199951171875 0.3869054721787552
1.228199951171875 0.38808627235666804
1.229199951171875 0.3890345920492234
1.230199951171875 0.39134028501445683
1.231199951171875 0.39325424306181994
1.232199951171875 0.39598360847804265
1.233199951171875 0.39681055565357787
1.234199951171875 0.39867435120040684
1.235199951171875 0.40038357577019035
1.236199951171875 0.4023898595307602
1.237199951171875 0.403360938018834
1.238199951171875 0.404618222596693
1.239199951171875 0.40481207096765376
1.240199951171875 0.406494321389687
1.241199951171875 0.4071464938875288
1.242199951171875 0.4084611569844925
1.243199951171875 0.4090674545623177
1.244199951171875 0.4106621376676906
1.245199951171875 0.41158481363606814
1.246199951171875 0.412833627849807
1.247199951171875 0.4124944287741126
1.248199951171875 0.4127659257902787
1.249199951171875 0.41337845387868627
1.250199951171875 0.4127193447949046
1.251199951171875 0.4139591754164773
1.252199951171875 0.4144025733420426
1.253199951171875 0.41484987491999553
1.254199951171875 0.41343673573577094
1.255199951171875 0.4120334423777426
1.256199951171875 0.4119019080565188
1.257199951171875 0.4135021762363662
1.258199951171875 0.41380510065124143
1.259199951171875 0.4145322958662588
1.260199951171875 0.4146081079622513
1.261199951171875 0.41559194587214576
1.262199951171875 0.41651567447865834
1.263199951171875 0.41604717440672667
1.264199951171875 0.41545336983776954
1.265199951171875 0.41569283618572733
1.266199951171875 0.41515788408585486
1.267199951171875 0.41530070410238384
1.268199951171875 0.4138857827515945
1.269199951171875 0.41241362034329887
1.270199951171875 0.40931794797238785
1.271199951171875 0.404884170448659
1.272199951171875 0.3981075492539718
1.273199951171875 0.38965490865625135
1.274199951171875 0.3788147259857978
1.275199951171875 0.3647870179837093
1.276199951171875 0.3468134141621323
1.277199951171875 0.32510976477925796
1.278199951171875 0.2995374522811054
1.279199951171875 0.27098194135175585
1.280199951171875 0.2404052384357712
1.281199951171875 0.21082168084592168
1.282199951171875 0.18353080418238513
1.283199951171875 0.1604152619295334
1.284199951171875 0.14011500033045693
1.285199951171875 0.12267845068119024
1.286199951171875 0.10604172712145757
1.287199951171875 0.0915773680211408
1.288199951171875 0.07869689313549114
1.289199951171875 0.0686657879198444
1.290199951171875 0.06008525624682579
1.291199951171875 0.052802788434238614
1.292199951171875 0.04603442649862933
1.293199951171875 0.04060842454046695
1.294199951171875 0.0358617812561203
1.295199951171875 0.03182389433762526
1.296199951171875 0.02775691853775726
1.297199951171875 0.023817940836738247
1.298199951171875 0.019938376657773746
1.299199951171875 0.01653559400387037
1.300199951171875 0.013632148509524433
1.301199951171875 0.011185019912234261
1.302199951171875 0.00914857644408078
1.303199951171875 0.007485068856506175
1.304199951171875 0.006142291769785072
1.305199951171875 0.005034673146374606
1.306199951171875 0.004140411099677033
1.307199951171875 0.003398575463806991
1.308199951171875 0.002810937279128893
1.309199951171875 0.002343188900245743
1.310199951171875 0.001954249280228742
1.311199951171875 0.00163213929403545
1.312199951171875 0.0013676732109485828
1.313199951171875 0.001156926357254258
1.314199951171875 0.000978484970210787
1.315199951171875 0.000829753099721364
1.316199951171875 0.000705922871663707
1.317199951171875 0.0006020796092297999
1.318199951171875 0.000516750838294913
1.319199951171875 0.000443776315978377
1.320199951171875 0.00038246076832938904
1.321199951171875 0.000330757477127008
1.322199951171875 0.000287715710323442
1.323199951171875 0.000250997900091983
1.324199951171875 0.00021940726955754
1.325199951171875 0.00019168572806862902
1.326199951171875 0.0001683705994279
1.327199951171875 0.000148782762161161
1.328199951171875 0.000131411035342628
1.329199951171875 0.000115605831308877
1.330199951171875 0.00010258227478578801
1.331199951171875 9.113371567335601e-05
1.332199951171875 8.15819108625203e-05
1.333199951171875 7.233620092369196e-05
1.334199951171875 6.470232502518539e-05
1.335199951171875 5.778595652353868e-05
1.336199951171875 5.2175280099355325e-05
1.337199951171875 4.7067924283466795e-05
1.338199951171875 4.244728989230827e-05
1.339199951171875 3.793032799759071e-05
1.340199951171875 3.437113565793548e-05
1.341199951171875 3.145543213258366e-05
1.342199951171875 2.953472702394724e-05
1.343199951171875 2.727408964903683e-05
1.344199951171875 2.4997395958668693e-05
1.345199951171875 2.2525859606981657e-05
1.346199951171875 2.0492042969781656e-05
1.347199951171875 1.8782479173801336e-05
1.348199951171875 1.7279653457432162e-05
1.349199951171875 1.5119084962463316e-05
1.350199951171875 1.4132824258769668e-05
1.351199951171875 1.3594909037675852e-05
1.352199951171875 1.23338086600955e-05
1.353199951171875 1.1429261446575047e-05
1.354199951171875 9.748398964822595e-06
1.3551999511718749 0.0
1.356199951171875 0.0
