Microns Throughput
1.6854000244140628 0.0
1.686400024414063 0.0
1.6874000244140626 9.158726146368743e-05
1.6884000244140625 9.88341597938015e-05
1.6894000244140626 0.00010676519795759103
1.6904000244140625 0.0001156275775124847
1.6914000244140626 0.00012565871922853004
1.6924000244140625 0.00013797020383108952
1.6934000244140626 0.00015141394154406665
1.6944000244140625 0.00016686025121084283
1.6954000244140626 0.00018364111052941642
1.6964000244140625 0.0002026857588285902
1.6974000244140626 0.00022489845709995575
1.6984000244140625 0.00024997194403158395
1.6994000244140626 0.00027854626847981814
1.7004000244140625 0.0003120129636400811
1.7014000244140626 0.0003497834330115864
1.7024000244140625 0.00039363381356580295
1.7034000244140626 0.0004437473020433193
1.7044000244140625 0.0005010489381986755
1.7054000244140626 0.0005658455602844039
1.7064000244140625 0.0006388896483431655
1.7074000244140626 0.0007223736486124478
1.7084000244140625 0.0008164409167728732
1.7094000244140626 0.0009227353428781726
1.7104000244140625 0.001043674273660296
1.7114000244140626 0.0011782108999012727
1.7124000244140625 0.0013305218305273273
1.7134000244140626 0.0015022012873867196
1.7144000244140625 0.0016953272517354625
1.7154000244140626 0.0019143109693209792
1.7164000244140625 0.0021656532334393287
1.7174000244140626 0.0024522872855149763
1.7184000244140625 0.00277735992489805
1.7194000244140626 0.0031514110776531467
1.7204000244140625 0.0035820932807508533
1.7214000244140626 0.004081502883449963
1.7224000244140625 0.004659955094372465
1.7234000244140626 0.005337777122922303
1.7244000244140625 0.006125236027611868
1.7254000244140626 0.007059940664304484
1.7264000244140625 0.008164272649760256
1.7274000244140626 0.009485495657105762
1.7284000244140625 0.01107126171099069
1.7294000244140626 0.012965498903973752
1.7304000244140625 0.01521827037309972
1.7314000244140626 0.017871746801228
1.7324000244140625 0.021065534608843663
1.7334000244140626 0.024542498680637785
1.7344000244140625 0.028103277405321377
1.7354000244140626 0.03118825144160872
1.7364000244140625 0.034258924697732486
1.7374000244140626 0.03722880270593776
1.7384000244140625 0.04079624921112692
1.7394000244140626 0.04471110399049696
1.7404000244140625 0.04943488623279756
1.7414000244140626 0.0551309849415821
1.7424000244140625 0.06152323499680223
1.7434000244140626 0.06892924323643489
1.7444000244140625 0.07685590125273586
1.7454000244140624 0.08641416675888593
1.7464000244140625 0.09706738495479515
1.7474000244140624 0.1100352619706238
1.7484000244140625 0.12532355950626708
1.7494000244140624 0.14346111667482306
1.7504000244140625 0.16388928258533772
1.7514000244140624 0.18643614361488023
1.7524000244140625 0.20984560747481842
1.7534000244140624 0.23428375936725457
1.7544000244140625 0.25867963472925426
1.7554000244140624 0.2831580116645182
1.7564000244140625 0.3059489734277157
1.7574000244140624 0.32707023296453824
1.7584000244140623 0.34586579866424655
1.7594000244140624 0.3627038543007272
1.7604000244140623 0.3770893096191902
1.7614000244140624 0.3906768610824213
1.7624000244140623 0.4036943836958418
1.7634000244140624 0.4157662036228691
1.7644000244140623 0.4275264223807637
1.7654000244140624 0.43874590870906405
1.7664000244140623 0.4497370620785655
1.7674000244140624 0.4593253203974526
1.7684000244140623 0.46816792477919994
1.7694000244140624 0.4765608546278139
1.7704000244140623 0.484389630829819
1.7714000244140624 0.49089113141687374
1.7724000244140623 0.4968290701815844
1.7734000244140624 0.5007762860813546
1.7744000244140623 0.5038077015174146
1.7754000244140624 0.505748593958229
1.7764000244140623 0.5071016303066826
1.7774000244140624 0.5080552295855388
1.7784000244140623 0.5080990332248159
1.7794000244140624 0.5089462866313811
1.7804000244140623 0.5095564804592904
1.7814000244140624 0.5101972241253055
1.7824000244140623 0.5101375942510521
1.7834000244140624 0.5107811252086992
1.7844000244140623 0.5113356697317364
1.7854000244140624 0.5121513999056877
1.7864000244140623 0.5123755163487586
1.7874000244140624 0.5131565758961685
1.7884000244140623 0.5148685881623063
1.7894000244140624 0.5155584043991116
1.7904000244140623 0.5166310107764479
1.7914000244140624 0.5166025219663474
1.7924000244140623 0.5169392476145969
1.7934000244140624 0.5163262188563812
1.7944000244140623 0.5157133734306322
1.7954000244140624 0.5150941829938198
1.7964000244140623 0.5138595572120993
1.7974000244140624 0.5124078941495908
1.7984000244140623 0.5110150895507838
1.7994000244140624 0.509692533875397
1.8004000244140623 0.5081318658442953
1.8014000244140624 0.507117919359717
1.8024000244140623 0.5059232608937917
1.8034000244140624 0.5049031077759448
1.8044000244140623 0.5026736057634665
1.8054000244140624 0.5015660803055971
1.8064000244140623 0.5006400878976591
1.8074000244140624 0.5005182869255813
1.8084000244140623 0.5003085207654796
1.8094000244140624 0.49961731555238686
1.8104000244140623 0.49905716873318223
1.8114000244140624 0.49883816424312794
1.8124000244140623 0.500055643371185
1.8134000244140625 0.5007027584527437
1.8144000244140623 0.5018643115102527
1.8154000244140625 0.5020327870627734
1.8164000244140623 0.503470232638968
1.8174000244140625 0.5046366520029286
1.8184000244140623 0.5060768586531215
1.8194000244140625 0.5067721739080022
1.8204000244140623 0.5076525752437845
1.8214000244140625 0.5089166510505322
1.8224000244140623 0.5106608811852859
1.8234000244140625 0.5113039050264571
1.8244000244140623 0.5125472902292609
1.8254000244140625 0.5141215046753809
1.8264000244140624 0.5156728778774704
1.8274000244140625 0.5164185362296717
1.8284000244140624 0.5167798387325192
1.8294000244140625 0.5175641602887809
1.8304000244140624 0.5185482328085506
1.8314000244140625 0.5195501656309693
1.8324000244140624 0.5206741417923666
1.8334000244140625 0.5208254944017677
1.8344000244140624 0.5207040762248492
1.8354000244140625 0.5206183284515072
1.8364000244140624 0.5217251446163693
1.8374000244140625 0.522270918472064
1.8384000244140624 0.5226870441698916
1.8394000244140625 0.5223437239628159
1.8404000244140624 0.5229282023910126
1.8414000244140625 0.522477891121732
1.8424000244140624 0.5221273687284851
1.8434000244140625 0.5223246985049665
1.8444000244140624 0.5222309992088047
1.8454000244140625 0.5217985203377871
1.8464000244140624 0.520568184917293
1.8474000244140625 0.5202393236119248
1.8484000244140624 0.5197793598360329
1.8494000244140625 0.5188166069554662
1.8504000244140624 0.5182836273557524
1.8514000244140625 0.5178733721281367
1.8524000244140624 0.5178549533642801
1.8534000244140625 0.5173138638428398
1.8544000244140624 0.5161123873106808
1.8554000244140625 0.5151131271939939
1.8564000244140624 0.5147324666043634
1.8574000244140625 0.515368157469934
1.8584000244140624 0.5152641770164692
1.8594000244140625 0.5142990635816047
1.8604000244140624 0.5138283441184206
1.8614000244140625 0.5132783062817172
1.8624000244140624 0.5124763468877199
1.8634000244140625 0.5115105156103423
1.8644000244140624 0.5116639635909623
1.8654000244140625 0.5118639695500137
1.8664000244140624 0.512143903176302
1.8674000244140625 0.5120047532686758
1.8684000244140624 0.5129910119263652
1.8694000244140625 0.513757466684054
1.8704000244140624 0.5148057094364706
1.8714000244140625 0.5162747092633881
1.8724000244140624 0.5172286253543806
1.8734000244140625 0.5186610674417713
1.8744000244140624 0.519598654452616
1.8754000244140625 0.520579809886694
1.8764000244140624 0.5214959550657928
1.8774000244140625 0.5211669171968275
1.8784000244140624 0.5218531805728415
1.8794000244140625 0.5224432407513299
1.8804000244140624 0.5235070896961744
1.8814000244140625 0.5245557537845329
1.8824000244140624 0.5247744134227853
1.8834000244140623 0.5258950397755376
1.8844000244140624 0.5261927718881673
1.8854000244140623 0.526941585756232
1.8864000244140624 0.5278248699608536
1.8874000244140623 0.5283152872595877
1.8884000244140624 0.529026727238652
1.8894000244140623 0.5295822766985319
1.8904000244140624 0.5298179651502338
1.8914000244140623 0.5293125188178711
1.8924000244140624 0.5287736643372178
1.8934000244140623 0.5288423761787117
1.8944000244140624 0.5292183935536867
1.8954000244140623 0.5297957506968337
1.8964000244140624 0.530429569796025
1.8974000244140623 0.5310118075404656
1.8984000244140624 0.5311772455086314
1.8994000244140623 0.531759588521374
1.9004000244140624 0.5314737387924445
1.9014000244140623 0.5320431989569525
1.9024000244140624 0.5321053340880308
1.9034000244140623 0.5330877895827446
1.9044000244140624 0.5326914697477038
1.9054000244140623 0.5330385915216135
1.9064000244140624 0.5327614188348018
1.9074000244140623 0.5330086486163281
1.9084000244140624 0.533415829106097
1.9094000244140623 0.5328429564260777
1.9104000244140624 0.5327966205067933
1.9114000244140623 0.5324428683548413
1.9124000244140624 0.5334892237863841
1.9134000244140623 0.5343356261649937
1.9144000244140624 0.5345526613450752
1.9154000244140623 0.5341654896138127
1.9164000244140624 0.5333487585795845
1.9174000244140623 0.5341006079774981
1.9184000244140624 0.5341493319527033
1.9194000244140623 0.5340181636260856
1.9204000244140624 0.5327807795473912
1.9214000244140623 0.5330106777430766
1.9224000244140624 0.5330048545129406
1.9234000244140623 0.532176121766152
1.9244000244140624 0.5319627306909278
1.9254000244140623 0.531242029123486
1.9264000244140624 0.5307433533088568
1.9274000244140623 0.5298552284538031
1.9284000244140624 0.5298334637660513
1.9294000244140623 0.5295399791658715
1.9304000244140624 0.5292466425330793
1.9314000244140623 0.5286168435043714
1.9324000244140624 0.5286389540318217
1.9334000244140623 0.5278244783174812
1.9344000244140624 0.5271593238555289
1.9354000244140623 0.5263060985758615
1.9364000244140624 0.5260716615319843
1.9374000244140623 0.5250659974502935
1.9384000244140625 0.5247845014409394
1.9394000244140623 0.5243611953440795
1.9404000244140625 0.5246862302883719
1.9414000244140623 0.5246317812065914
1.9424000244140625 0.5248464015731285
1.9434000244140623 0.5259504026788523
1.9444000244140625 0.5267474129284969
1.9454000244140623 0.5276745668484494
1.9464000244140625 0.5277560326672142
1.9474000244140623 0.5284105766399783
1.9484000244140625 0.5289667059910276
1.9494000244140623 0.5291948527148498
1.9504000244140625 0.529708031318487
1.9514000244140624 0.5300388755247256
1.9524000244140625 0.5311683927852626
1.9534000244140624 0.531716289317502
1.9544000244140625 0.5318418943208377
1.9554000244140624 0.5323703798321857
1.9564000244140625 0.5327367486379933
1.9574000244140624 0.5335571588025371
1.9584000244140625 0.5338408072517182
1.9594000244140624 0.53345420297303
1.9604000244140625 0.5338874903556896
1.9614000244140624 0.5338614026928892
1.9624000244140625 0.5349242569044816
1.9634000244140624 0.534319943786609
1.9644000244140625 0.5346522246408547
1.9654000244140624 0.5343179845146352
1.9664000244140625 0.5339993974119429
1.9674000244140624 0.5337100446262271
1.9684000244140625 0.5338324034896849
1.9694000244140624 0.5339792374507539
1.9704000244140625 0.533641793970506
1.9714000244140624 0.5337138817168463
1.9724000244140625 0.5340862431981007
1.9734000244140624 0.5337047502539168
1.9744000244140625 0.5329721424158952
1.9754000244140624 0.5330467657889929
1.9764000244140625 0.5338314758964048
1.9774000244140624 0.5344448214059341
1.9784000244140625 0.5344410935282745
1.9794000244140624 0.5344004799013264
1.9804000244140625 0.5346732962891231
1.9814000244140624 0.5351255827708211
1.9824000244140625 0.5354390929286564
1.9834000244140624 0.5350537100168073
1.9844000244140625 0.5354196798331524
1.9854000244140624 0.5353974971760763
1.9864000244140625 0.5354891246775103
1.9874000244140624 0.5361327808947028
1.9884000244140625 0.5366587319057786
1.9894000244140624 0.5375930497859852
1.9904000244140625 0.5373475925663647
1.9914000244140624 0.5376559995726196
1.9924000244140625 0.537501829186939
1.9934000244140624 0.5373668038203312
1.9944000244140625 0.5360949372342457
1.9954000244140624 0.5347871295429871
1.9964000244140625 0.5320207761667995
1.9974000244140624 0.5308661908669966
1.9984000244140625 0.5325451577982422
1.9994000244140624 0.5346777264010119
2.0004000244140623 0.5357795606142379
2.0014000244140626 0.5363783365579748
2.0024000244140625 0.5377195079913886
2.0034000244140624 0.5393106149608841
2.0044000244140623 0.5393593073662676
2.0054000244140626 0.5390808823929464
2.0064000244140625 0.538291971591279
2.0074000244140624 0.5381386739420996
2.0084000244140623 0.5374636410976581
2.009400024414062 0.5375283325010308
2.0104000244140625 0.5381735067369802
2.0114000244140624 0.5384100136146783
2.0124000244140623 0.5382698652363567
2.013400024414062 0.5382425531487942
2.0144000244140625 0.5392746887363432
2.0154000244140624 0.5400869454481917
2.0164000244140623 0.5404889266864332
2.017400024414062 0.5409606358880326
2.0184000244140625 0.5424352442914436
2.0194000244140624 0.5417070375229844
2.0204000244140623 0.5417954554337012
2.021400024414062 0.5409556811346163
2.0224000244140625 0.5422183095586561
2.0234000244140624 0.5432887391978765
2.0244000244140623 0.5447679308845061
2.025400024414062 0.5463128095251752
2.0264000244140625 0.5465919106980758
2.0274000244140624 0.5461689830525476
2.0284000244140623 0.5461817410259485
2.029400024414062 0.5468687861848789
2.0304000244140625 0.5475015640424268
2.0314000244140624 0.5476172937480553
2.0324000244140623 0.5478477021842559
2.033400024414062 0.5483313830354926
2.0344000244140625 0.5482811660788844
2.0354000244140624 0.54799069487757
2.0364000244140623 0.5476899558256294
2.037400024414062 0.5482478861759501
2.0384000244140625 0.5482850452069434
2.0394000244140624 0.5480347871019633
2.0404000244140623 0.5472959890106681
2.0414000244140627 0.5460746779972538
2.0424000244140625 0.5455207490952824
2.0434000244140624 0.5440035212472507
2.0444000244140623 0.5433607378841054
2.0454000244140627 0.5421472296911772
2.0464000244140625 0.5413718650177487
2.0474000244140624 0.5409865371533169
2.04839990234375 0.5398201442857552
2.04939990234375 0.5395106272835616
2.05039990234375 0.5391613192364879
2.05139990234375 0.539183532021442
2.05239990234375 0.5389019960379993
2.05339990234375 0.5383055377071746
2.05439990234375 0.538425007412807
2.05539990234375 0.538372570249842
2.05639990234375 0.5382196759080108
2.05739990234375 0.5379841252151077
2.05839990234375 0.5382287058481543
2.05939990234375 0.5387160603101275
2.06039990234375 0.5393023939184197
2.06139990234375 0.540305845662176
2.06239990234375 0.5411612982213998
2.06339990234375 0.5419869613630046
2.06439990234375 0.5430516113942214
2.06539990234375 0.5433475353973413
2.06639990234375 0.5442203620544104
2.06739990234375 0.5452474283427378
2.06839990234375 0.5468840040978262
2.06939990234375 0.5479349020928409
2.07039990234375 0.5488087269563647
2.07139990234375 0.5501916463893406
2.07239990234375 0.5517052571534
2.07339990234375 0.5531863114735294
2.07439990234375 0.5541351827802395
2.07539990234375 0.5550275543325351
2.07639990234375 0.5551159157545896
2.07739990234375 0.555462360798751
2.07839990234375 0.5557297506398435
2.07939990234375 0.5562836660084198
2.08039990234375 0.5566005495014573
2.08139990234375 0.5564872971591596
2.08239990234375 0.5565723679916136
2.08339990234375 0.556478124830272
2.08439990234375 0.5573907299719787
2.08539990234375 0.5575613341139898
2.08639990234375 0.5580946925647444
2.08739990234375 0.5574461889069648
2.08839990234375 0.5575195328966988
2.08939990234375 0.5569908163753328
2.09039990234375 0.5566141958739859
2.09139990234375 0.5551915932660914
2.09239990234375 0.5541312648222892
2.09339990234375 0.5542067563769308
2.09439990234375 0.5545674083666952
2.09539990234375 0.5548132691053569
2.09639990234375 0.5543270043522228
2.09739990234375 0.5539171462381725
2.09839990234375 0.5538104910113366
2.09939990234375 0.5535334055175446
2.10039990234375 0.5533297472612756
2.10139990234375 0.5533281428481324
2.10239990234375 0.5528434896480832
2.10339990234375 0.5533052610835832
2.10439990234375 0.5541480632174971
2.10539990234375 0.5544318982384757
2.10639990234375 0.5540956199862501
2.10739990234375 0.5528716954912156
2.10839990234375 0.5527605720829979
2.10939990234375 0.5522465202860433
2.11039990234375 0.5527485967758324
2.11139990234375 0.5515980869226658
2.11239990234375 0.552486655964698
2.11339990234375 0.5516565012503013
2.11439990234375 0.5519620373717755
2.11539990234375 0.5507496919023527
2.11639990234375 0.550671771063481
2.11739990234375 0.5517076547558571
2.11839990234375 0.5521053982616496
2.11939990234375 0.551859214444636
2.12039990234375 0.550712081647348
2.12139990234375 0.5506051432414665
2.12239990234375 0.5502880369402225
2.12339990234375 0.5498771225098998
2.12439990234375 0.5489999925064823
2.12539990234375 0.5485209973241996
2.12639990234375 0.5482052060351731
2.12739990234375 0.5479898312309107
2.12839990234375 0.5476469591137701
2.12939990234375 0.5476607257399858
2.13039990234375 0.5476567110704259
2.13139990234375 0.5476982857778637
2.13239990234375 0.5483061079108763
2.13339990234375 0.5485058962155059
2.13439990234375 0.548327379603751
2.13539990234375 0.548041768484514
2.13639990234375 0.5472158967919526
2.13739990234375 0.5475928132147744
2.13839990234375 0.5474857677320707
2.13939990234375 0.548435943425984
2.14039990234375 0.549123342565486
2.14139990234375 0.5497084372132737
2.14239990234375 0.5499477210427163
2.14339990234375 0.550465223402148
2.14439990234375 0.5518511365352411
2.14539990234375 0.5530177424421272
2.14639990234375 0.5535256370263354
2.14739990234375 0.5530089629132028
2.14839990234375 0.5532963328046845
2.14939990234375 0.5537301429621884
2.15039990234375 0.5544198794622462
2.15139990234375 0.5538411179102156
2.15239990234375 0.5536691229956914
2.15339990234375 0.5537160348715369
2.15439990234375 0.5537186651157389
2.15539990234375 0.552921593062148
2.15639990234375 0.552432272587618
2.15739990234375 0.553251623000275
2.15839990234375 0.5529588727008666
2.15939990234375 0.552687415966527
2.16039990234375 0.5513582640341429
2.16139990234375 0.5506071650104084
2.16239990234375 0.5489508018971243
2.16339990234375 0.5477430573529429
2.16439990234375 0.5474182101463217
2.16539990234375 0.5465788118725957
2.16639990234375 0.545959028215248
2.16739990234375 0.5448299914208191
2.16839990234375 0.5444875272085496
2.16939990234375 0.5429996247571061
2.17039990234375 0.541643617862697
2.17139990234375 0.5405240841759013
2.17239990234375 0.5400357502576768
2.17339990234375 0.539560844078358
2.17439990234375 0.5398718128413676
2.17539990234375 0.539454129564359
2.17639990234375 0.5402269447862895
2.17739990234375 0.5395191846143731
2.17839990234375 0.5397579258323886
2.17939990234375 0.539100670439005
2.18039990234375 0.5387986016064856
2.18139990234375 0.5383097658238195
2.18239990234375 0.5377421086141522
2.18339990234375 0.5381928560534586
2.18439990234375 0.5389843955136604
2.18539990234375 0.5406410141887197
2.18639990234375 0.5413198613615979
2.18739990234375 0.5413578416367506
2.18839990234375 0.5412714379029149
2.18939990234375 0.5419274020268908
2.19039990234375 0.5427151015765544
2.19139990234375 0.5436171158662471
2.19239990234375 0.5439769494868723
2.19339990234375 0.544477302098594
2.19439990234375 0.5454092462943728
2.19539990234375 0.5460312190948234
2.19639990234375 0.5469326970667571
2.19739990234375 0.5479272413097184
2.19839990234375 0.5495692296647681
2.19939990234375 0.5509403937125833
2.20039990234375 0.5517810256647694
2.20139990234375 0.5520914354172142
2.20239990234375 0.5536394053586824
2.20339990234375 0.5545046566131637
2.20439990234375 0.5554383150116617
2.20539990234375 0.5553278939820065
2.20639990234375 0.5545117878278132
2.20739990234375 0.5529881359843003
2.20839990234375 0.5507797479105253
2.20939990234375 0.5484628531799517
2.21039990234375 0.5449411176468004
2.21139990234375 0.5406311157537367
2.21239990234375 0.5349825396980571
2.21339990234375 0.5272183420209205
2.21439990234375 0.5178392925588109
2.21539990234375 0.5062077300819764
2.21639990234375 0.49346819619481325
2.21739990234375 0.47815230790792895
2.21839990234375 0.461249812639701
2.21939990234375 0.4425286025344085
2.22039990234375 0.4222315199870294
2.22139990234375 0.40051137700907424
2.22239990234375 0.3775125482814518
2.22339990234375 0.35287631977461453
2.22439990234375 0.3274030522307957
2.22539990234375 0.3021998963917912
2.22639990234375 0.27812125101769664
2.22739990234375 0.25532858711094114
2.22839990234375 0.23387642687449425
2.22939990234375 0.2141038560334357
2.23039990234375 0.19562826326970262
2.23139990234375 0.17869917290156748
2.23239990234375 0.16317638899891718
2.23339990234375 0.14861190420162113
2.23439990234375 0.13508149055852303
2.23539990234375 0.12231799856159853
2.23639990234375 0.11035649075581719
2.23739990234375 0.09903557761793316
2.23839990234375 0.08845148996120045
2.23939990234375 0.07885776978209642
2.24039990234375 0.06999107740150326
2.24139990234375 0.06195290257621505
2.24239990234375 0.054764539946271826
2.24339990234375 0.0482600260297924
2.24439990234375 0.04235439776129463
2.24539990234375 0.037093286358984144
2.24639990234375 0.032426967768869976
2.24739990234375 0.02836287746666741
2.24839990234375 0.024781573033539235
2.24939990234375 0.02165356357008837
2.25039990234375 0.018899339062827758
2.25139990234375 0.016489037390299468
2.25239990234375 0.014401957635229745
2.25339990234375 0.012581703124672973
2.25439990234375 0.010993485856698208
2.25539990234375 0.009607113594019601
2.25639990234375 0.008376388696864974
2.25739990234375 0.007323665979027729
2.25839990234375 0.00639999136598739
2.25939990234375 0.005604173716318196
2.26039990234375 0.0048984685595194555
2.26139990234375 0.004293100482453934
2.26239990234375 0.003764290965217787
2.26339990234375 0.003310391134579606
2.26439990234375 0.0029123967202696107
2.26539990234375 0.00256728373128586
2.26639990234375 0.0022621072721744815
2.26739990234375 0.0020047372742723283
2.26839990234375 0.0017804664543864944
2.26939990234375 0.0015885367459290605
2.27039990234375 0.0014185811686358298
2.27139990234375 0.0012752287650801997
2.27239990234375 0.0011454666832995362
2.27339990234375 0.0010348512451954428
2.27439990234375 0.0009330429593214347
2.27539990234375 0.0008461338620036352
2.27639990234375 0.0007655693336295541
2.27739990234375 0.0006977780961659629
2.27839990234375 0.0006361134233672962
2.27939990234375 0.0005821093306639109
2.28039990234375 0.0005312584855982758
2.28139990234375 0.00048642446295126224
2.28239990234375 0.000445052734596772
2.28339990234375 0.00041083454616946914
2.28439990234375 0.00037834179558036187
2.28539990234375 0.0003496989032437337
2.28639990234375 0.000320220860493316
2.28739990234375 0.00029678111373686376
2.28839990234375 0.00027307770012604106
2.28939990234375 0.0002531242197081113
2.29039990234375 0.00023396904163531122
2.29139990234375 0.00021646525253567919
2.29239990234375 0.00020024711283023888
2.29339990234375 0.00018414900014941833
2.29439990234375 0.00017112658658821871
2.29539990234375 0.00015887507112562568
2.29639990234375 0.00014934425261171444
2.29739990234375 0.00013823599515845418
2.29839990234375 0.00013024513311282447
2.29939990234375 0.0001209008668041256
2.30039990234375 0.00011338487065688368
2.30139990234375 0.0
2.30239990234375 0.0
