Microns Throughput
2.298648794999999 0.0
2.2998497609999995 0.0
2.301050727 2.696595790613203e-06
2.302251693 3.0355455474954653e-06
2.303452659 3.406702295906143e-06
2.304653625 3.840805032009358e-06
2.305854591 4.308884089117169e-06
2.307055557 5.226283283848985e-06
2.308256523 5.840533863004989e-06
2.309457488 6.580091789641133e-06
2.310658454 7.439625918488926e-06
2.31185942 8.389835159988179e-06
2.313060386 1.0457037932214571e-05
2.314261352 1.189853154188082e-05
2.315462318 1.3591080462221029e-05
2.316663284 1.5578547386948572e-05
2.31786425 1.7862458670988143e-05
2.319065216 2.2735873448813756e-05
2.320266182 2.59956875025991e-05
2.321467148 2.9804852838770675e-05
2.322668114 3.4128640712546924e-05
2.32386908 3.887420010256544e-05
2.325070046 4.836701443531765e-05
2.3262710120000003 5.4369886635199525e-05
2.327471977 6.110931436216652e-05
2.328672943 6.881824682189362e-05
2.329873909 7.734718150487122e-05
2.331074875 9.2715942688098e-05
2.332275841 0.00010375684522009538
2.333476807 0.00011665357793824588
2.334677773 0.00013201070672993554
2.3358787390000004 0.0001496803224050246
2.3370797050000003 0.0001776318718910477
2.338280671 0.00020248890697444394
2.339481637 0.00023095644248841436
2.3406826030000003 0.0002638892655655148
2.341883569 0.00030172164368123014
2.343084535 0.00035005787152760873
2.344285501 0.0004003993703077557
2.345486466 0.0004597423917976344
2.346687432 0.0005293721535030782
2.3478883980000003 0.0006111941145335368
2.349089364 0.0007123812330543142
2.35029033 0.0008318927033410573
2.3514912960000003 0.0009763841660030125
2.352692262 0.0011513398921043055
2.353893228 0.0013629924253585623
2.355094194 0.0016384718165568094
2.35629516 0.0019547938806221267
2.357496126 0.002334106307784901
2.358697092 0.0027845460488221912
2.359898058 0.0033147860891781216
2.361099024 0.004018095479028348
2.3622999890000003 0.004747101933024387
2.363500955 0.00557192142188933
2.364701921 0.006490465709287085
2.3659028870000003 0.007497814728037675
2.367103853 0.008769718965447319
2.368304819 0.009943241244287816
2.369505785 0.011175434647347451
2.370706751 0.012457826198361603
2.371907717 0.013787636974356515
2.373108683 0.015328139270291617
2.374309649 0.016746117085815537
2.375510615 0.018110302548918832
2.376711581 0.01959676644651778
2.377912547 0.021223639389294027
2.379113513 0.023058169539654255
2.380314478 0.0250904024241619
2.381515444 0.027399648290230016
2.38271641 0.030050259537889357
2.383917376 0.03311176507199038
2.385118342 0.036694970927176246
2.386319308 0.040829008772684104
2.387520274 0.04566727894973833
2.38872124 0.051339596585419256
2.389922206 0.057993106221123886
2.391123172 0.06583355177616941
2.392324138 0.07495122543408013
2.393525104 0.08555277496807995
2.3947260700000004 0.09778862824056343
2.395927036 0.11176734396301048
2.397128002 0.12760408165389203
2.398328967 0.14508274501096344
2.399529933 0.16406297950321838
2.400730899 0.1841953594780418
2.401931865 0.20500466741569623
2.403132831 0.2260428462271356
2.404333797 0.24640908250230098
2.405534763 0.26560896922044286
2.406735729 0.2830954901974395
2.407936695 0.2984584743357665
2.4091376610000004 0.31164900545830215
2.410338627 0.3222439568135113
2.411539593 0.33053141723889523
2.412740559 0.33675528569076685
2.4139415250000003 0.34124788479595136
2.415142491 0.3445760434405927
2.416343456 0.34671072658501667
2.417544422 0.34817134315487863
2.418745388 0.34922414985691813
2.4199463540000004 0.35007543727353946
2.42114732 0.3510706549086109
2.422348286 0.3519200793472993
2.423549252 0.3528736737142874
2.424750218 0.3539549921454436
2.425951184 0.35516471711268
2.42715215 0.3566764299768064
2.4283531160000003 0.3580705779801362
2.429554082 0.35950329227410494
2.430755048 0.36093797128146016
2.431956014 0.3623375491973968
2.43315698 0.3638661544113019
2.4343579450000004 0.3651157388056376
2.435558911 0.3662629419431479
2.436759877 0.36729886599904343
2.437960843 0.36822431674722783
2.439161809 0.36924065226348407
2.440362775 0.3699761749323913
2.441563741 0.3706379920996589
2.442764707 0.3712459877041733
2.443965673 0.3718236644825025
2.445166639 0.37258187472161786
2.446367605 0.37316091303373716
2.447568571 0.3737703694829752
2.448769537 0.37442554702152503
2.449970503 0.3751381495308165
2.451171469 0.3753254095325753
2.452372434 0.3757868415770546
2.4535734 0.37632327461679027
2.454774366 0.37692761155802906
2.455975332 0.3775957685911965
2.457176298 0.37811855452606347
2.458377264 0.3788915989528017
2.45957823 0.37969950297607336
2.460779196 0.38052924462778775
2.461980162 0.38136563702017995
2.463181128 0.38198490492476384
2.464382094 0.38279315819272297
2.46558306 0.3835699422969532
2.466784026 0.3843032660559268
2.4679849920000003 0.38498142980815897
2.469185958 0.38559021721121844
2.470386923 0.38613762676858193
2.471587889 0.3868151958030495
2.472788855 0.38721251096060333
2.473989821 0.38773666869904133
2.475190787 0.38796978471443605
2.476391753 0.38812873034816026
2.477592719 0.38841894102793006
2.4787936850000003 0.3884298952958081
2.479994651 0.38857261617947175
2.481195617 0.3884366353169398
2.4823965830000003 0.3884463601295569
2.483597549 0.38839308033320596
2.484798515 0.38828211292034986
2.485999481 0.3879086822497079
2.487200446 0.38767898286070684
2.488401412 0.38739914782863616
2.489602378 0.38686623103587303
2.490803344 0.3864894543872595
2.49200431 0.3860621942089263
2.4932052760000003 0.3855920237459786
2.494406242 0.38507771531222074
2.495607208 0.3845248302765578
2.496808174 0.3839352344367204
2.49800914 0.3833135431588022
2.499210106 0.3826621262446925
2.500411072 0.3819872492991387
2.501612038 0.3813030250659934
2.502813004 0.38060685795277766
2.50401397 0.3799127109251898
2.505214935 0.379214224975783
2.506415901 0.3785287162698372
2.5076168670000003 0.3778594895860016
2.508817833 0.37721929742455146
2.510018799 0.37662597856890134
2.511219765 0.3760669394479611
2.512420731 0.37556050509818245
2.513621697 0.37511552555955185
2.514822663 0.37473637101819723
2.516023629 0.3744407115882719
2.517224595 0.37421496289673367
2.518425561 0.3740701998242209
2.519626527 0.37400992582448794
2.520827493 0.37403870781579107
2.522028459 0.3741439813940499
2.523229424 0.37433679926228847
2.52443039 0.3746158817432587
2.525631356 0.374979013494926
2.526832322 0.3754200324638592
2.528033288 0.3759410154454012
2.529234254 0.37652830305006413
2.53043522 0.37717546261926466
2.531636186 0.3778770736446126
2.532837152 0.378624838610266
2.534038118 0.3794126898243887
2.535239084 0.380223761673508
2.53644005 0.38105308487393313
2.537641016 0.3818877626893788
2.538841982 0.38272112303828687
2.540042948 0.38355210497321346
2.541243913 0.3843563476884312
2.542444879 0.3851333831038157
2.543645845 0.38587710473002174
2.544846811 0.3865802309328162
2.546047777 0.3872488781206755
2.547248743 0.38786164936785805
2.548449709 0.38842424483552385
2.549650675 0.3889364584544251
2.5508516410000004 0.3893968188941718
2.5520526070000003 0.38988203002028454
2.553253573 0.39027598422698606
2.554454539 0.3906247331686687
2.5556555050000003 0.3909328538583625
2.556856471 0.3912078005573268
2.558057437 0.3915001311382303
2.559258402 0.3917173986736501
2.560459368 0.39191549095477207
2.561660334 0.3921010925642428
2.5628613 0.3922739688471066
2.564062266 0.3924930741306971
2.565263232 0.39266745997849967
2.5664641980000003 0.3928489182259235
2.567665164 0.3930385019742477
2.56886613 0.3932433048592126
2.5700670960000003 0.3935242748737521
2.571268062 0.39377555454373064
2.572469028 0.39405043386150096
2.573669994 0.394353700203138
2.57487096 0.3946777677427505
2.576071926 0.39507350369545113
2.577272891 0.3954424806063574
2.578473857 0.39583410925863927
2.579674823 0.39623865314773055
2.5808757890000003 0.3966672115831725
2.582076755 0.3971613449809632
2.583277721 0.3976434600020196
2.584478687 0.3981332283528593
2.585679653 0.3986199216474396
2.586880619 0.399097775232682
2.588081585 0.39966157099407623
2.589282551 0.400114054833727
2.590483517 0.40055198760745186
2.591684483 0.4009835636473099
2.592885449 0.401382806069152
2.594086414 0.40183731637546344
2.5952873800000003 0.40216001658232486
2.596488346 0.40245074341381815
2.597689312 0.40270972507563246
2.598890278 0.40292916579870475
2.600091244 0.40320178469032647
2.60129221 0.4029045400980072
2.602493176 0.40250099651187576
2.603694142 0.4020689270550831
2.604895108 0.401603356484045
2.606096074 0.4006999772487396
2.60729704 0.4001721519806674
2.608498006 0.3996179570800766
2.6096989720000003 0.3990413964171621
2.610899938 0.3984431510745829
2.612100903 0.39742288781684815
2.613301869 0.3968092437381281
2.614502835 0.3955012819899191
2.615703801 0.39529884201525445
2.616904767 0.3951051464486716
2.618105733 0.39493306153140256
2.619306699 0.3947455332025798
2.620507665 0.39456974662745237
2.621708631 0.39441025844800226
2.622909597 0.3942674657520109
2.6241105630000003 0.3941619018496305
2.625311529 0.3940641516252544
2.626512495 0.3939898583044425
2.627713461 0.39394458239031654
2.628914427 0.39392572511871926
2.630115392 0.39394898764978115
2.631316358 0.39398407437037525
2.632517324 0.3940396077165528
2.63371829 0.39412002926874173
2.6349192560000003 0.39423028902206986
2.636120222 0.3943750247857216
2.637321188 0.3945256606101054
2.638522154 0.3947077496215142
2.63972312 0.3949125063334194
2.640924086 0.39513377045816545
2.642125052 0.3953903782864253
2.643326018 0.3956467790190084
2.644526984 0.3959138800562168
2.64572795 0.39619047053065415
2.646928916 0.3964748942841192
2.648129881 0.39678210551417525
2.6493308470000003 0.3970781317079127
2.650531813 0.3973730600777486
2.651732779 0.39676962791419834
2.652933745 0.3969415434884268
2.654134711 0.3969782154481601
2.655335677 0.39711746362517186
2.656536643 0.3972448510099932
2.657737609 0.39735540052515594
2.658938575 0.397450099408096
2.660139541 0.3973739869324802
2.661340507 0.39741299706900574
2.662541473 0.39744125362843635
2.663742439 0.397452319517672
2.664943405 0.39744333627897976
2.66614437 0.3972107375136862
2.667345336 0.39719045103664957
2.668546302 0.39715208477771297
2.669747268 0.3970934998851618
2.670948234 0.3970234020408766
2.6721492 0.39676345384377165
2.673350166 0.3967102125104412
2.674551132 0.3966656712371028
2.675752098 0.396625126568033
2.676953064 0.3965756995578542
2.67815403 0.3963880446955726
2.679354996 0.39637150461098525
2.680555962 0.3963550129517349
2.681756928 0.39633035188085103
2.6829578940000003 0.3963000843719001
2.684158859 0.39617835573510485
2.685359825 0.3961584847317609
2.686560791 0.39614057687508225
2.687761757 0.3961310307430126
2.688962723 0.3961300921110398
2.690163689 0.3961064166539805
2.691364655 0.3961372433137805
2.6925656210000004 0.39617266833884346
2.6937665870000003 0.3962144146193844
2.694967553 0.3962670667731103
2.696168519 0.3963477356143863
2.6973694850000003 0.39643156603837393
2.698570451 0.39652166642671455
2.699771417 0.3966126883222553
2.700972383 0.3975100767983536
2.702173348 0.3977936584996923
2.703374314 0.3979709914738205
2.70457528 0.39814785204233616
2.705776246 0.3983231967038766
2.706977212 0.398492299742628
2.7081781780000003 0.3987612242404723
2.709379144 0.3989040268551959
2.71058011 0.399026741647807
2.7117810760000003 0.399134237105619
2.712982042 0.39922347172529565
2.714183008 0.3994004276152302
2.715383974 0.39944695016399534
2.71658494 0.3994746987922842
2.717785906 0.39948434490285784
2.718986871 0.3994739480085231
2.720187837 0.3995566101721691
2.721388803 0.3995182288155829
2.7225897690000003 0.3994569309508864
2.723790735 0.39937370908722797
2.724991701 0.3992691542977
2.726192667 0.39925482966617426
2.727393633 0.39911840090230444
2.728594599 0.3989781442774359
2.729795565 0.39883299403423167
2.730996531 0.3986767145356361
2.732197497 0.3986308023617707
2.733398463 0.3984771033376853
2.734599429 0.39832890206460103
2.735800395 0.39819252640515446
2.7370013600000003 0.39817266917456096
2.738202326 0.39805458624718004
2.739403292 0.39794263334496915
2.740604258 0.39784476281745085
2.741805224 0.3977666147574188
2.74300619 0.39782451264419
2.744207156 0.3978008933950576
2.745408122 0.3977963167020217
2.746609088 0.3978194776269303
2.747810054 0.39787495158568736
2.74901102 0.39807576624591307
2.750211986 0.3982054907761954
2.751412952 0.397765613458702
2.752613918 0.39735949028614687
2.753814884 0.39697334635385256
2.755015849 0.39611144027920997
2.756216815 0.3957756996957383
2.757417781 0.3954711028201459
2.758618747 0.39519368056698706
2.759819713 0.39493930805343874
2.761020679 0.3941993921553713
2.762221645 0.39397094761738516
2.763422611 0.39433997911876084
2.764623577 0.39459060409196917
2.7658245430000004 0.3948626052882328
2.767025509 0.3951011332432633
2.768226475 0.39540737486337785
2.769427441 0.395720477269036
2.770628407 0.3960412729615926
2.771829373 0.39637295270082173
2.773030338 0.3967047543804006
2.774231304 0.3970450866620339
2.77543227 0.39737999783803174
2.7766332360000003 0.3977062534487603
2.777834202 0.3980249383871016
2.779035168 0.39837843002703305
2.7802361340000004 0.39868310817908176
2.7814371 0.3989697469867855
2.782638066 0.3992418261666651
2.783839032 0.39949414129744354
2.785039998 0.3998048812880957
2.786240964 0.4000156539702498
2.78744193 0.4002017835428617
2.788642896 0.4003665899262593
2.789843862 0.40050872587513986
2.7910448270000003 0.4007251251744204
2.792245793 0.4008227654927336
2.793446759 0.40089965995050375
2.794647725 0.4009558459658244
2.795848691 0.40100063314910583
2.797049657 0.40112108694964926
2.798250623 0.40113770118690983
2.799451589 0.4011449290577364
2.800652555 0.40113949578298363
2.801853521 0.4011242680703196
2.803054487 0.40116385718919695
2.804255453 0.401131961373753
2.805456419 0.4010970655671683
2.806657385 0.4010642159733225
2.807858351 0.4010321514533915
2.809059316 0.40102590686635187
2.810260282 0.4009961726995063
2.811461248 0.40097883882625923
2.812662214 0.4009740707217618
2.81386318 0.4009797102447304
2.815064146 0.40097073142171347
2.816265112 0.4009951281033537
2.817466078 0.40103568457435856
2.818667044 0.40108899042624785
2.81986801 0.4011594420935925
2.821068976 0.4011593957796204
2.822269942 0.40132925725941226
2.823470908 0.4015156554507034
2.8246718740000003 0.40171660551923494
2.825872839 0.40193151356091417
2.827073805 0.4021030549457945
2.828274771 0.4023366171148887
2.829475737 0.4025815540970586
2.830676703 0.40284017786131004
2.831877669 0.4031062966286119
2.833078635 0.4032932311073576
2.834279601 0.4035668241808848
2.8354805670000003 0.4038470540866245
2.836681533 0.40413078696995325
2.837882499 0.40441589447123827
2.8390834650000003 0.40460058098192986
2.840284431 0.40488513062808307
2.841485397 0.40516889395717604
2.842686363 0.40545082969932333
2.843887328 0.4057315280672784
2.845088294 0.40591282646059756
2.84628926 0.4061895878189971
2.847490226 0.4064626664292352
2.848691192 0.4067333709433652
2.8498921580000003 0.40699726542006504
2.851093124 0.40718624483106314
2.85229409 0.40744479760331276
2.8534950560000003 0.40769940256231885
2.854696022 0.4079486730825385
2.855896988 0.4081946405889639
2.857097954 0.4084009290305869
2.85829892 0.4086472534780214
2.859499886 0.40889172551480485
2.860700852 0.40913368561846725
2.861901817 0.4093760545440703
2.863102783 0.4096200447042582
2.8643037490000003 0.40987232937238427
2.865504715 0.4101243489429737
2.866705681 0.41037858649411413
2.867906647 0.4106339172713917
2.869107613 0.4109292535112394
2.870308579 0.41119381464865973
2.871509545 0.4114609919892136
2.872710511 0.4117288165564953
2.873911477 0.4119987527871101
2.875112443 0.4123289057138807
2.876313409 0.41260267147006735
2.877514375 0.41287357469285973
2.878715341 0.41314174242499435
2.879916306 0.41340758316409104
2.881117272 0.4137371462789511
2.882318238 0.41399082609365845
2.883519204 0.4142347144605872
2.88472017 0.4144688728534596
2.885921136 0.41469118484168216
2.887122102 0.4149603095717678
2.888323068 0.4151498636853435
2.889524034 0.41532103032922835
2.890725 0.415471493188032
2.891925966 0.41560283892290717
2.893126932 0.4157435082223833
2.894327898 0.415822055748177
2.895528864 0.41587268678193456
2.8967298300000004 0.4158972265450844
2.897930795 0.4158945295991487
2.899131761 0.41585531668924575
2.900332727 0.4157896538725864
2.901533693 0.41569592079750217
2.902734659 0.4155717540002299
2.903935625 0.415420866265966
2.905136591 0.4151813212969535
2.906337557 0.4149679896472751
2.9075385230000004 0.4147289612463083
2.908739489 0.4144671622986031
2.909940455 0.4141833993616072
2.911141421 0.4137655585652478
2.9123423870000003 0.4134383934933139
2.913543353 0.4130973403852206
2.914744319 0.41274523442077016
2.915945284 0.41238661372315166
2.91714625 0.4118596050045496
2.918347216 0.4114885612819739
2.919548182 0.411121158728915
2.920749148 0.4107602242567896
2.9219501140000004 0.41040879139871095
2.92315108 0.4098694655038153
2.924352046 0.4095394467285564
2.925553012 0.4092281468833149
2.9267539780000003 0.4089385128497445
2.927954944 0.40867292457951854
2.92915591 0.4082163313363387
2.930356876 0.40800269988052545
2.931557842 0.4078185603360285
2.932758808 0.4076661667477022
2.933959773 0.4075466854671732
2.935160739 0.40724527849947906
2.936361705 0.4071943078425678
2.937562671 0.40717759544395404
2.938763637 0.4071933263862582
2.939964603 0.4072421842720376
2.941165569 0.40716481493943374
2.942366535 0.40731490227463685
2.943567501 0.407494630952025
2.944768467 0.40770353951776356
2.945969433 0.4079382184331346
2.947170399 0.4080783114092765
2.948371365 0.40836499198281284
2.949572331 0.40866985474525963
2.950773296 0.4089894797657918
2.951974262 0.4093203165844459
2.953175228 0.40959717282104635
2.954376194 0.4099501946664853
2.95557716 0.41030492629155213
2.956778126 0.410658617521818
2.957979092 0.41100848786550126
2.959180058 0.4113523164164433
2.960381024 0.41169474486225427
2.96158199 0.41202515617072344
2.962782956 0.4123402964436645
2.963983922 0.4126393838615881
2.965184888 0.4129885510868775
2.9663858540000003 0.41326096216949937
2.96758682 0.4135110583458042
2.968787785 0.4137395116304105
2.969988751 0.4139481348760716
2.971189717 0.4142641663151017
2.972390683 0.41443958492840843
2.973591649 0.41459442702615346
2.974792615 0.41473056490634314
2.975993581 0.4148492798560044
2.977194547 0.4151346640812687
2.978395513 0.41523180634907264
2.979596479 0.4153176443579355
2.9807974450000003 0.4153955075504924
2.981998411 0.41546869521813773
2.983199377 0.41575577130113517
2.984400343 0.4158293667658157
2.985601309 0.4159041333709144
2.986802274 0.41598616745231354
2.98800324 0.4163118648188724
2.989204206 0.41641509991427894
2.990405172 0.4165301562949944
2.9916061380000003 0.41666280436835057
2.992807104 0.4168136084844123
2.99400807 0.41722648624605596
2.9952090360000003 0.4174209735437471
2.996410002 0.41763909794309095
2.997610968 0.41788105951027144
2.998811934 0.4181500752281172
3.0000129 0.4184574211315009
3.001213866 0.4188124145045927
3.002414832 0.41919300965272155
3.003615798 0.419598730121105
3.004816763 0.4200276933998111
3.0060177290000003 0.4206841488165473
3.007218695 0.4211513971237771
3.008419661 0.4216360183559158
3.009620627 0.4221360682368932
3.010821593 0.4226471458485173
3.012022559 0.42332962659235873
3.013223525 0.4238498838589198
3.014424491 0.4243739737569895
3.015625457 0.42489638264146484
3.016826423 0.4254177642458032
3.018027389 0.4260391970700665
3.019228355 0.42653621599230973
3.020429321 0.42701950477745343
3.021630287 0.42748730314431754
3.022831252 0.4279328443222768
3.024032218 0.4284093798230808
3.025233184 0.4287988106034695
3.02643415 0.42916262019936857
3.027635116 0.42949679932047713
3.028836082 0.42979999373118255
3.030037048 0.4300729849380801
3.031238014 0.4303075466458664
3.03243898 0.4305141206084831
3.033639946 0.43069210250907924
3.034840912 0.4308427431772616
3.036041878 0.4309201781132572
3.037242844 0.4310115988087842
3.0384438100000004 0.43107834388421523
3.0396447760000003 0.43112610630589837
3.040845741 0.4311545862368368
3.042046707 0.43109539270064995
3.043247673 0.4310932451379808
3.044448639 0.431084735352664
3.045649605 0.43107262910559685
3.046850571 0.43106318639222646
3.048051537 0.4309681076506644
3.049252503 0.4309695195165804
3.0504534690000003 0.4309832439391612
3.051654435 0.4310110045155807
3.052855401 0.4310594894651378
3.0540563670000003 0.43103958594017333
3.055257333 0.4311352623699727
3.056458299 0.43125384899256836
3.057659264 0.43140201522307386
3.05886023 0.43157713054599317
3.060061196 0.4317103370002365
3.061262162 0.431956380686312
3.062463128 0.43223204521555797
3.0636640940000004 0.4325343247091999
3.0648650600000003 0.4328635021376526
3.066066026 0.43317643099572756
3.067266992 0.43355318432270046
3.0684679580000003 0.43394478087322097
3.069668924 0.434342957810687
3.07086989 0.43474728443477473
3.072070856 0.4351414087482835
3.073271822 0.43553655812802716
3.074472788 0.43590605334669696
3.075673753 0.4362446872485239
3.076874719 0.436539831972413
3.078075685 0.43681688740768254
3.0792766510000003 0.4369960896375895
3.080477617 0.437090514899541
3.081678583 0.4370842410462042
3.0828795490000003 0.4369575858200669
3.084080515 0.43677383562021205
3.085281481 0.43636139215665565
3.086482447 0.43577159111849423
3.087683413 0.43497832059872343
3.088884379 0.4339625438031799
3.090085345 0.43279923195973624
3.091286311 0.43124738010088703
3.092487277 0.4293882297256433
3.0936882420000003 0.4271879017550408
3.094889208 0.4246169333811062
3.096090174 0.4217855424394122
3.09729114 0.4183901521679735
3.098492106 0.4145223330967809
3.099693072 0.410168918098038
3.100894038 0.40530171430967243
3.102095004 0.4000413896882242
3.10329597 0.3940688277868518
3.104496936 0.3875256370010538
3.105697902 0.38039564534526943
3.106898868 0.3726712053936367
3.108099834 0.36452156070281094
3.1093008 0.3556581459243493
3.110501766 0.3462412916978199
3.111702731 0.336309124582128
3.112903697 0.32590574916361614
3.114104663 0.3151984125328194
3.115305629 0.303979833696868
3.116506595 0.29245275662333226
3.117707561 0.28068097334794057
3.118908527 0.26872668301791397
3.120109493 0.25677317488709767
3.121310459 0.24468889072033234
3.1225114250000003 0.2326450947639986
3.123712391 0.22071463221550444
3.124913357 0.2089656280659462
3.126114323 0.1975267744711607
3.127315289 0.18629992469477397
3.128516255 0.17541231508216462
3.12971722 0.1649053701375853
3.130918186 0.1548044187335179
3.132119152 0.1451805197213983
3.133320118 0.13595628941499197
3.134521084 0.1271932749347352
3.13572205 0.1188940978747932
3.1369230160000003 0.11105773023903112
3.138123982 0.10370777694697074
3.139324948 0.09677506939579866
3.140525914 0.09027958521001976
3.14172688 0.0842040685463381
3.142927846 0.07853313920293324
3.144128812 0.07326063626767097
3.145329778 0.06833675853311473
3.146530744 0.06375983967931133
3.1477317090000003 0.05950701873808612
3.148932675 0.0555604090407478
3.150133641 0.051905585471291184
3.151334607 0.04851041887117436
3.152535573 0.04536345034773942
3.153736539 0.04244825433226601
3.154937505 0.03974758568387199
3.156138471 0.037247554649203624
3.157339437 0.03492749611018581
3.158540403 0.032776060346311954
3.159741369 0.030783029320808234
3.160942335 0.02893370398357237
3.162143301 0.027220795220196832
3.163344267 0.02562935428631304
3.164545233 0.0241513709314701
3.165746198 0.022780378625895655
3.166947164 0.021505065364865013
3.16814813 0.020320886985288538
3.169349096 0.019216537118882698
3.170550062 0.01818919205866666
3.171751028 0.017232189068505953
3.172951994 0.016339454905110535
3.17415296 0.015507303244248413
3.175353926 0.01472818274796068
3.176554892 0.014001891847283357
3.177755858 0.01332235249034618
3.178956824 0.012686724830499973
3.18015779 0.012090625941251815
3.1813587560000003 0.011530816854423457
3.182559721 0.011005999194713144
3.183760687 0.010511125489122123
3.184961653 0.010046557154330176
3.186162619 0.009607886013656442
3.187363585 0.00919459611487432
3.188564551 0.008804646057513705
3.189765517 0.008435709996623604
3.190966483 0.008088069333701754
3.192167449 0.007758119763032956
3.193368415 0.007447160085913623
3.194569381 0.007152115731017657
3.1957703470000003 0.0068726415270463715
3.196971313 0.006607117649658396
3.198172279 0.00635386856100259
3.1993732450000003 0.006113821651533589
3.20057421 0.00588270542331306
3.201775176 0.005661990052870565
3.202976142 0.005449624240779475
3.204177108 0.005245391797009967
3.2053780740000004 0.005049294241961961
3.2065790400000003 0.004859621944096991
3.207780006 0.0046785061269890345
3.208980972 0.004503248401811535
3.2101819380000003 0.004335178531758682
3.211382904 0.004172884538170871
3.21258387 0.004015936558820329
3.213784836 0.0038655791196474357
3.214985802 0.0037189181535519683
3.216186768 0.0035776200073465454
3.217387734 0.0034392187164992215
3.218588699 0.0033042178692161226
3.219789665 0.003173250562828926
3.2209906310000003 0.0030455339880674968
3.222191597 0.002922668783658814
3.223392563 0.002802222149322951
3.2245935290000003 0.002685908143248344
3.225794495 0.0025728164746086587
3.226995461 0.002462629658221096
3.228196427 0.002356011579780699
3.229397393 0.0022513878607167206
3.230598359 0.0021508052151374777
3.231799325 0.0020520919600107456
3.233000291 0.001955725165676604
3.234201257 0.0018625205214098134
3.235402223 0.0017714316114846517
3.236603188 0.0016848312976293757
3.237804154 0.0016009252080810509
3.23900512 0.0015200783285366079
3.240206086 0.0014417964170929211
3.241407052 0.0013661211124419072
3.242608018 0.0012944663253923977
3.243808984 0.0012250937522376689
3.24500995 0.0011596317759286164
3.246210916 0.0010966330184344274
3.247411882 0.0010359198620140668
3.248612848 0.0009784550851921132
3.249813814 0.0009230505258295725
3.25101478 0.000871136939939315
3.252215746 0.0008206872184445226
3.2534167120000004 0.0007721397887467926
3.254617677 0.0007257078469554
3.255818643 0.000680685355590877
3.257019609 0.0006389403214550048
3.258220575 0.0005989462194953059
3.259421541 0.0005610392232194269
3.260622507 0.0005248618189012067
3.261823473 0.0004906546050399571
3.263024439 0.0004597299514270851
3.2642254050000004 0.00042974211128322525
3.265426371 0.00040140076553866187
3.266627337 0.00037448587817855936
3.267828303 0.0003486166829084427
3.269029269 0.00032495819219775785
3.270230235 0.00030223093837913374
3.271431201 0.0002811579959652341
3.272632166 0.0002607930483598052
3.273833132 0.0002413488959416684
3.275034098 0.00022398978800811675
3.276235064 0.0002071109096506837
3.27743603 0.00019235954040507946
3.2786369960000004 0.0001787368931597862
3.279837962 0.0001653386618279508
3.281038928 0.00015344003429891722
3.282239894 0.0001417517801152437
3.28344086 0.0001311399562824094
3.284641826 0.00012044474699856053
3.285842792 0.00011006881265018702
3.287043758 0.00010101046434293336
3.288244724 9.177001813322559e-05
3.2894456890000003 8.37443596261039e-05
3.290646655 7.606474993377224e-05
3.291847621 6.911607435119085e-05
3.2930485870000004 6.347870130380537e-05
3.294249553 5.813648497476919e-05
3.295450519 5.3984502363272634e-05
3.296651485 4.958753711152192e-05
3.297852451 4.549202443839081e-05
3.299053417 4.236547853963986e-05
3.300254383 3.890005872621126e-05
3.301455349 3.5781982171197625e-05
3.302656315 3.2763848926318264e-05
3.303857281 3.0084179571879646e-05
3.305058247 2.7931740093726494e-05
3.306259213 2.5572195211817182e-05
3.307460178 2.3725207606275803e-05
3.308661144 2.196006232666059e-05
3.30986211 2.0326478300150176e-05
3.311063076 1.9408573106992562e-05
3.312264042 1.8474703991663897e-05
3.313465008 1.784843259539333e-05
3.314665974 1.707297905192001e-05
3.31586694 1.6150061246014912e-05
3.317067906 1.5665651338161693e-05
3.318268872 1.4402323345761704e-05
3.319469838 1.3318954208131065e-05
3.320670804 1.2171524607710838e-05
3.32187177 1.0904893933907772e-05
3.323072736 1.0085436950357347e-05
3.324273702 9.339725824918997e-06
3.325474667 8.767891606986505e-06
3.326675633 8.47561104722316e-06
3.327876599 8.696819171243897e-06
3.329077565 9.306720244542025e-06
3.330278531 9.833138283496674e-06
3.331479497 9.86961809964771e-06
3.332680463 1.0119189649979317e-05
3.333881429 9.700485452899239e-06
3.335082395 9.240696854507126e-06
3.336283361 8.378540180836575e-06
3.3374843270000003 7.443497845307089e-06
3.338685293 6.555815564551249e-06
3.339886259 5.723683174820692e-06
3.3410872250000003 5.5776255649826384e-06
3.342288191 5.38317947936491e-06
3.343489156 5.319415476051558e-06
3.344690122 5.511230012428221e-06
3.345891088 5.5577247821229744e-06
3.347092054 5.5537453547026145e-06
3.3482930200000003 5.611081605091154e-06
3.349493986 5.5345849280063425e-06
3.350694952 5.490356558898889e-06
3.3518959180000003 5.2858944448694e-06
3.353096884 5.160697469630891e-06
3.35429785 5.139190810941602e-06
3.355498816 5.17104498985904e-06
3.356699782 5.385608029392786e-06
3.357900748 5.593273461614617e-06
3.359101714 5.577891689819098e-06
3.36030268 5.648560008527629e-06
3.361503645 5.821527512352796e-06
3.3627046110000003 5.975734037633421e-06
3.363905577 6.144337088408945e-06
3.365106543 6.383527617530411e-06
3.3663075090000003 6.63252492516963e-06
3.367508475 6.70930224271141e-06
3.368709441 6.7608299929939645e-06
3.369910407 6.902046519214487e-06
3.371111373 7.075217440853602e-06
3.372312339 7.477644384284277e-06
3.373513305 7.839236157182841e-06
3.374714271 7.802263636389135e-06
3.375915237 7.757361390763796e-06
3.377116203 8.188236742180808e-06
3.378317169 8.696513195959893e-06
3.379518134 9.265175496832914e-06
3.3807191 9.441886532354602e-06
3.381920066 9.472597734388575e-06
3.383121032 9.914114869932033e-06
3.384321998 1.035448815939167e-05
3.385522964 1.0842932099353207e-05
3.38672393 1.119514933096806e-05
3.387924896 1.1149068515090278e-05
3.389125862 1.0956473981417949e-05
3.390326828 1.092984311739009e-05
3.391527794 1.1370102920856179e-05
3.39272876 1.2182366759331761e-05
3.393929726 1.2766370872468249e-05
3.3951306920000004 1.3182452599874695e-05
3.3963316580000003 1.3811036279516345e-05
3.397532623 1.4966983953390237e-05
3.398733589 1.630079534256407e-05
3.399934555 1.7600637232539397e-05
3.401135521 1.855719258017808e-05
3.402336487 1.9064927631762144e-05
3.403537453 1.978833567594017e-05
3.404738419 2.0496574602229135e-05
3.405939385 2.0568722930220702e-05
3.407140351 2.0361980028325566e-05
3.408341317 2.073716609197399e-05
3.4095422830000004 2.1267870463453635e-05
3.4107432490000003 2.1324529600376582e-05
3.411944215 2.1778572050955024e-05
3.413145181 2.2604387662567296e-05
3.414346146 2.318463001428852e-05
3.415547112 2.376473680731813e-05
3.416748078 2.4431866204272586e-05
3.417949044 2.4741009266106317e-05
3.41915001 2.5428400333333674e-05
3.4203509760000004 2.621838698479513e-05
3.421551942 2.6256725360235978e-05
3.422752908 2.6013027324008985e-05
3.423953874 2.609661492868659e-05
3.4251548400000003 2.6820414407849684e-05
3.426355806 2.7387540455997684e-05
3.427556772 2.7108447159480002e-05
3.428757738 2.6209045056116504e-05
3.429958704 2.5218813370282586e-05
3.43115967 2.470997906007612e-05
3.432360635 2.4604411626454605e-05
3.433561601 2.414863556238522e-05
3.4347625670000004 2.342626848977793e-05
3.435963533 2.3070781425149188e-05
3.437164499 2.3022519894365173e-05
3.438365465 2.335475413921356e-05
3.4395664310000003 2.4016240468201834e-05
3.440767397 2.4358169146382694e-05
3.441968363 2.478083682492223e-05
3.443169329 2.5333428465683556e-05
3.444370295 2.6083599786641425e-05
3.445571261 2.656794504340504e-05
3.446772227 2.6515798190800425e-05
3.447973193 2.6653735206979383e-05
3.449174159 2.6800949503972278e-05
3.450375124 2.6574450679032234e-05
3.45157609 2.6734230699506463e-05
3.452777056 2.6282520054739056e-05
3.453978022 2.5215491690245683e-05
3.455178988 2.4714298795747487e-05
3.456379954 2.4189348729584965e-05
3.45758092 2.321930542892834e-05
3.458781886 2.2536457145351717e-05
3.459982852 2.1937749395796456e-05
3.461183818 2.1398151087127558e-05
3.462384784 2.168505356786083e-05
3.46358575 2.1780757692863924e-05
3.464786716 2.2358071275914826e-05
3.465987682 2.3514867340475512e-05
3.467188648 2.4445285379085272e-05
3.468389613 2.5291496648988183e-05
3.469590579 2.5735055028856506e-05
3.470791545 2.5720719723173018e-05
3.471992511 2.5349580671383973e-05
3.473193477 2.478867349465438e-05
3.474394443 2.3888477019793267e-05
3.475595409 2.274488341434935e-05
3.476796375 2.1300349977726506e-05
3.477997341 2.006661141079064e-05
3.4791983070000003 1.889921827872188e-05
3.480399273 1.7339292087901535e-05
3.481600239 1.657335647759561e-05
3.4828012050000003 1.5946501900546168e-05
3.484002171 1.5288091100532103e-05
3.485203137 1.5271345142539406e-05
3.486404102 1.4626820286188569e-05
3.487605068 1.3751916774945051e-05
3.488806034 1.3534231836377552e-05
3.490007 1.2904662557414276e-05
3.491207966 1.2617949942469082e-05
3.492408932 1.3010768955508115e-05
3.4936098980000003 1.2707373215500302e-05
3.494810864 1.2922912986408923e-05
3.49601183 1.4110885504567748e-05
3.497212796 1.4862138948797381e-05
3.498413762 1.596817746109982e-05
3.499614728 1.698792989983485e-05
3.500815694 1.664215030982039e-05
3.50201666 1.646231627422132e-05
3.503217626 1.6533412537428757e-05
3.5044185910000003 1.5897168799894856e-05
3.505619557 1.5939971076728697e-05
3.506820523 1.599020428303494e-05
3.5080214890000003 1.5764313334688874e-05
3.5092224550000006 0.0
3.510423421000001 0.0
