Microns Throughput
0.9682000122070312 0.0
0.9692000122070312 0.0
0.9702000122070312 4.768077994999195e-06
0.9712000122070312 5.660567220111788e-06
0.9722000122070312 6.576404884516068e-06
0.9732000122070312 7.495379609409616e-06
0.9742000122070312 8.341905756173349e-06
0.9752000122070312 9.171946674064676e-06
0.9762000122070312 1.0023814847967477e-05
0.9772000122070312 1.1071150070068696e-05
0.9782000122070312 1.2413966020206056e-05
0.9792000122070312 1.4253488469867601e-05
0.9802000122070312 1.671557086079891e-05
0.9812000122070312 2.004238341355652e-05
0.9822000122070312 2.4550933681862833e-05
0.9832000122070312 3.0543838471935785e-05
0.9842000122070312 3.82823087962098e-05
0.9852000122070312 4.815581885756831e-05
0.9862000122070312 6.020557276413364e-05
0.9872000122070312 7.462098873381425e-05
0.9882000122070312 9.14586491005462e-05
0.9892000122070312 0.00011071766109892409
0.9902000122070312 0.00013259920242035306
0.9912000122070312 0.00015696230999673989
0.9922000122070312 0.00018445718710334336
0.9932000122070312 0.00021586476550956076
0.9942000122070312 0.000252606339816699
0.9952000122070312 0.0002963953539184329
0.9962000122070312 0.00035077289752386427
0.9972000122070312 0.0004204008754556691
0.9982000122070313 0.014219244827788675
0.9992000122070313 0.02943434297964551
1.0002000122070311 0.04662958378424122
1.0012000122070313 0.05219783127361523
1.0022000122070311 0.05905815160483554
1.0032000122070313 0.06584434493731768
1.0042000122070311 0.07406184614268178
1.0052000122070313 0.0831650515095495
1.0062000122070311 0.09523269966869573
1.0072000122070313 0.10871123705456935
1.0082000122070311 0.12334624034459667
1.0092000122070313 0.13888120526588132
1.0102000122070312 0.15393609465468164
1.0112000122070313 0.16954227361617932
1.0122000122070312 0.18381558790834318
1.0132000122070313 0.19831851006375534
1.0142000122070312 0.21068892426214136
1.0152000122070313 0.22101420618046386
1.0162000122070312 0.22755299220059952
1.0172000122070313 0.23187621838071618
1.0182000122070312 0.23349128479372266
1.0192000122070313 0.23422805035453328
1.0202000122070312 0.2331967416190899
1.0212000122070313 0.23367243426630188
1.0222000122070312 0.23271108175754895
1.0232000122070313 0.23294352166977594
1.024199951171875 0.23220382689935526
1.025199951171875 0.23317322922824563
1.026199951171875 0.23373088824660268
1.027199951171875 0.2342790866597547
1.028199951171875 0.23558273674321473
1.029199951171875 0.2369548001707632
1.030199951171875 0.2388785254175639
1.031199951171875 0.24026446944130583
1.032199951171875 0.2427550735314659
1.033199951171875 0.245202610248255
1.034199951171875 0.24912273607739982
1.035199951171875 0.2516754959556966
1.036199951171875 0.25379555114828095
1.037199951171875 0.2541957584773437
1.038199951171875 0.25730481980541353
1.039199951171875 0.25857282392131453
1.040199951171875 0.2608069713129276
1.041199951171875 0.26083496470560247
1.042199951171875 0.26283695223123976
1.043199951171875 0.2633354163411694
1.044199951171875 0.2639759446378529
1.045199951171875 0.26435437270567
1.046199951171875 0.26579918637976774
1.047199951171875 0.267171620600307
1.048199951171875 0.2682466909621013
1.049199951171875 0.2693879021895898
1.050199951171875 0.27043318814718853
1.051199951171875 0.2719624528669891
1.052199951171875 0.27275151698748396
1.053199951171875 0.27328101658497417
1.054199951171875 0.2744113609364632
1.055199951171875 0.274140287233851
1.056199951171875 0.27446686456333874
1.057199951171875 0.27411421324355284
1.058199951171875 0.2737007700923032
1.059199951171875 0.2730110167021287
1.060199951171875 0.27155715155681087
1.061199951171875 0.2707933847933353
1.062199951171875 0.2690257960938778
1.063199951171875 0.26741616693434767
1.064199951171875 0.26674491037006387
1.065199951171875 0.26574456060266993
1.066199951171875 0.26450376460587244
1.067199951171875 0.2621290132935151
1.068199951171875 0.260829806666681
1.069199951171875 0.2583671125746485
1.070199951171875 0.2560821717831247
1.071199951171875 0.25475795790976064
1.072199951171875 0.25382992435820445
1.073199951171875 0.25300662836510285
1.074199951171875 0.2511324727590179
1.075199951171875 0.2502914938256286
1.076199951171875 0.2500969818358768
1.077199951171875 0.2499287709820776
1.078199951171875 0.25027721257560315
1.079199951171875 0.2503076842625483
1.080199951171875 0.2509920138651967
1.081199951171875 0.25192812007577736
1.082199951171875 0.252711058972865
1.083199951171875 0.2529088732124796
1.084199951171875 0.25386116192179636
1.085199951171875 0.254847256659578
1.086199951171875 0.2566070158272822
1.087199951171875 0.2571793020070518
1.088199951171875 0.2585012946479621
1.089199951171875 0.2600505469550792
1.090199951171875 0.2619083637192992
1.091199951171875 0.2638639108658665
1.092199951171875 0.26575960168599905
1.093199951171875 0.2680857565966719
1.094199951171875 0.27011304180843404
1.095199951171875 0.27201749451100316
1.096199951171875 0.2731708107171709
1.097199951171875 0.2759411123196798
1.098199951171875 0.2785852837783086
1.099199951171875 0.2808826137620555
1.100199951171875 0.28113050509916493
1.101199951171875 0.2814209049559264
1.102199951171875 0.2825186324015702
1.103199951171875 0.2838905998379238
1.104199951171875 0.28456795773625104
1.105199951171875 0.2856074458450251
1.106199951171875 0.2857099512700437
1.107199951171875 0.28617654429369155
1.108199951171875 0.2853035322061383
1.109199951171875 0.28473179772120516
1.110199951171875 0.28529555967865217
1.111199951171875 0.2853831536105254
1.112199951171875 0.2857386364933789
1.113199951171875 0.2851664504965982
1.114199951171875 0.28531257313203834
1.115199951171875 0.2858108727034178
1.116199951171875 0.28514260693748744
1.117199951171875 0.28452722557827925
1.118199951171875 0.28383444580552714
1.119199951171875 0.2841676596451124
1.120199951171875 0.2843405554758751
1.121199951171875 0.2835094441218623
1.122199951171875 0.2827218778363217
1.123199951171875 0.28173895858884185
1.124199951171875 0.28185335553843016
1.125199951171875 0.28157699679299325
1.126199951171875 0.2819780349930617
1.127199951171875 0.2823794877542917
1.128199951171875 0.28301048451746125
1.129199951171875 0.28309741209830436
1.130199951171875 0.2833356999866596
1.131199951171875 0.2833387826757287
1.132199951171875 0.2847029375907094
1.133199951171875 0.28534563665440943
1.134199951171875 0.28618699717761786
1.135199951171875 0.28639050118713777
1.136199951171875 0.28749464457504126
1.137199951171875 0.28896487682376704
1.138199951171875 0.2898157888359258
1.139199951171875 0.2909788797940864
1.140199951171875 0.2917527808422725
1.141199951171875 0.29374768716879474
1.142199951171875 0.2960853796693642
1.143199951171875 0.29872819996113453
1.144199951171875 0.30212017966471555
1.145199951171875 0.30512739384442816
1.146199951171875 0.30713356264259645
1.147199951171875 0.30908071782397056
1.148199951171875 0.31092943473210877
1.149199951171875 0.31393948411861333
1.150199951171875 0.3162973182282565
1.151199951171875 0.3185521584669821
1.152199951171875 0.32070680138872937
1.153199951171875 0.32228331758121564
1.154199951171875 0.32407956769780133
1.155199951171875 0.32574841249335057
1.156199951171875 0.3276937968784233
1.157199951171875 0.32937452596059547
1.158199951171875 0.3305654556782492
1.159199951171875 0.33202915597725124
1.160199951171875 0.3328759453976431
1.161199951171875 0.3347852129788647
1.162199951171875 0.33577322927846753
1.163199951171875 0.33734934945373685
1.164199951171875 0.33825748239488035
1.165199951171875 0.33889687799061424
1.166199951171875 0.33994858523392396
1.167199951171875 0.34111273564038425
1.168199951171875 0.34214043902278946
1.169199951171875 0.3422722011146851
1.170199951171875 0.3422117468576031
1.171199951171875 0.34276951766794084
1.172199951171875 0.343546664042045
1.173199951171875 0.344177199488623
1.174199951171875 0.34455507709097405
1.175199951171875 0.34499828287468937
1.176199951171875 0.3445360145872399
1.177199951171875 0.3450583798645657
1.178199951171875 0.3447688474571949
1.179199951171875 0.34403204000720927
1.180199951171875 0.34349312936166565
1.181199951171875 0.3440250456996871
1.182199951171875 0.3448472825639497
1.183199951171875 0.34465872083695714
1.184199951171875 0.34378811175371543
1.185199951171875 0.34372040416721383
1.186199951171875 0.3432757898198185
1.187199951171875 0.342881478848249
1.188199951171875 0.3421714986581264
1.189199951171875 0.3415788806036363
1.190199951171875 0.34191449976048943
1.191199951171875 0.34215950635969794
1.192199951171875 0.3415806794198276
1.193199951171875 0.341000873377018
1.194199951171875 0.3399861721286935
1.195199951171875 0.3391643118294723
1.196199951171875 0.3379065158818061
1.197199951171875 0.33733934765871426
1.198199951171875 0.3368281597997825
1.199199951171875 0.3359699448006151
1.200199951171875 0.3352906109293648
1.201199951171875 0.3354129136110024
1.202199951171875 0.3351721184032899
1.203199951171875 0.33482670806561954
1.204199951171875 0.334929700442783
1.205199951171875 0.3351763425795441
1.206199951171875 0.3342663002354388
1.207199951171875 0.3336427123961272
1.208199951171875 0.33336219798069433
1.209199951171875 0.3349509217663093
1.210199951171875 0.33474033477796133
1.211199951171875 0.3352353917225818
1.212199951171875 0.33520574580551177
1.213199951171875 0.3371283556957507
1.214199951171875 0.33786790658810595
1.215199951171875 0.3390832161865381
1.216199951171875 0.33857822421809797
1.217199951171875 0.34026291610192855
1.218199951171875 0.34145964702160553
1.219199951171875 0.3431036438318113
1.220199951171875 0.34395391598906205
1.221199951171875 0.3445559132692302
1.222199951171875 0.3462992202487298
1.223199951171875 0.3474307636517756
1.224199951171875 0.34928355211774426
1.225199951171875 0.35012149508090595
1.226199951171875 0.35134994896688365
1.227199951171875 0.35286454473610007
1.228199951171875 0.3540137243966227
1.229199951171875 0.35495106922576763
1.230199951171875 0.35712730863556746
1.231199951171875 0.3589466785501591
1.232199951171875 0.3615110125638547
1.233199951171875 0.36233903422056574
1.234199951171875 0.3641141593285613
1.235199951171875 0.36574860033057854
1.236199951171875 0.36765491437935643
1.237199951171875 0.3686157571875316
1.238199951171875 0.36983838710592354
1.239199951171875 0.3700890824483577
1.240199951171875 0.37170067838865345
1.241199951171875 0.37237061394795773
1.242199951171875 0.37364663456195824
1.243199951171875 0.37427483646410936
1.244199951171875 0.3758075771114838
1.245199951171875 0.3767256204653515
1.246199951171875 0.3779423896854399
1.247199951171875 0.37770534224132013
1.248199951171875 0.37802729413206615
1.249199951171875 0.37866155251357314
1.250199951171875 0.37813078136918515
1.251199951171875 0.37933972774743074
1.252199951171875 0.37981896209679566
1.253199951171875 0.38030174843727343
1.254199951171875 0.3790786770331133
1.255199951171875 0.3778639579379337
1.256199951171875 0.377815081697978
1.257199951171875 0.37935476529403345
1.258199951171875 0.37970438747996954
1.259199951171875 0.380443310855064
1.260199951171875 0.38058437086904123
1.261199951171875 0.38155893834142757
1.262199951171875 0.3824784598153733
1.263199951171875 0.3821194148198544
1.264199951171875 0.3816449144713842
1.265199951171875 0.3819356273124967
1.266199951171875 0.3815145715576972
1.267199951171875 0.38171610786639093
1.268199951171875 0.3804854707640886
1.269199951171875 0.379201536464502
1.270199951171875 0.37642387902420094
1.271199951171875 0.3724142011829399
1.272199951171875 0.3662475059794619
1.273199951171875 0.3585361990386741
1.274199951171875 0.3486246374290237
1.275199951171875 0.33577528636669124
1.276199951171875 0.3192883995194604
1.277199951171875 0.2993608016508899
1.278199951171875 0.2758630184845568
1.279199951171875 0.24960880535039018
1.280199951171875 0.22148302392075075
1.281199951171875 0.19426229746041462
1.282199951171875 0.16914482442916937
1.283199951171875 0.14786714675223547
1.284199951171875 0.1291774380496909
1.285199951171875 0.11312174833955985
1.286199951171875 0.09779804516397113
1.287199951171875 0.08447279380779943
1.288199951171875 0.07260413744279602
1.289199951171875 0.06336056428699499
1.290199951171875 0.05545250307229486
1.291199951171875 0.04873988107649015
1.292199951171875 0.04249956427104214
1.293199951171875 0.037496590138394265
1.294199951171875 0.033119299918470256
1.295199951171875 0.029395173753343565
1.296199951171875 0.025642899856043365
1.297199951171875 0.02200761782641722
1.298199951171875 0.018426010644526543
1.299199951171875 0.01528388566201067
1.300199951171875 0.012602320067496705
1.301199951171875 0.01034177142203733
1.302199951171875 0.008460254533053005
1.303199951171875 0.006923045743585609
1.304199951171875 0.005682024409810461
1.305199951171875 0.0046581658059436535
1.306199951171875 0.00383140350809066
1.307199951171875 0.0031454433624944216
1.308199951171875 0.0026019945790315834
1.309199951171875 0.002169364706135306
1.310199951171875 0.0018095684772026163
1.311199951171875 0.0015115476088009676
1.312199951171875 0.0012668239172130339
1.313199951171875 0.0010717875007934502
1.314199951171875 0.0009066213570564485
1.315199951171875 0.0007689343066132597
1.316199951171875 0.0006542834415729371
1.317199951171875 0.0005581239654583613
1.318199951171875 0.0004790995590717079
1.319199951171875 0.00041150610640562933
1.320199951171875 0.00035470424975265433
1.321199951171875 0.00030680063687311845
1.322199951171875 0.0002669174716007397
1.323199951171875 0.00023288960545095577
1.324199951171875 0.00020360918832975565
1.325199951171875 0.00017791076718252775
1.326199951171875 0.00015629480983302786
1.327199951171875 0.00013813270312122968
1.328199951171875 0.00012202282510440169
1.329199951171875 0.00010736286068635004
1.330199951171875 9.528214022373354e-05
1.331199951171875 8.466089385816208e-05
1.332199951171875 7.579874024871336e-05
1.333199951171875 6.721835831731747e-05
1.334199951171875 6.013342375911184e-05
1.335199951171875 5.371331274152717e-05
1.336199951171875 4.85051392106351e-05
1.337199951171875 4.37634039120202e-05
1.338199951171875 3.947288267707312e-05
1.339199951171875 3.527752025049109e-05
1.340199951171875 3.19718417650767e-05
1.341199951171875 2.9263852296424267e-05
1.342199951171875 2.7480878647199016e-05
1.343199951171875 2.5381043584367147e-05
1.344199951171875 2.3265654996649138e-05
1.345199951171875 2.0968286158826744e-05
1.346199951171875 1.907777013120527e-05
1.347199951171875 1.7488630642661864e-05
1.348199951171875 1.6091561805271933e-05
1.349199951171875 1.4081492868913703e-05
1.350199951171875 1.3164728785433284e-05
1.351199951171875 1.2665395979608044e-05
1.352199951171875 1.1492087496568492e-05
1.353199951171875 1.0650717790141074e-05
1.354199951171875 9.085581730772552e-06
1.3551999511718749 0.0
1.356199951171875 0.0
