Microns Throughput
0.5481500244140625 0.0
0.5491500244140625 0.0
0.5501500244140625 1.1968904825577178e-09
0.5511500244140625 1.7467753586554182e-09
0.5521500244140625 2.3574462890201018e-09
0.5531500244140625 3.1598326906716384e-09
0.5541500244140625 3.5132027605075987e-09
0.5551500244140625 4.0129598294062126e-09
0.5561500244140625 4.215163432775731e-09
0.5571500244140625 4.8173658316528695e-09
0.5581500244140625 4.300077009199903e-09
0.5591500244140625 2.7286109574253684e-09
0.5601500244140625 2.5097913935079084e-09
0.5611500244140625 2.6096156585796635e-09
0.5621500244140625 2.3868961547667947e-09
0.5631500244140625 2.5588151149028434e-09
0.5641500244140625 3.0734522645990035e-09
0.5651500244140625 4.26312988892946e-09
0.5661500244140625 5.7630733379522826e-09
0.5671500244140625 6.7572328183391305e-09
0.5681500244140625 8.58694973826184e-09
0.5691500244140625 8.500395250167485e-09
0.5701500244140625 1.0581846037877325e-08
0.5711500244140625 1.0836611966579562e-08
0.5721500244140625 1.2580016788769408e-08
0.5731500244140625 1.0444199022342889e-08
0.5741500244140625 1.0891934355992231e-08
0.5751500244140625 1.0765061793823881e-08
0.5761500244140625 1.2394041615576148e-08
0.5771500244140625 1.2819571321027832e-08
0.5781500244140625 1.2858499796689127e-08
0.5791500244140625 1.3326469872235328e-08
0.5801500244140625 1.5006456800929892e-08
0.5811500244140625 1.7718481829953846e-08
0.5821500244140625 2.0676002273001207e-08
0.5831500244140625 2.3413294683672145e-08
0.5841500244140625 2.5575023979353903e-08
0.5851500244140625 2.8006950608231676e-08
0.5861500244140625 3.038928809528896e-08
0.5871500244140625 3.86521893706076e-08
0.5881500244140625 4.400090037803172e-08
0.5891500244140625 4.9854840748351916e-08
0.5901500244140625 5.7303169162880404e-08
0.5911500244140625 6.093404645164015e-08
0.5921500244140625 7.135082683015707e-08
0.5931500244140625 7.598966448146718e-08
0.5941500244140625 9.368272242459987e-08
0.5951500244140625 1.0246561236518048e-07
0.5961500244140625 1.13995663839674e-07
0.5971500244140625 1.4066278248998553e-07
0.5981500244140625 2.2416514691989204e-07
0.5991500244140625 5.971808450485354e-07
0.6001500244140625 2.16498109927356e-06
0.6011500244140625 7.971111898745306e-06
0.6021500244140625 2.6288203314964185e-05
0.6031500244140625 0.00012775032402291835
0.6041500244140625 0.0005303820857284849
0.6051500244140625 0.001703547696294903
0.6061500244140625 0.005214049948096662
0.6071500244140625 0.01276693563643845
0.6081500244140625 0.025864716045552492
0.6091500244140625 0.04392530788204298
0.6101500244140625 0.0641798012052226
0.6111500244140625 0.08313217220957382
0.6121500244140625 0.09753214038560673
0.6131500244140625 0.10641001788224544
0.6141500244140625 0.11103088689426195
0.6151500244140625 0.1133148495282593
0.6161500244140625 0.1156649240719183
0.6171500244140625 0.11888285829755192
0.6181500244140625 0.12307626923318189
0.6191500244140625 0.12800476261151986
0.6201500244140625 0.1331664123696323
0.6211500244140625 0.13787037810158906
0.6221500244140625 0.1416649515431316
0.6231500244140625 0.14431233532970872
0.6241500244140625 0.14722320680609693
0.6251500244140625 0.14961412757830816
0.6261500244140625 0.15119021830581675
0.6271500244140625 0.15199333393089812
0.6281500244140625 0.152345215289283
0.6291500244140625 0.15250984071918036
0.6301500244140625 0.15208377169052115
0.6311500244140625 0.15142282152084877
0.6321500244140625 0.15068111325324132
0.6331500244140625 0.15084594120710024
0.6341500244140625 0.15240867117996082
0.6351500244140625 0.155182601807593
0.6361500244140625 0.1588365171930822
0.6371500244140625 0.16261751783073594
0.6381500244140625 0.16576600076193507
0.6391500244140625 0.16822848324090695
0.6401500244140625 0.16989617850423966
0.6411500244140625 0.1713082275702033
0.6421500244140625 0.17269787745066853
0.6431500244140625 0.17425374024600523
0.6441500244140625 0.17598909618285247
0.6451500244140626 0.1773462403862776
0.6461500244140626 0.17804484137669122
0.6471500244140626 0.17846787968007138
0.6481500244140626 0.1789347565341548
0.6491500244140626 0.1796874333479513
0.6501500244140626 0.18055497794751568
0.6511500244140624 0.1813058623664757
0.6521500244140624 0.1819966821443716
0.6531500244140624 0.18252433286559513
0.6541500244140624 0.18306870026239128
0.6551500244140624 0.1835991404027899
0.6561500244140624 0.184023330982567
0.6571500244140625 0.18414525381510058
0.6581500244140625 0.18436542737163988
0.6591500244140625 0.18504085674337564
0.6601500244140625 0.18616165505054627
0.6611500244140625 0.18765873844796385
0.6621500244140625 0.18953132106608447
0.6631500244140625 0.19178790682386684
0.6641500244140625 0.19440537370590344
0.6651500244140625 0.19726365571849552
0.6661500244140625 0.19994467401036708
0.6671500244140625 0.2017487067844298
0.6681500244140625 0.2023294111033681
0.6691500244140625 0.2019555650819801
0.6701500244140625 0.2010508506540167
0.6711500244140625 0.19972328422307373
0.6721500244140625 0.1982015384224751
0.6731500244140625 0.1967582181801785
0.6741500244140625 0.19570000452904704
0.6751500244140625 0.19515529281121913
0.6761500244140625 0.1952767339065896
0.6771500244140625 0.1959594696486862
0.6781500244140625 0.19731946217347798
0.6791500244140625 0.1992243748944935
0.6801500244140625 0.20183802622800134
0.6811500244140625 0.20501073919161794
0.6821500244140625 0.20798586477483055
0.6831500244140625 0.21034310237182088
0.6841500244140625 0.21219789074162798
0.6851500244140625 0.21366762249751264
0.6861500244140625 0.21484526811838528
0.6871500244140625 0.2157975633584574
0.6881500244140625 0.2167177023729468
0.6891500244140625 0.21780318775294397
0.6901500244140625 0.21886893611022562
0.6911500244140625 0.21944274175236372
0.6921500244140625 0.2191482589460342
0.6931500244140625 0.2175921144156112
0.6941500244140625 0.21497130982454848
0.6951500244140625 0.21197153125338736
0.6961500244140625 0.20926547347064559
0.6971500244140625 0.20772818865692688
0.6981500244140625 0.20768720901799675
0.6991500244140625 0.20946435606095423
0.7001500244140625 0.2127982631930753
0.7011500244140625 0.21705104613666076
0.7021500244140625 0.22128827925240907
0.7031500244140625 0.22485567162576547
0.7041500244140625 0.22728508777713452
0.7051500244140625 0.22880813053860882
0.7061500244140625 0.22968490912387424
0.7071500244140625 0.2303358357158007
0.7081500244140625 0.23098941059627598
0.7091500244140625 0.23196802657818938
0.7101500244140625 0.23277672325243345
0.7111500244140625 0.23290337244138676
0.7121500244140625 0.23173360668896567
0.7131500244140625 0.22927522505412873
0.7141500244140625 0.2266675359915792
0.7151500244140625 0.2248504156078384
0.7161500244140625 0.22504496829050488
0.7171500244140625 0.22654365346580263
0.7181500244140625 0.22814796963423425
0.7191500244140625 0.22836151002406016
0.7201500244140625 0.2267274250668854
0.7211500244140625 0.2241435938222492
0.7221500244140625 0.22248951454884813
0.7231500244140625 0.2234405561646751
0.7241500244140625 0.2272669600769864
0.7251500244140625 0.2330773063653028
0.7261500244140625 0.23956847191798905
0.7271500244140625 0.24532051940032282
0.7281500244140625 0.249779862132518
0.7291500244140625 0.2525387235390624
0.7301500244140625 0.2542928969636455
0.7311500244140625 0.2550799132424504
0.7321500244140625 0.2554525076773136
0.7331500244140625 0.255123013851094
0.7341500244140625 0.2537596874062236
0.7351500244140625 0.25132776508281635
0.7361500244140625 0.24853912472217046
0.7371500244140625 0.2460894949356628
0.7381500244140625 0.24463067688914888
0.7391500244140625 0.2444391340290744
0.7401500244140625 0.24541628386853612
0.7411500244140625 0.24678928275130294
0.7421500244140625 0.24766237647073966
0.7431500244140625 0.24814173650669
0.7441500244140625 0.24905159196543897
0.7451500244140625 0.25153854894948574
0.7461500244140625 0.2553237034547873
0.7471500244140625 0.2599571986696493
0.7481500244140625 0.26380061682115796
0.7491500244140625 0.2664957370627879
0.7501500244140625 0.2677824156545983
0.7511500244140625 0.268526800896722
0.7521500244140625 0.26928889428170966
0.7531500244140625 0.26942118978323304
0.7541500244140625 0.2682432927895656
0.7551500244140625 0.26466136822694836
0.7561500244140625 0.2590723229204065
0.7571500244140625 0.25293472467751626
0.7581500244140625 0.24827921820961246
0.7591500244140625 0.2463976411596493
0.7601500244140625 0.24694619169610876
0.7611500244140625 0.2487400893166694
0.7621500244140625 0.25038443856509834
0.7631500244140625 0.2518200137793617
0.7641500244140625 0.25387066695310717
0.7651500244140625 0.25768706609199216
0.7661500244140625 0.262677590222224
0.7671500244140625 0.267799043945915
0.7681500244140625 0.2709044459317917
0.7691500244140625 0.27163285805915754
0.7701500244140626 0.26968905989287106
0.7711500244140626 0.26648506581590986
0.7721500244140626 0.26223378178544304
0.7731500244140626 0.2569203219423498
0.7741500244140626 0.24974929048910022
0.7751500244140626 0.24038444918673862
0.7761500244140624 0.22842401029588127
0.7771500244140624 0.21228147071779013
0.7781500244140624 0.1905284311307153
0.7791500244140624 0.1626294581946908
0.7801500244140624 0.13120597403051984
0.7811500244140624 0.10000190370574835
0.7821500244140625 0.07267786178907983
0.7831500244140625 0.05086678540180591
0.7841500244140625 0.034650135961228866
0.7851500244140625 0.023202884825615624
0.7861500244140625 0.015339659894016868
0.7871500244140625 0.010162423093989268
0.7881500244140625 0.006754756123352572
0.7891500244140625 0.0046047332197583085
0.7901500244140625 0.0031498396868926927
0.7911500244140625 0.002219952491272026
0.7921500244140625 0.0016202962195299663
0.7931500244140625 0.0012080640967987318
0.7941500244140625 0.0009015417192686513
0.7951500244140625 0.000674165018268535
0.7961500244140625 0.0005092873139447263
0.7971500244140625 0.00039088129517730923
0.7981500244140625 0.000302785428734568
0.7991500244140625 0.00023637585815083518
0.8001500244140625 0.00018616508727662003
0.8011500244140625 0.0001477477786223417
0.8021500244140625 0.00011726065587712046
0.8031500244140625 9.371150396839315e-05
0.8041500244140625 7.513955403317235e-05
0.8051500244140625 6.0980165560375375e-05
0.8061500244140625 4.958891995432249e-05
0.8071500244140625 4.040678426835727e-05
0.8081500244140625 3.291209382161102e-05
0.8091500244140625 2.7039458754530152e-05
0.8101500244140625 2.2605850138443717e-05
0.8111500244140625 1.8906825652407888e-05
0.8121500244140625 1.5784154172779137e-05
0.8131500244140625 1.2895672693106657e-05
0.8141500244140625 1.06036621254723e-05
0.8151500244140625 8.939283448139113e-06
0.8161500244140625 7.813455408766268e-06
0.8171500244140625 6.817022794848113e-06
0.8181500244140625 5.844855163263965e-06
0.8191500244140625 4.954510717901693e-06
0.8201500244140625 4.3432435168924755e-06
0.8211500244140625 3.933326185073811e-06
0.8221500244140625 3.5453505125763373e-06
0.8231500244140625 3.0484150536490193e-06
0.8241500244140625 2.527350239101434e-06
0.8251500244140625 2.034261298071509e-06
0.8261500244140625 1.7100961466549762e-06
0.8271500244140625 1.5521636429916733e-06
0.8281500244140625 1.462387301957833e-06
0.8291500244140625 1.3943655005205421e-06
0.8301500244140625 1.2677896596182856e-06
0.8311500244140625 1.1718590413677105e-06
0.8321500244140625 1.0395121405415157e-06
0.8331500244140625 9.184107722213081e-07
0.8341500244140625 8.200409316785361e-07
0.8351500244140625 7.391933982611149e-07
0.8361500244140625 7.090120369319079e-07
0.8371500244140625 6.962870576069674e-07
0.8381500244140625 6.662166771188452e-07
0.8391500244140625 6.073086456879038e-07
0.8401500244140625 5.168901358479342e-07
0.8411500244140625 4.631947224085881e-07
0.8421500244140625 4.2131351413237997e-07
0.8431500244140625 3.710195475978509e-07
0.8441500244140625 3.454380235334381e-07
0.8451500244140625 3.0999757729514693e-07
0.8461500244140625 3.3700383604906195e-07
0.8471500244140625 3.475884924017379e-07
0.8481500244140625 3.396854616296918e-07
0.8491500244140625 3.150500343870609e-07
0.8501500244140625 0.0
0.8511500244140625 0.0
