Microns Throughput
2.298648794999999 0.0
2.2998497609999995 0.0
2.301050727 2.7698892369293527e-07
2.302251693 3.2702737844710857e-07
2.303452659 3.7382726079880423e-07
2.304653625 4.057901837417643e-07
2.305854591 4.724169180895267e-07
2.307055557 5.790869885658893e-07
2.308256523 6.382951715888311e-07
2.309457488 7.604038211941534e-07
2.310658454 8.568245321650384e-07
2.31185942 9.923726856798646e-07
2.313060386 1.2147881831182985e-06
2.314261352 1.3548506829546593e-06
2.315462318 1.5830942355009995e-06
2.316663284 1.9105888888109327e-06
2.31786425 2.1972599914691393e-06
2.319065216 2.685739748778688e-06
2.320266182 2.943236719167298e-06
2.321467148 3.421022662039187e-06
2.322668114 4.004321812416744e-06
2.32386908 4.677931716427323e-06
2.325070046 5.830154198242479e-06
2.3262710120000003 6.3334089324581025e-06
2.327471977 7.477822902573674e-06
2.328672943 8.815962541551405e-06
2.329873909 1.0377952499348408e-05
2.331074875 1.2193617578316621e-05
2.332275841 1.3646279868901088e-05
2.333476807 1.566258754170871e-05
2.334677773 1.766139033095368e-05
2.3358787390000004 1.9997389073817437e-05
2.3370797050000003 2.2862097006246578e-05
2.338280671 2.555758079043755e-05
2.339481637 2.839361936682578e-05
2.3406826030000003 3.194644784900049e-05
2.341883569 3.538153508707003e-05
2.343084535 3.9217166900032925e-05
2.344285501 4.2964792990427755e-05
2.345486466 4.706794680689865e-05
2.346687432 5.164726229850882e-05
2.3478883980000003 5.588353092987854e-05
2.349089364 6.125534661342569e-05
2.35029033 6.689511456025831e-05
2.3514912960000003 7.408800783714071e-05
2.352692262 8.246897562330343e-05
2.353893228 9.236442979436012e-05
2.355094194 0.00010638635796437884
2.35629516 0.0001225580483943515
2.357496126 0.00014238611488046277
2.358697092 0.0001669463707421041
2.359898058 0.00019768328377358917
2.361099024 0.00024044591434142654
2.3622999890000003 0.00028807996173377774
2.363500955 0.00034521841521055414
2.364701921 0.0004135520282341627
2.3659028870000003 0.0004955024975249734
2.367103853 0.0006048435243426251
2.368304819 0.0007187638603012541
2.369505785 0.0008514130766250551
2.370706751 0.0010029696467850303
2.371907717 0.0011746678181952328
2.373108683 0.0013797867991321691
2.374309649 0.0015855058042013725
2.375510615 0.0017927726926863226
2.376711581 0.0020136290011871067
2.377912547 0.002242820242761796
2.379113513 0.0024771359319909017
2.380314478 0.0027107059510871716
2.381515444 0.0029427732412756025
2.38271641 0.0031734604500262414
2.383917376 0.0034023209478453416
2.385118342 0.0036336419349301584
2.386319308 0.003863673874386193
2.387520274 0.004100411486625519
2.38872124 0.004350726796860545
2.389922206 0.004618335555516504
2.391123172 0.004914902999359674
2.392324138 0.005242071214894665
2.393525104 0.005610987165791748
2.3947260700000004 0.006029995974757601
2.395927036 0.006511816581024222
2.397128002 0.007073909838123387
2.398328967 0.007722722887287942
2.399529933 0.008480570441233803
2.400730899 0.00936946543352004
2.401931865 0.010417260307189202
2.403132831 0.01166496594824692
2.404333797 0.013140276755059922
2.405534763 0.014899214961286728
2.406735729 0.01700381464033157
2.407936695 0.019530155053062482
2.4091376610000004 0.02258621803519163
2.410338627 0.026258674906853078
2.411539593 0.030690227466243704
2.412740559 0.036032911120775425
2.4139415250000003 0.042456196142743555
2.415142491 0.050165089767302364
2.416343456 0.05926967241536878
2.417544422 0.0699240617594977
2.418745388 0.08218741481022511
2.4199463540000004 0.09601697344090152
2.42114732 0.11130294312067382
2.422348286 0.12761672466297658
2.423549252 0.14456893322822884
2.424750218 0.16162981484291428
2.425951184 0.17823676524859997
2.42715215 0.19397009084189115
2.4283531160000003 0.20819850832612008
2.429554082 0.22073098410056752
2.430755048 0.2314512789146697
2.431956014 0.24041959476571445
2.43315698 0.24797772815554708
2.4343579450000004 0.2541870619860644
2.435558911 0.25956186816145727
2.436759877 0.26448809350437485
2.437960843 0.2693201948782987
2.439161809 0.27449822722785205
2.440362775 0.279970267223309
2.441563741 0.28604167233579464
2.442764707 0.2928179038951407
2.443965673 0.30035294057254885
2.445166639 0.3088077309396658
2.446367605 0.3178295060565983
2.447568571 0.32749061315458095
2.448769537 0.3376774782893355
2.449970503 0.34825172473493465
2.451171469 0.3584830978434036
2.452372434 0.3689288539441812
2.4535734 0.3792165572538566
2.454774366 0.38916542106844493
2.455975332 0.39861122976202923
2.457176298 0.40719315931842226
2.458377264 0.41523189673231925
2.45957823 0.4224309829668418
2.460779196 0.4287458011582902
2.461980162 0.4341665474141706
2.463181128 0.4384801283165881
2.464382094 0.44221692625303044
2.46558306 0.44521287635656126
2.466784026 0.4475554482739459
2.4679849920000003 0.44934246459076155
2.469185958 0.4506646575305161
2.470386923 0.45163630748154937
2.471587889 0.4525792044270681
2.472788855 0.4530942633975368
2.473989821 0.45372844374706567
2.475190787 0.4540508821794544
2.476391753 0.45435785820487024
2.477592719 0.4549160222225032
2.4787936850000003 0.4552641569007566
2.479994651 0.45588865190943795
2.481195617 0.456304974463324
2.4823965830000003 0.4570028765597921
2.483597549 0.45771855804992834
2.484798515 0.4584384842294945
2.485999481 0.4589022207451198
2.487200446 0.45956724373391705
2.488401412 0.46018023560836496
2.489602378 0.46047782822385397
2.490803344 0.4609267972014801
2.49200431 0.46126493630392407
2.4932052760000003 0.46149020549063635
2.494406242 0.4615896423900031
2.495607208 0.46155461708845386
2.496808174 0.4613887725658536
2.49800914 0.46109441948537644
2.499210106 0.460673718890264
2.500411072 0.4601341199582738
2.501612038 0.4594971653297869
2.502813004 0.45876362860248493
2.50401397 0.4579558723993332
2.505214935 0.45707269475385687
2.506415901 0.4561343820530737
2.5076168670000003 0.4551521669400573
2.508817833 0.4541436855503705
2.510018799 0.45313347893648953
2.511219765 0.4521077431199449
2.512420731 0.4510902430391404
2.513621697 0.4500954825370338
2.514822663 0.44912810994545793
2.516023629 0.4482121623249747
2.517224595 0.44732819734033574
2.518425561 0.44649417805984226
2.519626527 0.4457159489814705
2.520827493 0.44500083409998115
2.522028459 0.44433991409221407
2.523229424 0.44374606704407227
2.52443039 0.4432264029446207
2.525631356 0.4427798937825637
2.526832322 0.44241000787805346
2.528033288 0.4421260809532919
2.529234254 0.44192230306584623
2.53043522 0.4418020054306706
2.531636186 0.4417663961643652
2.532837152 0.4418166482838082
2.534038118 0.44196097111917426
2.535239084 0.44218944042433883
2.53644005 0.4425063778597466
2.537641016 0.44290666968859194
2.538841982 0.44338751991364794
2.540042948 0.4439585068376268
2.541243913 0.44460055792552755
2.542444879 0.4453182823492471
2.543645845 0.44610207998257556
2.544846811 0.4469481135952834
2.546047777 0.44786396482975493
2.547248743 0.4488205700858724
2.548449709 0.4498230460121994
2.549650675 0.4508611653538513
2.5508516410000004 0.45193015205879417
2.5520526070000003 0.4531078974845283
2.553253573 0.45424675065004594
2.554454539 0.45538658845678637
2.5556555050000003 0.456516545081274
2.556856471 0.4576238347564921
2.558057437 0.4587571469900741
2.559258402 0.45980485845062885
2.560459368 0.4608083806236911
2.561660334 0.4617685857615378
2.5628613 0.46268146250551434
2.564062266 0.4635966215397461
2.565263232 0.46438754536031057
2.5664641980000003 0.4651198043495876
2.567665164 0.4658034647023964
2.56886613 0.4664126718821093
2.5700670960000003 0.4670091290331573
2.571268062 0.46749347894624277
2.572469028 0.4679092887010955
2.573669994 0.46826910578230607
2.57487096 0.46859501240729856
2.576071926 0.46894237691422974
2.577272891 0.46917293338781124
2.578473857 0.46938196517903663
2.579674823 0.469559859824459
2.5808757890000003 0.46970609897441273
2.582076755 0.46992298513832287
2.583277721 0.47010988820320615
2.584478687 0.4702927308628077
2.585679653 0.4704822677654652
2.586880619 0.47069220171088033
2.588081585 0.4710286096973063
2.589282551 0.4712774700429014
2.590483517 0.4715096685309356
2.591684483 0.471751090961184
2.592885449 0.4720521580403897
2.594086414 0.4725072795048707
2.5952873800000003 0.4728731042625464
2.596488346 0.47325740983001857
2.597689312 0.4736597927252387
2.598890278 0.4740849303016095
2.600091244 0.4746786055991083
2.60129221 0.47465111017076983
2.602493176 0.4745079062823927
2.603694142 0.47436391229363634
2.604895108 0.47421654935995117
2.606096074 0.47357953881891857
2.60729704 0.4734201031649861
2.608498006 0.47324530652546565
2.6096989720000003 0.47304992915444394
2.610899938 0.47284962711628437
2.612100903 0.4721296474736451
2.613301869 0.47183257332606376
2.614502835 0.47068715440283837
2.615703801 0.47082852480310544
2.616904767 0.47091079543989384
2.618105733 0.47099733818165307
2.619306699 0.4710348194019092
2.620507665 0.4710309179822332
2.621708631 0.4709968047753891
2.622909597 0.470926873006117
2.6241105630000003 0.4708422165816452
2.625311529 0.47071587374341756
2.626512495 0.47055967497191964
2.627713461 0.4703661499758185
2.628914427 0.47016671321644155
2.630115392 0.4699675484030145
2.631316358 0.4697509061849069
2.632517324 0.4695495998956697
2.63371829 0.46933739778084493
2.6349192560000003 0.46912746094574687
2.636120222 0.46896878964781846
2.637321188 0.4687968556412837
2.638522154 0.4686274873204138
2.63972312 0.4684865973718598
2.640924086 0.4683634367296036
2.642125052 0.46827848425480356
2.643326018 0.46821140085372726
2.644526984 0.4681814779652147
2.64572795 0.4681859011196864
2.646928916 0.46822722821078394
2.648129881 0.4683182052743477
2.6493308470000003 0.4684232975065226
2.650531813 0.4685720848814297
2.651732779 0.46769981773471336
2.652933745 0.46777578660367725
2.654134711 0.46772860228504043
2.655335677 0.4678312181759383
2.656536643 0.4679498783239568
2.657737609 0.46809572412562467
2.658938575 0.46826150309134046
2.660139541 0.46823664858069985
2.661340507 0.46834193992294454
2.662541473 0.46845204638227833
2.663742439 0.4685599795554849
2.664943405 0.4686899152507939
2.66614437 0.46854349111761523
2.667345336 0.4686332329309727
2.668546302 0.4687462724650035
2.669747268 0.46886282709185195
2.670948234 0.46899548650869066
2.6721492 0.4688803779468763
2.673350166 0.4689895463625499
2.674551132 0.4690790356683349
2.675752098 0.46918274826649237
2.676953064 0.46928769785682134
2.67815403 0.46916961233253535
2.679354996 0.4692034117299376
2.680555962 0.46920835871955885
2.681756928 0.46919708703956087
2.6829578940000003 0.46915329769650294
2.684158859 0.4689642621883865
2.685359825 0.4688693277596481
2.686560791 0.46873710669766006
2.687761757 0.4685780738807564
2.688962723 0.46840262478462313
2.690163689 0.4681623721653687
2.691364655 0.4679689074370587
2.6925656210000004 0.46777406008843464
2.6937665870000003 0.4675825901955108
2.694967553 0.4673957807456097
2.696168519 0.46722935097432033
2.6973694850000003 0.46705776102778135
2.698570451 0.4669038439840665
2.699771417 0.4667793097952824
2.700972383 0.46760395053484793
2.702173348 0.46770856969166513
2.703374314 0.4676923115356444
2.70457528 0.4676799824587914
2.705776246 0.4676749819835402
2.706977212 0.46767604170227484
2.7081781780000003 0.46782013418840407
2.709379144 0.4678626168114723
2.71058011 0.46791847078049353
2.7117810760000003 0.4679893936579711
2.712982042 0.4680688281258113
2.714183008 0.46829014013282566
2.715383974 0.46839633541614895
2.71658494 0.46850303947255467
2.717785906 0.46862836341958775
2.718986871 0.468761953014389
2.720187837 0.4690178917868791
2.721388803 0.4691574396117852
2.7225897690000003 0.4693193935656531
2.723790735 0.4695024105165914
2.724991701 0.4696986547347112
2.726192667 0.4700538322009804
2.727393633 0.47027735981239194
2.728594599 0.47048982898396374
2.729795565 0.470718705867184
2.730996531 0.4709339496157543
2.732197497 0.47127347449136947
2.733398463 0.47148387783350815
2.734599429 0.47168390358541296
2.735800395 0.471868271602636
2.7370013600000003 0.47217537636298557
2.738202326 0.47236413038644653
2.739403292 0.4725614318063243
2.740604258 0.4727725914689942
2.741805224 0.4729738975072786
2.74300619 0.4732930501756565
2.744207156 0.4734921356162104
2.745408122 0.47369878818282624
2.746609088 0.4739054916272772
2.747810054 0.4740944740847723
2.74901102 0.4744015280583684
2.750211986 0.47457169739712196
2.751412952 0.4739985295156383
2.752613918 0.47343135026774646
2.753814884 0.47287923236662116
2.755015849 0.47174133609214325
2.756216815 0.47120087380503306
2.757417781 0.4706680105546544
2.758618747 0.4701315413648264
2.759819713 0.4696059801145089
2.761020679 0.4685173379735301
2.762221645 0.468025682258542
2.763422611 0.46820312675538217
2.764623577 0.4682190541887752
2.7658245430000004 0.4682585686768837
2.767025509 0.46825691521934104
2.768226475 0.46835672297176656
2.769427441 0.4684831866859153
2.770628407 0.4686299705841037
2.771829373 0.46880214475216375
2.773030338 0.4689969085403025
2.774231304 0.46922606844964315
2.77543227 0.4694723185397323
2.7766332360000003 0.4697449371862235
2.777834202 0.470030359268502
2.779035168 0.4703820639539333
2.7802361340000004 0.4707057413715537
2.7814371 0.47104094927672874
2.782638066 0.4713828947334328
2.783839032 0.4717300657912463
2.785039998 0.47218407160429615
2.786240964 0.47255825440995325
2.78744193 0.47293816622194973
2.788642896 0.47331902646855656
2.789843862 0.47369495812388357
2.7910448270000003 0.4741777221466204
2.792245793 0.4745464848020052
2.793446759 0.47490686355987644
2.794647725 0.4752471486733772
2.795848691 0.475570177536699
2.797049657 0.47597836462545695
2.798250623 0.47625206160061617
2.799451589 0.4764989993966235
2.800652555 0.4767247146701129
2.801853521 0.476931114036809
2.803054487 0.47718899214316335
2.804255453 0.47733849740365863
2.805456419 0.47745869566500687
2.806657385 0.4775547496822882
2.807858351 0.4776247824433216
2.809059316 0.47769915529778545
2.810260282 0.4777050890944187
2.811461248 0.4776793659329958
2.812662214 0.4776294243813835
2.81386318 0.47755440217183087
2.815064146 0.47742089504566965
2.816265112 0.47728900120157475
2.817466078 0.4771422114894234
2.818667044 0.4769792708906524
2.81986801 0.4768082044807907
2.821068976 0.476527057720896
2.822269942 0.47641751769343754
2.823470908 0.476302033911118
2.8246718740000003 0.4761857709104433
2.825872839 0.4760689220929871
2.827073805 0.4758878159857098
2.828274771 0.47576758382363277
2.829475737 0.4756507693745231
2.830676703 0.47554573993357885
2.831877669 0.47545007504350356
2.833078635 0.4752672223561673
2.834279601 0.4751952024106484
2.8354805670000003 0.47514334403327957
2.836681533 0.4751109632119136
2.837882499 0.475099506857883
2.8390834650000003 0.47499393362012265
2.840284431 0.4750301665653829
2.841485397 0.4750919345776726
2.842686363 0.4751764357604891
2.843887328 0.47528661763547964
2.845088294 0.47530704586136685
2.84628926 0.4754667881120616
2.847490226 0.47565165481156346
2.848691192 0.4758597894471966
2.8498921580000003 0.4760861699589419
2.851093124 0.47625236935506926
2.85229409 0.4765282560074703
2.8534950560000003 0.47682595694798097
2.854696022 0.47714288255497345
2.855896988 0.47747559471430445
2.857097954 0.4777780071881791
2.85829892 0.4781444618247953
2.859499886 0.4785243879411063
2.860700852 0.4789126876189451
2.861901817 0.4793072397281948
2.863102783 0.4797069991367653
2.8643037490000003 0.4801188260389504
2.865504715 0.480534874140577
2.866705681 0.4809531204746813
2.867906647 0.4813683266322325
2.869107613 0.4818251451639467
2.870308579 0.4822432695126263
2.871509545 0.48265983833399995
2.872710511 0.48307076780377267
2.873911477 0.48347521342262084
2.875112443 0.4839394984547774
2.876313409 0.48433074925680897
2.877514375 0.48471412846076106
2.878715341 0.48508735711542317
2.879916306 0.4854459568738518
2.881117272 0.4858729242418309
2.882318238 0.4862085927734393
2.883519204 0.48653070312706165
2.88472017 0.4868397399185373
2.885921136 0.4871337775827871
2.887122102 0.48748260948893857
2.888323068 0.4877413664619625
2.889524034 0.4879863634898796
2.890725 0.4882143274436695
2.891925966 0.48842703250873243
2.893126932 0.4886612351597045
2.894327898 0.48883582595755104
2.895528864 0.4889920808401549
2.8967298300000004 0.489131202456241
2.897930795 0.48925277202404527
2.899131761 0.489346983752355
2.900332727 0.48942607921822623
2.901533693 0.4894869146015909
2.902734659 0.4895278002981131
2.903935625 0.48955129906595596
2.905136591 0.489483735821941
2.906337557 0.48946069951287485
2.9075385230000004 0.48941810701781807
2.908739489 0.48935618678506143
2.909940455 0.4892741954092296
2.911141421 0.4890372490125661
2.9123423870000003 0.4889080931439117
2.913543353 0.4887603397594149
2.914744319 0.48859313661514675
2.915945284 0.4884083853543727
2.91714625 0.488013615357165
2.918347216 0.4877903210436896
2.919548182 0.4875547407640738
2.920749148 0.4873068564026302
2.9219501140000004 0.4870483276311378
2.92315108 0.48654315788336916
2.924352046 0.48626059795665705
2.925553012 0.48597122546101396
2.9267539780000003 0.4856767284043518
2.927954944 0.485378045617507
2.92915591 0.48481866516486416
2.930356876 0.4845150986364549
2.931557842 0.4842106058808018
2.932758808 0.4839081396007301
2.933959773 0.4836108885650772
2.935160739 0.4830670067155573
2.936361705 0.482788878879346
2.937562671 0.48252187170535094
2.938763637 0.4822675362681551
2.939964603 0.4820267445799627
2.941165569 0.48161556104559816
2.942366535 0.48145493149706775
2.943567501 0.48131362939986205
2.944768467 0.48119242006957536
2.945969433 0.4810918474248922
2.947170399 0.48087467050260635
2.948371365 0.4808275958569196
2.949572331 0.48080286428264557
2.950773296 0.48080094451790406
2.951974262 0.48082232191401475
2.953175228 0.48079289994244917
2.954376194 0.4808697005213384
2.95557716 0.4809684607161574
2.956778126 0.48109011132261764
2.957979092 0.48123165339175794
2.959180058 0.4813934612688306
2.960381024 0.4815834147430817
2.96158199 0.4817892200127373
2.962782956 0.48201110853980617
2.963983922 0.4822478034376556
2.965184888 0.4825748829278977
2.9663858540000003 0.4828429404352334
2.96758682 0.48311857824152316
2.968787785 0.48340092551027897
2.969988751 0.48368732753493
2.971189717 0.4841274556716302
2.972390683 0.4844276745810606
2.973591649 0.48472512498061643
2.974792615 0.48502117899305314
2.975993581 0.4853138265715769
2.977194547 0.4858137072198162
2.978395513 0.4861032003824635
2.979596479 0.48638589715203334
2.9807974450000003 0.48665977127123156
2.981998411 0.48692558935189717
2.983199377 0.48743763752887254
2.984400343 0.48768960930242095
2.985601309 0.4879290383201987
2.986802274 0.4881594021160402
2.98800324 0.4886559513489277
2.989204206 0.4888685495344582
2.990405172 0.48907008551532977
2.9916061380000003 0.4892636426805658
2.992807104 0.48944778565009134
2.99400807 0.4899089821149322
2.9952090360000003 0.4900811647803148
2.996410002 0.49024881631324174
2.997610968 0.49041329643406933
2.998811934 0.4905800690104596
3.0000129 0.4907610307732705
3.001213866 0.49096800476606123
3.002414832 0.4911803338787366
3.003615798 0.4913989840425968
3.004816763 0.4916247524662952
3.0060177290000003 0.492099459267964
3.007218695 0.4923388191346711
3.008419661 0.4925879186051718
3.009620627 0.4928492220490545
3.010821593 0.4931215188668753
3.012022559 0.49359358298668327
3.013223525 0.49388096349211524
3.014424491 0.4941830610747537
3.015625457 0.49449512799828427
3.016826423 0.4948183846340433
3.018027389 0.49527587569477655
3.019228355 0.4956088837004067
3.020429321 0.495949877591368
3.021630287 0.4962989322390042
3.022831252 0.4966499860814996
3.024032218 0.49706529021636764
3.025233184 0.4974078831928221
3.02643415 0.4977492398368516
3.027635116 0.498085218014415
3.028836082 0.4984140264737637
3.030037048 0.498731989581347
3.031238014 0.4990267905638566
3.03243898 0.4993089919902247
3.033639946 0.4995741849487253
3.034840912 0.4998213349903271
3.036041878 0.4999948356392047
3.037242844 0.5001906627599207
3.0384438100000004 0.5003604580669023
3.0396447760000003 0.5005058753396792
3.040845741 0.500621851513551
3.042046707 0.5006231898754113
3.043247673 0.5006739406931527
3.044448639 0.5006969188864526
3.045649605 0.5006899053762341
3.046850571 0.5006547456638234
3.048051537 0.500486065799959
3.049252503 0.5003929533932729
3.0504534690000003 0.5002759703943739
3.051654435 0.5001355917236336
3.052855401 0.4999769019410704
3.0540563670000003 0.49969602506123706
3.055257333 0.4995084067864891
3.056458299 0.4993073720124233
3.057659264 0.49910062958980905
3.05886023 0.4988884131839072
3.060061196 0.4985926381841479
3.061262162 0.4983976947415306
3.062463128 0.49821338804247417
3.0636640940000004 0.49804178975707186
3.0648650600000003 0.4978873502632101
3.066066026 0.49770778684482037
3.067266992 0.4976050471058306
3.0684679580000003 0.497531912443691
3.069668924 0.49748849084818886
3.07086989 0.49748152555432446
3.072070856 0.49750399988583266
3.073271822 0.4975809111793438
3.074472788 0.4976962387785846
3.075673753 0.4978545422567051
3.076874719 0.498052751250108
3.078075685 0.4983347359041066
3.0792766510000003 0.49862430933106866
3.080477617 0.49895081417495996
3.081678583 0.49931102041936265
3.0828795490000003 0.49969807004216144
3.084080515 0.5001985579224147
3.085281481 0.5006345009576783
3.086482447 0.5010829143516752
3.087683413 0.5015284181561751
3.088884379 0.5019631993313547
3.090085345 0.502498838279907
3.091286311 0.502870476327359
3.092487277 0.503186128519677
3.0936882420000003 0.503425664495889
3.094889208 0.5035685364620084
3.096090174 0.5037552843897241
3.09729114 0.503638282194315
3.098492106 0.5033448253875302
3.099693072 0.5028536339440025
3.100894038 0.5021285167892601
3.102095004 0.5013225707587439
3.10329597 0.5000215455345198
3.104496936 0.4983811778376929
3.105697902 0.49635894079407955
3.106898868 0.49390761361884455
3.108099834 0.4911955898255485
3.1093008 0.48778362311335743
3.110501766 0.4838238981486087
3.111702731 0.47928291697910413
3.112903697 0.4741345931263474
3.114104663 0.4685307534842215
3.115305629 0.46205926724164764
3.116506595 0.45490539491805304
3.117707561 0.44705803014198936
3.118908527 0.4384992196185562
3.120109493 0.42941476474707335
3.121310459 0.41948233444781785
3.1225114250000003 0.4088919077414317
3.123712391 0.3976793217986372
3.124913357 0.38589618151257477
3.126114323 0.3737327020706443
3.127315289 0.3609650938763866
3.128516255 0.3478128353401742
3.12971722 0.3343560477288828
3.130918186 0.32067048363637035
3.132119152 0.30693223427678207
3.133320118 0.2930326731446155
3.134521084 0.2791570168731516
3.13572205 0.26537874762144426
3.1369230160000003 0.2517755169958878
3.138123982 0.23848312904648464
3.139324948 0.22542930129590472
3.140525914 0.21273528054803917
3.14172688 0.20045008871148925
3.142927846 0.18861346601271484
3.144128812 0.17728662522812533
3.145329778 0.16641670594691554
3.146530744 0.15606152056615447
3.1477317090000003 0.1462260924085915
3.148932675 0.1369130781902326
3.150133641 0.12813461347135383
3.151334607 0.11984593542832216
3.152535573 0.11205337731390966
3.153736539 0.10474380912392905
3.154937505 0.09789877485378917
3.156138471 0.09150662872487025
3.157339437 0.08552749493412375
3.158540403 0.07994957651185103
3.159741369 0.07475496658156539
3.160942335 0.06991883637264203
3.162143301 0.06542516991918171
3.163344267 0.06124068857912732
3.164545233 0.05735036100419016
3.165746198 0.05373745515119106
3.166947164 0.0503802896295501
3.16814813 0.04726503824011601
3.169349096 0.04436741585394585
3.170550062 0.04167641702629859
3.171751028 0.039175856936944746
3.172951994 0.036852753161092835
3.17415296 0.0346952213177993
3.175353926 0.03268664385245017
3.176554892 0.030820137580126826
3.177755858 0.029082894019236867
3.178956824 0.027466293965689368
3.18015779 0.02596031440611001
3.1813587560000003 0.024556206383097134
3.182559721 0.023247828793064043
3.183760687 0.022026167899520315
3.184961653 0.02088747133308611
3.186162619 0.019822854418671484
3.187363585 0.018827876515013782
3.188564551 0.01789715294149524
3.189765517 0.017025556488878577
3.190966483 0.01621053232946676
3.192167449 0.015445571248034239
3.193368415 0.01472888932721737
3.194569381 0.014054871107917767
3.1957703470000003 0.01342171550763357
3.196971313 0.012826372696152463
3.198172279 0.012264875966086641
3.1993732450000003 0.01173583914219748
3.20057421 0.011234106831369368
3.201775176 0.010760839821442264
3.202976142 0.010312857996165414
3.204177108 0.009888861905405312
3.2053780740000004 0.009487690668607648
3.2065790400000003 0.009105853152390424
3.207780006 0.00874412637442425
3.208980972 0.008399614220102
3.2101819380000003 0.008073085647720055
3.211382904 0.007761176059735952
3.21258387 0.007462209960871639
3.213784836 0.007177555818971698
3.214985802 0.006904195157025487
3.216186768 0.006643239471855697
3.217387734 0.006392104425614374
3.218588699 0.006150910620011694
3.219789665 0.00591968476395103
3.2209906310000003 0.00569687490182332
3.222191597 0.005483235774451856
3.223392563 0.005275716389996513
3.2245935290000003 0.005075654152531282
3.225794495 0.004882221666086678
3.226995461 0.00469532104975767
3.228196427 0.0045151198845476345
3.229397393 0.004339460154159301
3.230598359 0.004170297765722617
3.231799325 0.004005899547217133
3.233000291 0.0038467011587301125
3.234201257 0.003693220449512294
3.235402223 0.003543254546146638
3.236603188 0.003398201566333034
3.237804154 0.0032562401115928895
3.23900512 0.0031186190144346223
3.240206086 0.0029852471670036196
3.241407052 0.002855504861028119
3.242608018 0.002730292362361771
3.243808984 0.002607194432918758
3.24500995 0.002488481611158537
3.246210916 0.0023743988288667584
3.247411882 0.0022645828485900943
3.248612848 0.0021590296815463686
3.249813814 0.0020556941690271953
3.25101478 0.001956096839083889
3.252215746 0.0018601299709022985
3.2534167120000004 0.0017690449759912444
3.254617677 0.0016823330646534177
3.255818643 0.0015979552470874298
3.257019609 0.0015173304943748487
3.258220575 0.0014395591084123355
3.259421541 0.0013655953716488615
3.260622507 0.001295303870823423
3.261823473 0.0012275599214475216
3.263024439 0.0011628408263832074
3.2642254050000004 0.0010997076349900806
3.265426371 0.0010396796006851442
3.266627337 0.0009824607214646683
3.267828303 0.0009275912711650164
3.269029269 0.0008762671454490603
3.270230235 0.0008270008349759004
3.271431201 0.0007807099760229569
3.272632166 0.0007368667514445743
3.273833132 0.0006952734215931697
3.275034098 0.0006567626700341395
3.276235064 0.0006197492064958205
3.27743603 0.0005854950158147506
3.2786369960000004 0.000552927872096719
3.279837962 0.0005215912051645689
3.281038928 0.0004929055990967217
3.282239894 0.0004653102555086345
3.28344086 0.00044000534043978133
3.284641826 0.0004163039045034956
3.285842792 0.00039454058677440654
3.287043758 0.00037515808120331274
3.288244724 0.0003562871225871043
3.2894456890000003 0.0003394275683377415
3.290646655 0.0003232929885451299
3.291847621 0.00030799741363627233
3.2930485870000004 0.0002940063743081483
3.294249553 0.0002796787983047873
3.295450519 0.0002661381198044623
3.296651485 0.0002530684710541625
3.297852451 0.00024056544273353458
3.299053417 0.00022906494346564777
3.300254383 0.00021742901475113537
3.301455349 0.00020694955503563112
3.302656315 0.00019698507342169594
3.303857281 0.00018739835676385926
3.305058247 0.0001794025011062616
3.306259213 0.00017132634387325544
3.307460178 0.0001641197103444282
3.308661144 0.0001573522463542965
3.30986211 0.0001508839033509006
3.311063076 0.00014522691063310398
3.312264042 0.00013924623980497602
3.313465008 0.00013419319829816034
3.314665974 0.0001296559308594967
3.31586694 0.00012529764974387558
3.317067906 0.00012230125189890585
3.318268872 0.00011939970455177039
3.319469838 0.00011667782554175997
3.320670804 0.00011409192061918236
3.32187177 0.00011176736400915385
3.323072736 0.00011085226147895688
3.324273702 0.0001088899857706155
3.325474667 0.00010612271313285726
3.326675633 0.000103453047821152
3.327876599 0.00010059444434098319
3.329077565 9.843262399749613e-05
3.330278531 9.612586844808086e-05
3.331479497 9.322461152498041e-05
3.332680463 9.024235201645272e-05
3.333881429 8.733945982196936e-05
3.335082395 8.52345535419239e-05
3.336283361 8.283576197957841e-05
3.3374843270000003 8.032075359663935e-05
3.338685293 7.837451156256064e-05
3.339886259 7.632909184114895e-05
3.3410872250000003 7.504527961225414e-05
3.342288191 7.375685138587374e-05
3.343489156 7.154498478994191e-05
3.344690122 6.9817181575105e-05
3.345891088 6.829957460738194e-05
3.347092054 6.670815796012004e-05
3.3482930200000003 6.497467190092063e-05
3.349493986 6.297392707041236e-05
3.350694952 6.158810253324995e-05
3.3518959180000003 6.042125111773821e-05
3.353096884 5.958092297348303e-05
3.35429785 5.893578455948622e-05
3.355498816 5.780444323234101e-05
3.356699782 5.664880746372649e-05
3.357900748 5.543758588734233e-05
3.359101714 5.417427146032795e-05
3.36030268 5.315724941011613e-05
3.361503645 5.193591047063826e-05
3.3627046110000003 5.110573747076395e-05
3.363905577 5.058953697366855e-05
3.365106543 4.987114596248961e-05
3.3663075090000003 4.9714913497748445e-05
3.367508475 5.029181356006497e-05
3.368709441 5.081127286801914e-05
3.369910407 5.107219039677078e-05
3.371111373 5.050474379809051e-05
3.372312339 4.964706825906414e-05
3.373513305 4.90293702591917e-05
3.374714271 4.904739739386732e-05
3.375915237 4.926132692362604e-05
3.377116203 4.8840257710680615e-05
3.378317169 4.8341783002491854e-05
3.379518134 4.870134472180077e-05
3.3807191 4.982279253829706e-05
3.381920066 5.092127745211085e-05
3.383121032 5.1171832890346984e-05
3.384321998 5.072755059423537e-05
3.385522964 5.0413207319595946e-05
3.38672393 5.0394084938329454e-05
3.387924896 5.096549908343256e-05
3.389125862 5.149277806581581e-05
3.390326828 5.111461454348491e-05
3.391527794 5.036243745972623e-05
3.39272876 5.0531782580457124e-05
3.393929726 5.133919431778662e-05
3.3951306920000004 5.232121378780324e-05
3.3963316580000003 5.301073508228528e-05
3.397532623 5.352158124049507e-05
3.398733589 5.4184319499878006e-05
3.399934555 5.542991072290788e-05
3.401135521 5.7263166627302515e-05
3.402336487 5.859370615557365e-05
3.403537453 5.935652598872888e-05
3.404738419 6.0172421515670735e-05
3.405939385 6.152389569335739e-05
3.407140351 6.272854698586261e-05
3.408341317 6.374948329347191e-05
3.4095422830000004 6.533422678204478e-05
3.4107432490000003 6.73629466023492e-05
3.411944215 7.006541896711767e-05
3.413145181 7.309321818212711e-05
3.414346146 7.550717231280071e-05
3.415547112 7.717204764832108e-05
3.416748078 7.880625474084256e-05
3.417949044 8.036218934367717e-05
3.41915001 8.17430278738535e-05
3.4203509760000004 8.285334407352766e-05
3.421551942 8.354525077906954e-05
3.422752908 8.432795878186974e-05
3.423953874 8.563090497804826e-05
3.4251548400000003 8.76704802094317e-05
3.426355806 8.92508256127511e-05
3.427556772 9.00733590585363e-05
3.428757738 9.091104953453144e-05
3.429958704 9.174660309468766e-05
3.43115967 9.352251120095798e-05
3.432360635 9.584831900714575e-05
3.433561601 9.699620301821893e-05
3.4347625670000004 9.754259521500598e-05
3.435963533 9.871122582016385e-05
3.437164499 9.967021611906854e-05
3.438365465 0.00010047226036708172
3.4395664310000003 0.00010111136926265764
3.440767397 0.00010044795794510732
3.441968363 9.989982531388264e-05
3.443169329 0.00010019923895147492
3.444370295 0.0001006670517509785
3.445571261 0.00010115097459000025
3.446772227 0.00010167644901952232
3.447973193 0.00010295909189938257
3.449174159 0.00010450877352474925
3.450375124 0.00010526625480056886
3.45157609 0.00010569844454115491
3.452777056 0.00010523260032537983
3.453978022 0.00010434473722089542
3.455178988 0.0001043384059121477
3.456379954 0.00010414842712929182
3.45758092 0.00010332994161351914
3.458781886 0.00010274510514174094
3.459982852 0.00010206550536432819
3.461183818 0.00010162242934843006
3.462384784 0.00010205296373858231
3.46358575 0.00010231204000231783
3.464786716 0.00010274994205296228
3.465987682 0.000103242007169047
3.467188648 0.00010292610943248339
3.468389613 0.00010261450948486198
3.469590579 0.00010222770124803365
3.470791545 0.0001016268539283178
3.471992511 0.00010163838363674026
3.473193477 0.00010137056176510934
3.474394443 0.000100427886484608
3.475595409 9.934903614000618e-05
3.476796375 9.78739791734541e-05
3.477997341 9.688327893642257e-05
3.4791983070000003 9.657712356151861e-05
3.480399273 9.604641493499078e-05
3.481600239 9.563674642896005e-05
3.4828012050000003 9.510929943517929e-05
3.484002171 9.476890472618938e-05
3.485203137 9.537985573758043e-05
3.486404102 9.541281932692125e-05
3.487605068 9.473205033066848e-05
3.488806034 9.410217581740576e-05
3.490007 9.252555279638464e-05
3.491207966 9.115615084657527e-05
3.492408932 9.050367685613299e-05
3.4936098980000003 8.881919954771313e-05
3.494810864 8.736511774218567e-05
3.49601183 8.690636356627771e-05
3.497212796 8.619957854985081e-05
3.498413762 8.626152918945152e-05
3.499614728 8.634611244892848e-05
3.500815694 8.494315043320646e-05
3.50201666 8.414113961140716e-05
3.503217626 8.365135018835122e-05
3.5044185910000003 8.238101065705679e-05
3.505619557 8.185782055051451e-05
3.506820523 8.122692931147146e-05
3.5080214890000003 8.064115744859637e-05
3.5092224550000006 0.0
3.510423421000001 0.0
