Microns Throughput
2.6470623870000005 0.0
2.6484136190000003 0.0
2.649764851 5.505448680871277e-06
2.651116083 4.759243621775448e-06
2.652467314 7.765339624235235e-06
2.653818546 4.279041308435695e-06
2.655169777 2.73196497920921e-06
2.6565210080000004 4.811664281542234e-06
2.65787224 7.483354154061843e-06
2.659223471 8.131546111312519e-06
2.6605747030000004 8.009018211060005e-06
2.661925934 1.2705886111116721e-05
2.663277166 1.2587446937743642e-05
2.664628397 1.2341319388571411e-05
2.665979629 1.1970184278292786e-05
2.66733086 1.0951227288401957e-05
2.668682091 1.446360273157819e-05
2.670033323 1.8365316792591347e-05
2.6713845540000003 2.128581742006877e-05
2.672735786 2.1361071678130104e-05
2.674087017 2.0598125579441335e-05
2.675438249 2.5112685171292146e-05
2.67678948 3.352407567789915e-05
2.678140711 3.355559727671522e-05
2.679491943 3.564423043167896e-05
2.680843174 3.6700368543327764e-05
2.6821944060000003 4.0962120191925665e-05
2.6835456370000004 4.480799046410068e-05
2.684896869 4.719415753164783e-05
2.6862481 5.160391940233159e-05
2.687599332 6.035437537238985e-05
2.688950563 6.121488765954847e-05
2.690301794 6.173684737698177e-05
2.691653026 6.763955957567781e-05
2.693004257 7.442994359786474e-05
2.694355489 7.46414814173282e-05
2.69570672 7.699286311203666e-05
2.697057952 8.483806609272393e-05
2.6984091830000003 9.016000899194723e-05
2.699760414 9.684093110584183e-05
2.701111646 9.676090966489888e-05
2.702462877 9.965133737641599e-05
2.703814109 0.00010847816320773601
2.70516534 0.00010837025227448
2.706516572 0.00011879931185417401
2.707867803 0.0001249938167702
2.7092190350000003 0.00012886905925193999
2.7105702660000004 0.000135697127962998
2.711921497 0.00014705589921911
2.713272729 0.000153810893051816
2.71462396 0.00015803276325698402
2.715975192 0.000168980766231158
2.717326423 0.000178659746196974
2.718677655 0.00019118745680974799
2.720028886 0.00020075925932615
2.7213801170000003 0.000213224611407024
2.722731349 0.00022730310336599598
2.72408258 0.00024438251056265196
2.7254338120000003 0.000261393717310012
2.726785043 0.000270496905344176
2.728136275 0.000292407686954992
2.729487506 0.000317749831932694
2.730838738 0.00034233676759882597
2.732189969 0.000364929984531182
2.7335412000000003 0.00039313142533935197
2.734892432 0.000427161334196002
2.736243663 0.000467118486718408
2.737594895 0.0005052523815005519
2.738946126 0.00054977033585936
2.740297358 0.0005987304798001239
2.741648589 0.0006604574051131699
2.742999821 0.0007217319191681339
2.744351052 0.00079181813340259
2.745702283 0.0008712384856860019
2.747053515 0.000959965382762638
2.7484047460000003 0.001058940331057364
2.749755978 0.0011653397288750702
2.751107209 0.001285048644619446
2.7524584410000004 0.0014131929983451838
2.753809672 0.001556026869303256
2.755160903 0.001719958544867584
2.756512135 0.00189801442904073
2.757863366 0.002087766538011616
2.759214598 0.0022956998073527138
2.760565829 0.002530581202642164
2.761917061 0.0027864830625261563
2.763268292 0.003056030927442822
2.764619524 0.0033564450501162
2.765970755 0.003684940697286702
2.767321986 0.004041282657926976
2.768673218 0.00441788549841835
2.770024449 0.004827758056404598
2.771375681 0.0052672468651897356
2.772726912 0.00573376994022175
2.774078144 0.00623540559023312
2.7754293750000003 0.006771753862653794
2.776780606 0.007354896752793716
2.778131838 0.007976679245897936
2.779483069 0.008639157329662481
2.780834301 0.009356015284859192
2.782185532 0.010129958587595363
2.783536764 0.010962198096465404
2.784887995 0.011860494548361172
2.786239227 0.01284737850355232
2.787590458 0.013915603652198051
2.788941689 0.015077026944407414
2.7902929210000003 0.016354185356802987
2.791644152 0.017760067006098272
2.792995384 0.019308433073308092
2.794346615 0.021019441777525072
2.795697847 0.022912180400143426
2.797049078 0.02503240528574961
2.7984003090000003 0.027379961145512638
2.799751541 0.02999976389079345
2.801102772 0.03293397877857501
2.8024540040000003 0.036222065135944885
2.803805235 0.03989843623187852
2.805156467 0.044016506963405345
2.806507698 0.04864050971125765
2.80785893 0.05382748427458879
2.809210161 0.0596573916480787
2.810561392 0.06617848851531487
2.811912624 0.07347152465681457
2.813263855 0.08160702849372126
2.814615087 0.09067006418618191
2.815966318 0.1006960285214508
2.8173175500000003 0.1117287257340992
2.818668781 0.12384203829172039
2.820020013 0.13699708814038528
2.821371244 0.1511761254043326
2.822722475 0.1663554270866647
2.824073707 0.18239437731081515
2.8254249380000003 0.19916919828710533
2.82677617 0.21644557668020592
2.828127401 0.23395957235580836
2.8294786330000004 0.25155536741656803
2.830829864 0.2689672122718309
2.832181095 0.2858132449096009
2.833532327 0.30200698968562356
2.834883558 0.3173511649318012
2.83623479 0.3316456927793561
2.837586021 0.3448411440776194
2.838937253 0.356902378612694
2.840288484 0.36775513023241396
2.841639716 0.3776401419277411
2.842990947 0.3864414047849994
2.844342178 0.3942260140468024
2.84569341 0.4012920441340452
2.847044641 0.4075124619989599
2.848395873 0.4130804217098947
2.849747104 0.41807926393950257
2.851098336 0.4224562650371554
2.8524495670000003 0.4264622378977431
2.8538007980000004 0.430076477343488
2.85515203 0.43324983576934417
2.856503261 0.43613929312223787
2.857854493 0.4386950575358647
2.859205724 0.4409655986187949
2.860556956 0.443035084468376
2.861908187 0.4448593718601015
2.863259419 0.4464845992366724
2.86461065 0.44790606900464847
2.865961881 0.4491622629411189
2.867313113 0.4502843602250531
2.868664344 0.4512327338105091
2.870015576 0.4521226020395815
2.871366807 0.45285602923194784
2.872718039 0.45349788430855165
2.87406927 0.45410915801093193
2.875420501 0.4545748031643158
2.876771733 0.455015540890871
2.878122964 0.45547234982253665
2.8794741960000003 0.455841955610989
2.8808254270000004 0.45617597747133515
2.882176659 0.45656633228495114
2.88352789 0.45685480083656327
2.884879122 0.4571171856466534
2.886230353 0.45746460538967454
2.887581584 0.457731323627631
2.888932816 0.4579780855200733
2.890284047 0.45826414141397953
2.891635279 0.45846746800737537
2.89298651 0.4586588604093701
2.8943377420000003 0.4588647692146077
2.895688973 0.45903103348238605
2.897040205 0.45917173167427006
2.898391436 0.45927234054838645
2.899742667 0.4593590909823097
2.901093899 0.45937682717230344
2.9024451300000003 0.4593763869878983
2.903796362 0.4593438314463125
2.905147593 0.4592462963594
2.9064988250000003 0.4591816612366465
2.907850056 0.45908242132782706
2.909201287 0.45886131193039326
2.910552519 0.458715773459326
2.91190375 0.45857563732130685
2.913254982 0.45828379400067754
2.914606213 0.4581501518201735
2.915957445 0.45800418094039913
2.917308676 0.457671209568629
2.918659908 0.45753303761640224
2.920011139 0.45720476112009745
2.92136237 0.4571188084380966
2.922713602 0.4570528612522221
2.924064833 0.45678039460337483
2.925416065 0.4567380158920971
2.926767296 0.45672029162692174
2.928118528 0.4564996968484737
2.9294697590000003 0.4565354993725755
2.93082099 0.4566062331929709
2.932172222 0.456439981240715
2.933523453 0.45654114870990314
2.934874685 0.45664695380461745
2.936225916 0.456512716675467
2.937577148 0.456634132801163
2.938928379 0.45675720711891543
2.940279611 0.4566747138341369
2.941630842 0.4568402526305114
2.942982073 0.4569979485986076
2.944333305 0.45698321478875836
2.9456845360000004 0.45712362092178
2.947035768 0.45712139649668493
2.948386999 0.45723837322492183
2.949738231 0.45733613491420017
2.951089462 0.45732563355314004
2.952440694 0.4574187328717561
2.953791925 0.4574830536640858
2.955143156 0.45750614022557967
2.956494388 0.4575696866013249
2.957845619 0.45763298642665745
2.959196851 0.45770490491006643
2.960548082 0.45777963368891006
2.961899314 0.4578652906165498
2.963250545 0.45800310537785854
2.964601776 0.45813005718365496
2.965953008 0.45827863230005156
2.967304239 0.45855919281783525
2.968655471 0.4587579010870271
2.970006702 0.45910930173423414
2.9713579340000003 0.45936568828978336
2.9727091650000004 0.45967113075215865
2.974060397 0.4601906893393902
2.975411628 0.46056620963286093
2.976762859 0.4609888676361961
2.978114091 0.46164590838548486
2.979465322 0.4621363477701335
2.980816554 0.46264721609522136
2.982167785 0.4634189509749248
2.983519017 0.46398337366882025
2.984870248 0.4645742187842189
2.986221479 0.46543436495145923
2.987572711 0.4660495181740205
2.988923942 0.4666808060519382
2.990275174 0.4675617836431151
2.991626405 0.46818045641687167
2.992977637 0.46879459575061155
2.994328868 0.46969029015834585
2.9956801 0.4702874661289185
2.997031331 0.4711304862308017
2.998382562 0.4716886535776902
2.9997337940000004 0.47221882709012664
3.001085025 0.47277370383726436
3.002436257 0.4733001919385766
3.003787488 0.47380924478397424
3.00513872 0.47451705203880884
3.006489951 0.47495726714008146
3.007841182 0.47536124612241965
3.009192414 0.4759725930909915
3.0105436450000003 0.4763329400908587
3.011894877 0.47667958966745927
3.013246108 0.4771780310116449
3.01459734 0.4774668883482819
3.015948571 0.4777295477073237
3.017299803 0.47812673644659953
3.018651034 0.4783657910536566
3.020002265 0.47869209246722993
3.021353497 0.47890387403666795
3.0227047280000003 0.4791031712460824
3.02405596 0.47935647233327683
3.025407191 0.47952141209419336
3.0267584230000004 0.4796845079963392
3.028109654 0.4798514852036969
3.029460886 0.47999603670495755
3.030812117 0.48013516951538965
3.032163348 0.48024978211796604
3.03351458 0.4803444082275171
3.034865811 0.48043925458401276
3.036217043 0.48046390072356926
3.0375682740000003 0.48051928160689755
3.038919506 0.48056137551790185
3.040270737 0.48051462979307175
3.041621968 0.48052267542722527
3.0429732 0.48050781376871365
3.044324431 0.48038656807543867
3.045675663 0.4803334824349162
3.047026894 0.4801728931826788
3.048378126 0.4800919509586708
3.0497293570000004 0.4800044607138634
3.051080589 0.47980994114943537
3.05243182 0.4797197364498571
3.053783051 0.4796046772003656
3.055134283 0.4794083266018575
3.056485514 0.4793252402735591
3.057836746 0.47925514562437127
3.059187977 0.4791102679080569
3.060539209 0.4790801370277879
3.06189044 0.47907654353318335
3.063241671 0.47904170509819727
3.0645929030000003 0.4790982004751776
3.065944134 0.47919557475059105
3.067295366 0.47929947317601634
3.068646597 0.479486981970616
3.069997829 0.47970510259078886
3.07134906 0.47994658853556077
3.072700292 0.48023591317687525
3.074051523 0.48057295298018343
3.075402754 0.4809460087083445
3.0767539860000004 0.48133502502881026
3.078105217 0.48178350338915477
3.079456449 0.4822164174059822
3.08080768 0.48265737514170154
3.082158912 0.4831664047890821
3.083510143 0.4836022690868123
3.084861374 0.48400358693359513
3.086212606 0.4844907431123277
3.0875638370000003 0.4848554604828766
3.088915069 0.48518413816500805
3.0902663 0.4855698720087747
3.0916175320000003 0.4858051393921416
3.092968763 0.485963428773399
3.094319995 0.4862208867690379
3.095671226 0.4862591413180921
3.097022457 0.48641231883900343
3.098373689 0.4863399210168576
3.0997249200000003 0.48623110873618325
3.101076152 0.4862454124169841
3.102427383 0.4860578457137608
3.103778615 0.4858506405195968
3.105129846 0.4858250310152166
3.106481078 0.48560788623183637
3.107832309 0.48542501416840445
3.10918354 0.4854657987504736
3.110534772 0.48537801394983404
3.111886003 0.4853410301309137
3.113237235 0.4855959263463357
3.1145884660000003 0.4857305060671531
3.115939698 0.48595547917352516
3.117290929 0.4864646165564916
3.11864216 0.4868543362777196
3.119993392 0.487300258705778
3.121344623 0.48798927680013615
3.122695855 0.4884906736411843
3.124047086 0.48914034598771233
3.125398318 0.48948514657111564
3.126749549 0.4896626702098955
3.128100781 0.4897311021728669
3.129452012 0.4892431433898407
3.130803243 0.48828923731602847
3.132154475 0.48679288251545805
3.133505706 0.48441887155421237
3.134856938 0.4810561172294911
3.136208169 0.47679125212210005
3.137559401 0.4711837909649314
3.138910632 0.464189516109927
3.140261863 0.45600678170057385
3.1416130950000003 0.4460347038170202
3.142964326 0.43472124670324414
3.144315558 0.42192212402115503
3.145666789 0.4076739130119451
3.147018021 0.392277226350312
3.148369252 0.3755826794458575
3.149720484 0.35813001489674523
3.151071715 0.33990900379757416
3.152422946 0.3212716546711402
3.153774178 0.302464605600984
3.155125409 0.28370868029961804
3.156476641 0.2652650978453823
3.157827872 0.24718911624347062
3.159179104 0.22980907436966283
3.160530335 0.21315579034758522
3.161881566 0.19735452120935515
3.163232798 0.18249421579580902
3.164584029 0.16854491627856422
3.165935261 0.15556569593105546
3.167286492 0.14354154512202577
3.1686377240000003 0.13243086801197118
3.169988955 0.12220015583970859
3.171340187 0.11282080396783306
3.172691418 0.10421621028530895
3.174042649 0.09634706556978546
3.175393881 0.08915707997302466
3.176745112 0.0825847306222936
3.178096344 0.07659720018971604
3.179447575 0.07113188894676636
3.180798807 0.06614116019024678
3.182150038 0.0615886164404788
3.1835012700000003 0.05742106385414063
3.184852501 0.05362238716455657
3.186203732 0.05014473776283275
3.187554964 0.04695512085981119
3.188906195 0.04403837371973949
3.190257427 0.04135923074628103
3.1916086580000003 0.03889601300078442
3.19295989 0.03663114756216139
3.194311121 0.03454305736739017
3.195662352 0.03262160382097197
3.197013584 0.030847987914412088
3.198364815 0.02920143079936482
3.199716047 0.027676726528932518
3.201067278 0.026263120577913815
3.20241851 0.024949944555717675
3.203769741 0.02372774834204299
3.205120973 0.022585735537164912
3.206472204 0.02151774323211898
3.207823435 0.020517372531392044
3.209174667 0.019575553099580294
3.210525898 0.0186941081502308
3.21187713 0.017867380724029228
3.213228361 0.017083764966056403
3.214579593 0.016341576529215182
3.215930824 0.015635553848921624
3.217282055 0.014964870568714695
3.2186332870000003 0.014333693102136311
3.2199845180000004 0.013735890221405435
3.22133575 0.013164872600588826
3.222686981 0.012615560353999456
3.224038213 0.012084603105750616
3.225389444 0.011570149492748587
3.226740676 0.011072483865490404
3.228091907 0.010590765813788776
3.229443138 0.010129993389417103
3.23079437 0.009687480675322324
3.232145601 0.00926483665199225
3.233496833 0.008863167837365142
3.234848064 0.008473480580883626
3.236199296 0.008094717414763098
3.237550527 0.007720568396413725
3.238901759 0.007351364844178082
3.24025299 0.006994502417742532
3.241604221 0.00665172720990743
3.242955453 0.006320550059644338
3.244306684 0.005998749387804432
3.2456579160000003 0.005686456309633763
3.2470091470000004 0.0053845414649563595
3.248360379 0.005093623413176703
3.24971161 0.00481298179667599
3.251062841 0.004542536087023871
3.252414073 0.004282805034390582
3.253765304 0.004035556397010754
3.255116536 0.0038003357865373597
3.256467767 0.00356929198599967
3.257818999 0.003344648962876578
3.25917023 0.00313443417648151
3.2605214620000003 0.002936131645381914
3.261872693 0.002751338281108158
3.263223924 0.0025755952738717738
3.264575156 0.002402471184790992
3.265926387 0.002235846329764334
3.267277619 0.0020794203812568063
3.2686288500000003 0.001932406358695036
3.269980082 0.001794749299000308
3.271331313 0.0016682281464781938
3.272682544 0.001553106618081172
3.274033776 0.001443367037819714
3.275385007 0.0013390505870750679
3.276736239 0.001243486882412166
3.27808747 0.001156615263073158
3.279438702 0.0010730869428668061
3.280789933 0.000994734766193252
3.282141165 0.0009252306857159379
3.283492396 0.000856205745356864
3.2848436270000003 0.000793071721838326
3.286194859 0.000736052164568994
3.28754609 0.000680930618202086
3.288897322 0.00063118175570548
3.290248553 0.000587377496399022
3.291599785 0.0005482891404568619
3.292951016 0.000510261695140736
3.294302247 0.000473526503439458
3.2956534790000003 0.000438745814106838
3.29700471 0.00040354667871256197
3.298355942 0.000372873923766988
3.299707173 0.000351455726143046
3.301058405 0.00032974532738907196
3.302409636 0.00030838761213064
3.303760868 0.000288262474152436
3.305112099 0.00026487790169288
3.30646333 0.000245305379779306
3.307814562 0.000231315380921968
3.309165793 0.00021771266244646802
3.310517025 0.000202639043999238
3.3118682560000003 0.000189822100869688
3.313219488 0.000180705748782174
3.314570719 0.00017290226828166599
3.315921951 0.00016256342192538
3.317273182 0.00014887699950887398
3.318624413 0.000136722593722456
3.319975645 0.000129087152643988
3.321326876 0.000125410512090276
3.322678108 0.00011760481079452
3.324029339 0.00011233416122181399
3.325380571 0.000106344512157716
3.326731802 9.8515407493426e-05
3.328083033 9.797025968630305e-05
3.329434265 9.600905098498038e-05
3.330785496 9.06001864164317e-05
3.332136728 8.451631461725613e-05
3.333487959 7.901889802200083e-05
3.334839191 7.571752806682732e-05
3.336190422 7.526080068087621e-05
3.337541654 7.196726668672005e-05
3.3388928850000004 6.57841863298529e-05
3.340244116 6.184777169256492e-05
3.341595348 5.857386783778397e-05
3.342946579 5.7598324041166275e-05
3.344297811 5.692567217856534e-05
3.345649042 5.8934525504362385e-05
3.347000274 6.413929529893788e-05
3.348351505 6.574953446707251e-05
3.349702736 6.614051851858847e-05
3.351053968 0.0
3.3524052 0.0
