Microns Throughput
1.6854000244140628 0.0
1.686400024414063 0.0
1.6874000244140626 6.92882175357237e-05
1.6884000244140625 7.580098278709693e-05
1.6894000244140626 8.366396512282635e-05
1.6904000244140625 8.888770967280067e-05
1.6914000244140626 9.737531551428777e-05
1.6924000244140625 0.00010608451173734814
1.6934000244140626 0.00011585110706041437
1.6944000244140625 0.00012649537004617557
1.6954000244140626 0.00013811454155326724
1.6964000244140625 0.00015140353444172442
1.6974000244140626 0.00016794974290278744
1.6984000244140625 0.00018314426894109253
1.6994000244140626 0.0002060081811104016
1.7004000244140625 0.00022934677439500432
1.7014000244140626 0.0002539252800701505
1.7024000244140625 0.0002878885696538055
1.7034000244140626 0.00032153385821901597
1.7044000244140625 0.00036078103579969997
1.7054000244140626 0.00040757997365949096
1.7064000244140625 0.0004613779836384057
1.7074000244140626 0.0005216166919526561
1.7084000244140625 0.0005883205015483734
1.7094000244140626 0.0006673679220764438
1.7104000244140625 0.0007580221631802357
1.7114000244140626 0.0008553201688523256
1.7124000244140625 0.0009737338986672918
1.7134000244140626 0.0011074472721693679
1.7144000244140625 0.0012498732451274423
1.7154000244140626 0.0014145633054412606
1.7164000244140625 0.0016123194122546587
1.7174000244140626 0.0018202876309274822
1.7184000244140625 0.002075876190035127
1.7194000244140626 0.0023803943710818945
1.7204000244140625 0.002699375905836684
1.7214000244140626 0.0030717753768503176
1.7224000244140625 0.0035103221218328604
1.7234000244140626 0.004004392531498229
1.7244000244140625 0.004593761086013719
1.7254000244140626 0.005307557307368592
1.7264000244140625 0.006116767185504608
1.7274000244140626 0.007053078095905677
1.7284000244140625 0.008151887193943679
1.7294000244140626 0.009534168807171858
1.7304000244140625 0.011078466148901024
1.7314000244140626 0.013031798583945245
1.7324000244140625 0.015386328080385717
1.7334000244140626 0.01795910523864609
1.7344000244140625 0.02108951493865765
1.7354000244140626 0.024790843140818117
1.7364000244140625 0.02891175359920376
1.7374000244140626 0.033398895662953273
1.7384000244140625 0.038570133162867656
1.7394000244140626 0.043642041009004304
1.7404000244140625 0.04905303201739518
1.7414000244140626 0.05474063512910314
1.7424000244140625 0.06037587178954172
1.7434000244140626 0.06643028785473663
1.7444000244140625 0.07359171512907031
1.7454000244140624 0.08174113212829033
1.7464000244140625 0.09091683028484629
1.7474000244140624 0.10161447328740937
1.7484000244140625 0.11409091852986482
1.7494000244140624 0.12794333884453535
1.7504000244140625 0.1446720425924318
1.7514000244140624 0.1632596611958245
1.7524000244140625 0.18224006148840619
1.7534000244140624 0.20381872660979752
1.7544000244140625 0.2255981436135326
1.7554000244140624 0.2477617828232758
1.7564000244140625 0.27064060925924105
1.7574000244140624 0.2934180280291181
1.7584000244140623 0.31343799292991165
1.7594000244140624 0.33274568962676876
1.7604000244140623 0.35060539826009424
1.7614000244140624 0.3664094425184022
1.7624000244140623 0.380783052421399
1.7634000244140624 0.3953405778828415
1.7644000244140623 0.40728947019116374
1.7654000244140624 0.41902345144919906
1.7664000244140623 0.4295870394934335
1.7674000244140624 0.43963746110766594
1.7684000244140623 0.45019938351412375
1.7694000244140624 0.4597366328060943
1.7704000244140623 0.4686267759150745
1.7714000244140624 0.47568036507126704
1.7724000244140623 0.48168575020657245
1.7734000244140624 0.4874872438333812
1.7744000244140623 0.4919940444563562
1.7754000244140624 0.4965679034390264
1.7764000244140623 0.4978904796691301
1.7774000244140624 0.5008644695119034
1.7784000244140623 0.5012251765796274
1.7794000244140624 0.5030752242108779
1.7804000244140623 0.5042739924904428
1.7814000244140624 0.5042110586877528
1.7824000244140623 0.505663939783295
1.7834000244140624 0.5050833875786334
1.7844000244140623 0.5052935127010243
1.7854000244140624 0.5062089935640527
1.7864000244140623 0.5067670953171998
1.7874000244140624 0.5074927031462951
1.7884000244140623 0.508578155312826
1.7894000244140624 0.5089564101794047
1.7904000244140623 0.5090211346079483
1.7914000244140624 0.5099197951735069
1.7924000244140623 0.509998418362938
1.7934000244140624 0.5101478432077785
1.7944000244140623 0.5110412909273194
1.7954000244140624 0.5093390610755976
1.7964000244140623 0.5090760782654575
1.7974000244140624 0.507634140541029
1.7984000244140623 0.5061636010594747
1.7994000244140624 0.505570865900924
1.8004000244140623 0.5039173573729825
1.8014000244140624 0.5028001948702029
1.8024000244140623 0.5005416526713102
1.8034000244140624 0.49854466226844396
1.8044000244140623 0.497060225668218
1.8054000244140624 0.49473941331997506
1.8064000244140623 0.49349648808508106
1.8074000244140624 0.49264770729980956
1.8084000244140623 0.49149141940920393
1.8094000244140624 0.49112133988892187
1.8104000244140623 0.49130673521618734
1.8114000244140624 0.48973411211125
1.8124000244140623 0.49019232319978884
1.8134000244140625 0.4899372273010922
1.8144000244140623 0.4906546581107345
1.8154000244140625 0.49223288768897544
1.8164000244140623 0.49173597605694525
1.8174000244140625 0.492469214382471
1.8184000244140623 0.49420813721203033
1.8194000244140625 0.49572669620944937
1.8204000244140623 0.49628373692782823
1.8214000244140625 0.4981094669275192
1.8224000244140623 0.4994592558935695
1.8234000244140625 0.49964933926770516
1.8244000244140623 0.5032328881156322
1.8254000244140625 0.5043357798145993
1.8264000244140624 0.5051602712046118
1.8274000244140625 0.5060144967865102
1.8284000244140624 0.5068318831470878
1.8294000244140625 0.5076931475049511
1.8304000244140624 0.5100125134362976
1.8314000244140625 0.5096162564080502
1.8324000244140624 0.5113776162019563
1.8334000244140625 0.5123643491191165
1.8344000244140624 0.5126551327851927
1.8354000244140625 0.5130741194298978
1.8364000244140624 0.5149419334257623
1.8374000244140625 0.5144268254324408
1.8384000244140624 0.5147845742061151
1.8394000244140625 0.5150034273927514
1.8404000244140624 0.5153175423467684
1.8414000244140625 0.5147486255124614
1.8424000244140624 0.5157890560349615
1.8434000244140625 0.51539714595609
1.8444000244140624 0.515020692464788
1.8454000244140625 0.5156457824451517
1.8464000244140624 0.5147091890068051
1.8474000244140625 0.5136355290332513
1.8484000244140624 0.5144227719165817
1.8494000244140625 0.5132170819134602
1.8504000244140624 0.5116544603806583
1.8514000244140625 0.5111364936561847
1.8524000244140624 0.510935779514352
1.8534000244140625 0.5102540157402777
1.8544000244140624 0.5081306552510938
1.8554000244140625 0.5082516145200199
1.8564000244140624 0.5070157352667418
1.8574000244140625 0.5073245515295174
1.8584000244140624 0.506202539629186
1.8594000244140625 0.5060088330030704
1.8604000244140624 0.5055471099223667
1.8614000244140625 0.504973834257672
1.8624000244140624 0.5043893773419942
1.8634000244140625 0.5047514029096318
1.8644000244140624 0.5031706280862965
1.8654000244140625 0.5040885835138835
1.8664000244140624 0.5046072803086844
1.8674000244140625 0.5041693595781336
1.8684000244140624 0.5041066331846445
1.8694000244140625 0.5042358494597071
1.8704000244140624 0.5048049116909229
1.8714000244140625 0.5048597188458651
1.8724000244140624 0.505507474959794
1.8734000244140625 0.5060434942484863
1.8744000244140624 0.5068597495421447
1.8754000244140625 0.5071534644377935
1.8764000244140624 0.50864904353919
1.8774000244140625 0.5092753198094461
1.8784000244140624 0.5095942324138766
1.8794000244140625 0.5098428799873066
1.8804000244140624 0.5112027150584327
1.8814000244140625 0.5114121096909028
1.8824000244140624 0.5124786447430035
1.8834000244140623 0.5125318635497189
1.8844000244140624 0.5142386977052494
1.8854000244140623 0.5150207237459957
1.8864000244140624 0.5157870117709464
1.8874000244140623 0.5162172491762912
1.8884000244140624 0.5156502547621185
1.8894000244140623 0.5173687540861094
1.8904000244140624 0.5176853546954446
1.8914000244140623 0.5181744787634298
1.8924000244140624 0.5179864301625955
1.8934000244140623 0.5180324953808959
1.8944000244140624 0.5188503530994489
1.8954000244140623 0.5195201710971821
1.8964000244140624 0.5199148881696122
1.8974000244140623 0.5200943608277189
1.8984000244140624 0.5203984722351311
1.8994000244140623 0.520471070947253
1.9004000244140624 0.520690492049442
1.9014000244140623 0.5202237782190149
1.9024000244140624 0.5221990895097727
1.9034000244140623 0.5214314306041957
1.9044000244140624 0.5215518404119814
1.9054000244140623 0.522327282347132
1.9064000244140624 0.5227744070193593
1.9074000244140623 0.5223106896027669
1.9084000244140624 0.5223366685070567
1.9094000244140623 0.5231517556820425
1.9104000244140624 0.5242807170249583
1.9114000244140623 0.5244751974581857
1.9124000244140624 0.5240545049165524
1.9134000244140623 0.52404764841571
1.9144000244140624 0.5258439184643251
1.9154000244140623 0.5247294981400852
1.9164000244140624 0.5246466703698415
1.9174000244140623 0.5246286132041221
1.9184000244140624 0.5246586592148185
1.9194000244140623 0.5246673989033754
1.9204000244140624 0.5244878733410925
1.9214000244140623 0.5237386929958827
1.9224000244140624 0.5253053142007101
1.9234000244140623 0.5238925211534288
1.9244000244140624 0.5236177978760506
1.9254000244140623 0.5235873897041257
1.9264000244140624 0.522762017801811
1.9274000244140623 0.5220754418197493
1.9284000244140624 0.5203549979606478
1.9294000244140623 0.5207323372690393
1.9304000244140624 0.5205625991134049
1.9314000244140623 0.519508766197346
1.9324000244140624 0.5187986865390387
1.9334000244140623 0.5183251756752887
1.9344000244140624 0.5164373325725324
1.9354000244140623 0.516706234158328
1.9364000244140624 0.5155644150518559
1.9374000244140623 0.5152477299287466
1.9384000244140625 0.5147533648213599
1.9394000244140623 0.51446316680407
1.9404000244140625 0.5141767823980831
1.9414000244140623 0.514173755866461
1.9424000244140625 0.5144434515228158
1.9434000244140623 0.5152226810831998
1.9444000244140625 0.5154437430324245
1.9454000244140623 0.5151946919589465
1.9464000244140625 0.5154827967032313
1.9474000244140623 0.5155275909541213
1.9484000244140625 0.5163812456369137
1.9494000244140623 0.5168032056054587
1.9504000244140625 0.5177773624167654
1.9514000244140624 0.5180270428359195
1.9524000244140625 0.5176244501401347
1.9534000244140624 0.518990552462567
1.9544000244140625 0.519226105881696
1.9554000244140624 0.5194192335737461
1.9564000244140625 0.5202866496704852
1.9574000244140624 0.5207457125171296
1.9584000244140625 0.5207498818979199
1.9594000244140624 0.5204383056881337
1.9604000244140625 0.521502217810812
1.9614000244140624 0.5219017894179039
1.9624000244140625 0.5208131668972705
1.9634000244140624 0.5209451819062635
1.9644000244140625 0.5215429332908184
1.9654000244140624 0.5214840261250286
1.9664000244140625 0.5213507067852787
1.9674000244140624 0.5214085585110009
1.9684000244140625 0.5209316065148545
1.9694000244140624 0.5206327942160559
1.9704000244140625 0.5190914800735239
1.9714000244140624 0.5211104390134782
1.9724000244140625 0.5208887239991185
1.9734000244140624 0.519188049343999
1.9744000244140625 0.519773994844496
1.9754000244140624 0.5194277307025258
1.9764000244140625 0.5188676491429898
1.9774000244140624 0.5188973024129286
1.9784000244140625 0.5189408596067978
1.9794000244140624 0.5185428113134332
1.9804000244140625 0.5187808365247821
1.9814000244140624 0.5176961096700645
1.9824000244140625 0.5178936124122081
1.9834000244140624 0.5188217453418472
1.9844000244140625 0.5190438686461168
1.9854000244140624 0.5180059486128098
1.9864000244140625 0.5190729704122119
1.9874000244140624 0.5192263357291514
1.9884000244140625 0.5196925685049681
1.9894000244140624 0.519163269949628
1.9904000244140625 0.5200850811640552
1.9914000244140624 0.5191467867489968
1.9924000244140625 0.5185263610767202
1.9934000244140624 0.5195495639495621
1.9944000244140625 0.5183858408302237
1.9954000244140624 0.5177056409515168
1.9964000244140625 0.5151528409029917
1.9974000244140624 0.5140025347210658
1.9984000244140625 0.5151432963353721
1.9994000244140624 0.5171352353958935
2.0004000244140623 0.5195436121687093
2.0014000244140626 0.5191746961904705
2.0024000244140625 0.5207679830230253
2.0034000244140624 0.5216175757257485
2.0044000244140623 0.521671507163751
2.0054000244140626 0.5207460444367016
2.0064000244140625 0.5211188754251962
2.0074000244140624 0.5203279555707697
2.0084000244140623 0.5203926664745527
2.009400024414062 0.5203643857986507
2.0104000244140625 0.5202943619721355
2.0114000244140624 0.5195497812468983
2.0124000244140623 0.5211661018424746
2.013400024414062 0.519789133422174
2.0144000244140625 0.5200082803861299
2.0154000244140624 0.5210706240445849
2.0164000244140623 0.5214702422187657
2.017400024414062 0.5214673695796384
2.0184000244140625 0.5218314894951561
2.0194000244140624 0.5228396642263622
2.0204000244140623 0.5235113420257773
2.021400024414062 0.5225150635576856
2.0224000244140625 0.5240063219514404
2.0234000244140624 0.5245343175419351
2.0244000244140623 0.5244651223213231
2.025400024414062 0.5258897908554937
2.0264000244140625 0.5267121403471514
2.0274000244140624 0.5266380562866835
2.0284000244140623 0.5284571697115943
2.029400024414062 0.5281246697506751
2.0304000244140625 0.5287071833741569
2.0314000244140624 0.5292979880408369
2.0324000244140623 0.5294044822680488
2.033400024414062 0.5294842053765376
2.0344000244140625 0.5293512723219036
2.0354000244140624 0.5301926165485131
2.0364000244140623 0.5294889906998526
2.037400024414062 0.529326432172688
2.0384000244140625 0.528882130750687
2.0394000244140624 0.5292344924846784
2.0404000244140623 0.5290393705580961
2.0414000244140627 0.5276163665919615
2.0424000244140625 0.5283373080831197
2.0434000244140624 0.5277657020937047
2.0444000244140623 0.5258936866367513
2.0454000244140627 0.5264135136566566
2.0464000244140625 0.5235934007080149
2.0474000244140624 0.5229917941134995
2.04839990234375 0.5223832508768573
2.04939990234375 0.5215897851622242
2.05039990234375 0.5208637410129262
2.05139990234375 0.5202596612784717
2.05239990234375 0.5185035380692324
2.05339990234375 0.5184125603070956
2.05439990234375 0.5185604274274553
2.05539990234375 0.5183940311933811
2.05639990234375 0.5172926991579986
2.05739990234375 0.5178592377335494
2.05839990234375 0.518262023685252
2.05939990234375 0.5181775937046686
2.06039990234375 0.5181316448906911
2.06139990234375 0.5181006999608159
2.06239990234375 0.5187891963050878
2.06339990234375 0.5204180302857038
2.06439990234375 0.5204898333269132
2.06539990234375 0.5214192933373315
2.06639990234375 0.5225095962927361
2.06739990234375 0.5241142623728844
2.06839990234375 0.5250859256223395
2.06939990234375 0.5254243207830244
2.07039990234375 0.5267971491688137
2.07139990234375 0.5280429081782123
2.07239990234375 0.5282178867055856
2.07339990234375 0.5310503769754694
2.07439990234375 0.5313275665437691
2.07539990234375 0.5315823083104558
2.07639990234375 0.5328628470840991
2.07739990234375 0.5339590085226255
2.07839990234375 0.5346342299727244
2.07939990234375 0.5353603113705105
2.08039990234375 0.535044896217445
2.08139990234375 0.5349435857582937
2.08239990234375 0.5367642392167434
2.08339990234375 0.5359989791819413
2.08439990234375 0.536662107579467
2.08539990234375 0.5360823752833925
2.08639990234375 0.5367644684894302
2.08739990234375 0.5373452714351933
2.08839990234375 0.5368776978574329
2.08939990234375 0.535279502384137
2.09039990234375 0.5354404670532775
2.09139990234375 0.53406280646233
2.09239990234375 0.5343599036266873
2.09339990234375 0.5349099229776672
2.09439990234375 0.533882831477114
2.09539990234375 0.5332707135901119
2.09639990234375 0.532411238868973
2.09739990234375 0.5327318702184857
2.09839990234375 0.53270747099156
2.09939990234375 0.5331047013437916
2.10039990234375 0.530280591348917
2.10139990234375 0.5314090794374909
2.10239990234375 0.5302370999405992
2.10339990234375 0.5311575060662258
2.10439990234375 0.5306372099353545
2.10539990234375 0.5297385514352904
2.10639990234375 0.5295877083821163
2.10739990234375 0.5297666554244002
2.10839990234375 0.5295328555672711
2.10939990234375 0.5283133166058123
2.11039990234375 0.5292066226033958
2.11139990234375 0.5289981335832367
2.11239990234375 0.5283392248464571
2.11339990234375 0.5280692105862118
2.11439990234375 0.5287209821536432
2.11539990234375 0.5284176617892652
2.11639990234375 0.5281569604640376
2.11739990234375 0.5268835493675842
2.11839990234375 0.5266646936969412
2.11939990234375 0.5260180251405725
2.12039990234375 0.5260405616880502
2.12139990234375 0.5252766591298232
2.12239990234375 0.5243736675932983
2.12339990234375 0.5246599237866106
2.12439990234375 0.5238775998590828
2.12539990234375 0.5236281798680782
2.12639990234375 0.5228076482626028
2.12739990234375 0.5233930506933582
2.12839990234375 0.5216418852243995
2.12939990234375 0.5231462505114276
2.13039990234375 0.5209304610425879
2.13139990234375 0.5199554391179231
2.13239990234375 0.5205173527118995
2.13339990234375 0.5196015670600854
2.13439990234375 0.5205276890493137
2.13539990234375 0.5193655275601948
2.13639990234375 0.5209198659078396
2.13739990234375 0.520105865050603
2.13839990234375 0.520191048837041
2.13939990234375 0.5200768063097659
2.14039990234375 0.5204642329498375
2.14139990234375 0.5195890376729978
2.14239990234375 0.522530143161766
2.14339990234375 0.5217785856347
2.14439990234375 0.5221104856778132
2.14539990234375 0.5226202689233426
2.14639990234375 0.5224269688889704
2.14739990234375 0.5236384118245949
2.14839990234375 0.524272449243985
2.14939990234375 0.5227926985735177
2.15039990234375 0.5243778669273951
2.15139990234375 0.5238223642998101
2.15239990234375 0.5250083895605855
2.15339990234375 0.52329897020178
2.15439990234375 0.5243059670396718
2.15539990234375 0.5236564874334909
2.15639990234375 0.5241699394260759
2.15739990234375 0.5224157998749095
2.15839990234375 0.5226013379161072
2.15939990234375 0.5228400260748012
2.16039990234375 0.5215096595241075
2.16139990234375 0.521267006424886
2.16239990234375 0.5194488670864928
2.16339990234375 0.5190015297122594
2.16439990234375 0.5173585449892405
2.16539990234375 0.5163740792490754
2.16639990234375 0.5156604255737038
2.16739990234375 0.5137314792274296
2.16839990234375 0.5137099690551774
2.16939990234375 0.5115414124273154
2.17039990234375 0.5111536354984841
2.17139990234375 0.508886624882584
2.17239990234375 0.5096464657166417
2.17339990234375 0.5078549709669653
2.17439990234375 0.5064438237125789
2.17539990234375 0.5060372556607968
2.17639990234375 0.5046152266260582
2.17739990234375 0.5045246876598825
2.17839990234375 0.5023412759441196
2.17939990234375 0.5028634690161102
2.18039990234375 0.5034356377004888
2.18139990234375 0.5028521232477121
2.18239990234375 0.5023168534024408
2.18339990234375 0.5019023415647619
2.18439990234375 0.5016703410081831
2.18539990234375 0.5034332141023973
2.18639990234375 0.5035395593981543
2.18739990234375 0.5029890510303705
2.18839990234375 0.505307777578791
2.18939990234375 0.5044651200633337
2.19039990234375 0.5054094498045133
2.19139990234375 0.50689899349442
2.19239990234375 0.5074971018631319
2.19339990234375 0.5084434821761913
2.19439990234375 0.5098258984813908
2.19539990234375 0.5100624954385882
2.19639990234375 0.5108846073120596
2.19739990234375 0.5128725934925492
2.19839990234375 0.5140479285343621
2.19939990234375 0.5146785800531322
2.20039990234375 0.5174209164511051
2.20139990234375 0.5175443269802892
2.20239990234375 0.518979337785478
2.20339990234375 0.5194081997036865
2.20439990234375 0.5210852467973136
2.20539990234375 0.5217273430557136
2.20639990234375 0.5219637238351056
2.20739990234375 0.5219612649270772
2.20839990234375 0.5217868730569315
2.20939990234375 0.5212623828204098
2.21039990234375 0.5210726933838716
2.21139990234375 0.5191699616527519
2.21239990234375 0.5167343132722632
2.21339990234375 0.5136238935148354
2.21439990234375 0.5074654522249754
2.21539990234375 0.5042656453375656
2.21639990234375 0.4945530309111318
2.21739990234375 0.4869525356438852
2.21839990234375 0.47625834328123795
2.21939990234375 0.4628261876731633
2.22039990234375 0.4483030996814961
2.22139990234375 0.4320613665208821
2.22239990234375 0.4143165178480633
2.22339990234375 0.39480138425090494
2.22439990234375 0.37377831268162903
2.22539990234375 0.35144958182005753
2.22639990234375 0.32950506128177526
2.22739990234375 0.3079914760477795
2.22839990234375 0.2859201775827971
2.22939990234375 0.2645143465874893
2.23039990234375 0.24437195218255925
2.23139990234375 0.2241844809228623
2.23239990234375 0.20595480247023704
2.23339990234375 0.18950276604421465
2.23439990234375 0.17401287687604727
2.23539990234375 0.1589005744123721
2.23639990234375 0.14516979273473382
2.23739990234375 0.13120041397876805
2.23839990234375 0.11799895700092006
2.23939990234375 0.10651445995278634
2.24039990234375 0.09539522048516372
2.24139990234375 0.08490108999118423
2.24239990234375 0.07543354736485722
2.24339990234375 0.0666862728614068
2.24439990234375 0.058387937472975056
2.24539990234375 0.0514609156700846
2.24639990234375 0.045263950397099045
2.24739990234375 0.03949801303233694
2.24839990234375 0.03452414974452392
2.24939990234375 0.030050345463164565
2.25039990234375 0.026024872674167712
2.25139990234375 0.022608002820896183
2.25239990234375 0.01978377333394392
2.25339990234375 0.017243556092301635
2.25439990234375 0.01497692534471192
2.25539990234375 0.013073836677995297
2.25639990234375 0.01133366033233567
2.25739990234375 0.009818179021802376
2.25839990234375 0.008596061749549102
2.25939990234375 0.0075012268765285986
2.26039990234375 0.0065360182475559195
2.26139990234375 0.005713151647088516
2.26239990234375 0.0049665636609340985
2.26339990234375 0.004312661630032516
2.26439990234375 0.003785455193410169
2.26539990234375 0.003329927395960387
2.26639990234375 0.002920064102316517
2.26739990234375 0.0025764276799405384
2.26839990234375 0.0022724903298625464
2.26939990234375 0.002000675644373671
2.27039990234375 0.0017771956715062526
2.27139990234375 0.0015775011107033807
2.27239990234375 0.0014043146041666128
2.27339990234375 0.001260804403194304
2.27439990234375 0.0011231851192505088
2.27539990234375 0.0010037370636806725
2.27639990234375 0.0008986403518628341
2.27739990234375 0.000813058106561499
2.27839990234375 0.000733997109805663
2.27939990234375 0.0006615996185641035
2.28039990234375 0.0006082239239643537
2.28139990234375 0.0005484498753147196
2.28239990234375 0.0004954810143724422
2.28339990234375 0.00045491085936217056
2.28439990234375 0.00041888342273841843
2.28539990234375 0.0003847078481321872
2.28639990234375 0.0003516732144832338
2.28739990234375 0.00032095284387275835
2.28839990234375 0.00030110481977165964
2.28939990234375 0.00027086114516742345
2.29039990234375 0.00025353717555895504
2.29139990234375 0.00023545031182828143
2.29239990234375 0.00021598985355820652
2.29339990234375 0.00019754125890096832
2.29439990234375 0.0001839962193438663
2.29539990234375 0.00017187362483633235
2.29639990234375 0.00015538846331090446
2.29739990234375 0.00015007007499431193
2.29839990234375 0.00013497342792761078
2.29939990234375 0.00012813689681169697
2.30039990234375 0.00011896746181616017
2.30139990234375 0.0
2.30239990234375 0.0
