Microns Throughput
1.5985000000000005 0.0
1.5995 0.0
1.6005 5.934733353275069e-07
1.6015 8.643130637135294e-07
1.6025 5.130134392073982e-07
1.6035 1.1195181878001292e-06
1.6045 2.2095579971875424e-06
1.6055 4.2725552368654075e-08
1.6065 1.0390020662510233e-06
1.6075 1.510837956336712e-06
1.6085 3.320290764259619e-07
1.6095 1.49149976908744e-06
1.6105 1.4639241313092043e-06
1.6115 1.1773254558822628e-06
1.6125 3.176304204957107e-06
1.6135 1.3578827552203319e-06
1.6145 2.4093060083913336e-06
1.6155 1.3870303150253392e-06
1.6165 2.7812399568526143e-06
1.6175 2.789088353834164e-06
1.6185 2.8232292892250755e-06
1.6195 1.2483360197682668e-06
1.6205 3.2107354759240935e-06
1.6215 1.5589634210280705e-06
1.6225 3.510155457516446e-06
1.6235 4.388550938418927e-06
1.6245 4.137155007452969e-06
1.6255 5.971981289130695e-06
1.6265 5.8678591740492386e-06
1.6275 4.55598268134307e-06
1.6285 7.071076042306706e-06
1.6295 8.76243096628424e-06
1.6305 8.93318462648981e-06
1.6315 9.6905337551447e-06
1.6325 8.410242314822278e-06
1.6335 1.0969202082886237e-05
1.6345 1.005886717550211e-05
1.6355 1.276315548917783e-05
1.6365 1.3164675679736487e-05
1.6375 1.4268976478255186e-05
1.6385 1.628420977218177e-05
1.6395 1.7412438699552873e-05
1.6405 1.540850297876487e-05
1.6415 1.9617808361546214e-05
1.6425 1.9423011760965645e-05
1.6435 2.2330141773984284e-05
1.6445 2.349042028839276e-05
1.6455 2.6326223731715234e-05
1.6465 2.755516417887213e-05
1.6475 2.8503151502554342e-05
1.6485 2.85774279069892e-05
1.6495 3.125458162633328e-05
1.6505 3.232885800033879e-05
1.6515 3.532203689224502e-05
1.6525 3.805565986241628e-05
1.6535 4.3469490430605096e-05
1.6545 4.717658090219332e-05
1.6555 4.632828701646503e-05
1.6565 5.1321312284242416e-05
1.6575 6.0044277374791467e-05
1.6585 6.477222902364694e-05
1.6595 7.123643538070648e-05
1.6605 8.114373304096736e-05
1.6615 9.04062697296683e-05
1.6625 0.00010244356529505
1.6635 0.000117152081175684
1.6645 0.000133145553919842
1.6655 0.000154526708262414
1.6665 0.000175604326110318
1.6675 0.00020831293764007801
1.6685 0.00023888664163614003
1.6695 0.000274766832662148
1.6705 0.000317819986609887
1.6715 0.000363209265912708
1.6725 0.000415213652372262
1.6735 0.00047179736859188703
1.6745 0.000543451922373168
1.6755 0.0006240134904211711
1.6765 0.000708102321433389
1.6775 0.0007968007982185471
1.6785 0.0008755968374793061
1.6795 0.000998249299711587
1.6805 0.0011196688897606622
1.6815 0.00125517566807628
1.6825 0.0014012363593833542
1.6835 0.0015485506502293832
1.6845 0.0017227301270667692
1.6855 0.0018881923120556193
1.6865 0.0021129330029035203
1.6875 0.002320060161992226
1.6885 0.002560881101966904
1.6895 0.0029077153785063694
1.6905 0.0031940623942717295
1.6915 0.0036061546896878523
1.6925 0.004019248998100503
1.6935 0.00457239082020469
1.6945 0.005255872753685574
1.6955 0.005893432967367885
1.6965 0.006873725666075455
1.6975 0.008223991952097063
1.6985 0.009725159876287977
1.6995 0.01179082341146616
1.7005 0.013758205854349241
1.7015 0.01671578113388138
1.7025 0.0203337936369438
1.7035 0.02414484575277587
1.7045 0.02718137143178878
1.7055 0.029854728292220387
1.7065 0.0332301972675223
1.7075 0.03653354526554327
1.7085 0.04118811408275548
1.7095 0.047232564219094005
1.7105 0.05084373261737374
1.7115 0.0597617532445158
1.7125 0.06673695323569676
1.7135 0.07885172001024411
1.7145 0.0891375466683436
1.7155 0.10765995754155619
1.7165 0.12639954386302318
1.7175 0.1499929586729814
1.7185 0.17971522275113824
1.7195 0.20085734221792562
1.7205 0.23518174586609344
1.7215 0.2682189490537992
1.7225 0.30374110900765255
1.7235 0.3318530576996567
1.7245 0.3508085285758134
1.7255 0.37831576484121265
1.7265 0.38765914196167667
1.7275 0.3940259988533031
1.7285 0.40430508493896383
1.7295 0.41076982551088354
1.7305 0.41032204102048864
1.7315 0.4273254698499965
1.7325 0.43051654900524117
1.7335 0.4372665418511342
1.7345 0.4457928211664102
1.7355 0.45416543943184184
1.7365 0.46358582059493886
1.7375 0.47794127095062605
1.7385 0.4783036214208598
1.7395 0.48672305058034976
1.7405 0.4956807734097538
1.7415 0.49533491038742056
1.7425 0.5080830967641693
1.7435 0.5127024836197321
1.7445 0.5047779828146804
1.7455 0.5152788397440793
1.7465 0.5130123572323927
1.7475 0.5105877347863051
1.7485 0.5101480880613193
1.7495 0.5025969527409481
1.7505 0.5246414749042634
1.7515 0.5117564529571129
1.7525 0.5138373339813215
1.7535 0.5114914168465667
1.7545 0.5131122511813746
1.7555 0.512916782370132
1.7565 0.5223152975824362
1.7575 0.5189050817573132
1.7585 0.5208098849200274
1.7595 0.5165149684681631
1.7605 0.5202710727271994
1.7615 0.5249726438510631
1.7625 0.5237882313649715
1.7635 0.5227067756774444
1.7645 0.5143550342104193
1.7655 0.520333970148638
1.7665 0.5280161296536486
1.7675 0.5251067742359125
1.7685 0.5239358414112464
1.7695 0.5154607868318353
1.7705 0.519811736569755
1.7715 0.5259625609697296
1.7725 0.5184290534658237
1.7735 0.5111253260533134
1.7745 0.5160131775521978
1.7755 0.5146024346578305
1.7765 0.5083087720233305
1.7775 0.5211452725288399
1.7785 0.5045664359366533
1.7795 0.515410912932486
1.7805 0.5136893971222123
1.7815 0.5088708153259226
1.7825 0.5053764686423862
1.7835 0.5102798301120895
1.7845 0.5125568966911395
1.7855 0.5079883652173273
1.7865 0.5004539814285626
1.7875 0.5023851542828404
1.7885 0.5092246260892819
1.7895 0.499135711086189
1.7905 0.4994000861164803
1.7915 0.49778419449120787
1.7925 0.49987437090543324
1.7935 0.49992573854133454
1.7945 0.4899412163152678
1.7955 0.5010583653949776
1.7965 0.49771440155852537
1.7975 0.4928406421576152
1.7985 0.49144274523481196
1.7995 0.498346374281013
1.8005 0.49825693359629797
1.8015 0.4976168729734385
1.8025 0.5043211074262551
1.8035 0.5006173600919209
1.8045 0.4920267501404246
1.8055 0.49799188278291123
1.8065 0.506286885886478
1.8075 0.516515435231414
1.8085 0.5081732939716443
1.8095 0.5113283652798021
1.8105 0.5147938639333564
1.8115 0.5160096676966875
1.8125 0.5102295832635414
1.8135 0.5203543548143535
1.8145 0.5107894505280836
1.8155 0.5197240811987149
1.8165 0.5218326476396564
1.8175 0.5234218246770633
1.8185 0.5187028092636246
1.8195 0.5327222146389101
1.8205 0.5235826868251338
1.8215 0.5232776415756827
1.8225 0.5248687560026212
1.8235 0.5276564221031413
1.8245 0.5247341961905184
1.8255 0.5242001215684013
1.8265 0.5310663879652137
1.8275 0.5239975855181733
1.8285 0.5239859462005562
1.8295 0.5219955116969368
1.8305 0.5205810810366769
1.8315 0.5376659290518556
1.8325 0.5220138991347623
1.8335 0.5188062191729946
1.8345 0.5287524729921453
1.8355 0.5185687369284324
1.8365 0.5234523505534442
1.8375 0.5223568527286363
1.8385 0.515571676936882
1.8395 0.5181646058513473
1.8405 0.5201125266016046
1.8415 0.5137320527358773
1.8425 0.5146562184471184
1.8435 0.5204220907888727
1.8445 0.5097393787298178
1.8455 0.5147601446172204
1.8465 0.5025833013845744
1.8475 0.5141339510581445
1.8485 0.5057242067043901
1.8495 0.5071767089121859
1.8505 0.5058070275171984
1.8515 0.5033345936963668
1.8525 0.5007152782336433
1.8535 0.501882913787176
1.8545 0.496054462452964
1.8555 0.4973350067311069
1.8565 0.5018167328351626
1.8575 0.499580081517565
1.8585 0.5015857020066729
1.8595 0.5031971918502537
1.8605 0.49997669158061975
1.8615 0.5001697907785981
1.8625 0.500532370674103
1.8635 0.49977027520507467
1.8645 0.5053955641793214
1.8655 0.5050421753016998
1.8665 0.5097301795978633
1.8675 0.5108308390214907
1.8685 0.5130609865384165
1.8695 0.5162662287580084
1.8705 0.5185573414554178
1.8715 0.5133297635133272
1.8725 0.5201313445179805
1.8735 0.5225751331818177
1.8745 0.5287477556364121
1.8755 0.5307552186322506
1.8765 0.5195245429000838
1.8775 0.5335114029550118
1.8785 0.5256548115634182
1.8795 0.5300386224108968
1.8805 0.5267708015684022
1.8815 0.5298202758972311
1.8825 0.5290589647094002
1.8835 0.528294732889012
1.8845 0.5312790393880054
1.8855 0.5268210421602714
1.8865 0.5265733451274507
1.8875 0.5331369213936874
1.8885 0.5252255411767875
1.8895 0.5280342595060794
1.8905 0.5237813374553113
1.8915 0.5226026784187359
1.8925 0.5302789798913422
1.8935 0.519626519104265
1.8945 0.5199993029500666
1.8955 0.5212468467138772
1.8965 0.5181461151340172
1.8975 0.5227400138985451
1.8985 0.5166886249158483
1.8995 0.5113525901496236
1.9005 0.5148019811938521
1.9015 0.5154256738937653
1.9025 0.5111844757805682
1.9035 0.5029998173238408
1.9045 0.5128945749612257
1.9055 0.5038289610698646
1.9065 0.5068492627221977
1.9075 0.4998346990169291
1.9085 0.5096178012476873
1.9095 0.5075494474536564
1.9105 0.5010496569597134
1.9115 0.5073047944774676
1.9125 0.49959543212105056
1.9135 0.5008884657700207
1.9145 0.49911644159392654
1.9155 0.5039169951559368
1.9165 0.5072628588180814
1.9175 0.5036027938261116
1.9185 0.5015447932152971
1.9195 0.5070192500648412
1.9205 0.5002089796603517
1.9215 0.5127495937980807
1.9225 0.5069231303800733
1.9235 0.5080029329453774
1.9245 0.5081945108608031
1.9255 0.5140249173744778
1.9265 0.5109411831071674
1.9275 0.5150535704018241
1.9285 0.5162306205666173
1.9295 0.5217417177862733
1.9305 0.5145998490766758
1.9315 0.5232912902742886
1.9325 0.5082291319683202
1.9335 0.5242005131690896
1.9345 0.5251910389986747
1.9355 0.5137053977848082
1.9365 0.5212489762453466
1.9375 0.5137357670470759
1.9385 0.5241035270375386
1.9395 0.5207845873582546
1.9405 0.5163928375312319
1.9415 0.5201348875228172
1.9425 0.5127496496960778
1.9435 0.5255483936555917
1.9445 0.5208949237737867
1.9455 0.5270634458085665
1.9465 0.5222433862325728
1.9475 0.518507428386516
1.9485 0.5239798752694899
1.9495 0.5210207274657027
1.9505 0.5162253655359283
1.9515 0.5264269233749467
1.9525 0.5191484577431221
1.9535 0.5086249388958991
1.9545 0.5150036563412062
1.9555 0.5027501133844479
1.9565 0.4957775049357733
1.9575 0.4817301409978267
1.9585 0.4624923638439172
1.9595 0.45202258317367316
1.9605 0.427761156629453
1.9615 0.4115907396502488
1.9625 0.3941454706100998
1.9635 0.3668430354058292
1.9645 0.3401330468139742
1.9655 0.31440031346042585
1.9665 0.29266745979074377
1.9675 0.2633640230038804
1.9685 0.24350347514954968
1.9695 0.21825652298213968
1.9705 0.1971799512958234
1.9715 0.1778527111172936
1.9725 0.15986103622835968
1.9735 0.1455965746386061
1.9745 0.12931716460550027
1.9755 0.11648003663782497
1.9765 0.10911280276294513
1.9775 0.09577331261450207
1.9785 0.08881047098472478
1.9795 0.08005167858014658
1.9805 0.07242199324208211
1.9815 0.06509264366242484
1.9825 0.05865210823028007
1.9835 0.05122314753058105
1.9845 0.04660580175058298
1.9855 0.04089350824830357
1.9865 0.035498473418421495
1.9875 0.030315132160499254
1.9885 0.027617642879723247
1.9895 0.023298537631926217
1.9905 0.021129808840955683
1.9915 0.01811979291584879
1.9925 0.01587165184274381
1.9935 0.0137908294794552
1.9945 0.011979705543380353
1.9955 0.010492690058183872
1.9965 0.008868777760156694
1.9975 0.008145726037632244
1.9985 0.006846217045513849
1.9995 0.006147457926626982
2.0005 0.005405780313625698
2.0015 0.004862246935766331
2.0025 0.004194042746174935
2.0035 0.0037328566491618754
2.0045 0.003337250218772964
2.0055 0.0029567976597920102
2.0065 0.0026027744844521524
2.0075 0.002331557124613854
2.0085 0.0020525181108495484
2.0095 0.001886459268367767
2.0105 0.001657910100881487
2.0115 0.0015129755684283902
2.0125 0.0013607079986941591
2.0135 0.001215061425985686
2.0145 0.0011025612365619692
2.0155 0.0009742917556090079
2.0165 0.0009235035283418131
2.0175 0.0008403828590412
2.0185 0.000749581695420039
2.0195 0.0006753577800775411
2.0205 0.0006324585570924151
2.0215 0.0005698070036173921
2.0225 0.000527438432959545
2.0235 0.00048586325296713
2.0245 0.000448530190507389
2.0255 0.000401552291515455
2.0265 0.00037880462954438104
2.0275 0.00034683493792152004
2.0285 0.000326032050712665
2.0295 0.000303810392675538
2.0305 0.000285155079395688
2.0315 0.000258090995560854
2.0325 0.000251354259131973
2.0335 0.00022863611821116302
2.0345 0.00021445963582210502
2.0355 0.00019614565863042903
2.0365 0.000189749197723767
2.0375 0.000171990977837649
2.0385 0.000159567569794224
2.0395 0.00015096969634278602
2.0405 0.000148948371871059
2.0415 0.000141128771889297
2.0425 0.000130453755200127
2.0435 0.000122176026425157
2.0445 0.00011792749215771901
2.0455 0.00010337366435093101
2.0465 9.606418210310101e-05
2.0475 9.040798211654272e-05
2.0485 8.978529434740654e-05
2.0495 7.608268299601544e-05
2.0505 7.697356690989609e-05
2.0515 7.398072592221045e-05
2.0525 6.386732751534181e-05
2.0535 5.864223092117162e-05
2.0545 6.302426707128666e-05
2.0555 5.100634512679016e-05
2.0565 5.543869952845609e-05
2.0575 5.38583943417565e-05
2.0585 3.5354999278802263e-05
2.0595 4.0031461244101497e-05
2.0605 4.288586638513431e-05
2.0615 3.851508964974102e-05
2.0625 4.0791133847328304e-05
2.0635 3.8525658147979435e-05
2.0645 1.749580712922016e-05
2.0655 3.3301114300588754e-05
2.0665 3.108980483889432e-05
2.0675 2.5778099151343805e-05
2.0685 1.8857882936116268e-05
2.0695 2.312134207089275e-05
2.0705 2.3714000772607622e-05
2.0715 2.2461326943834528e-05
2.0725 1.2012726097044962e-05
2.0735 1.5348428544731276e-05
2.0745 1.0967797824614516e-05
2.0755 1.304474484945307e-05
2.0765 3.835809970859557e-06
2.0775 1.7500470566485685e-05
2.0785 1.921773363397696e-05
2.0795 1.3157271273272948e-05
2.0805 3.5662573693047975e-06
2.0815 1.1063614954240058e-05
2.0825 1.0485066219513219e-05
2.0835 1.1861293394663106e-05
2.0845 8.634078265681085e-06
2.0855 9.362277335621171e-06
2.0865 9.333700765242145e-06
2.0875 1.8423223343102123e-06
2.0885 4.232819463610702e-06
2.0895 1.5439304012710126e-05
2.0905 5.905887304144113e-06
2.0915 6.722853021450482e-06
2.0925 1.962496959764574e-06
2.0935 1.008801669180911e-05
2.0945 3.6653250253794e-06
2.0955 2.9376711294668287e-06
2.0965 6.52984556377357e-06
2.0975 6.1286703006383695e-06
2.0985 5.322651170924276e-11
2.0995 1.0012759688660669e-05
2.1005 2.4448442323021534e-06
2.1015 0.0
2.1025 0.0
