Microns Throughput
2.0483000488281253 0.0
2.049300048828125 0.0
2.050300048828125 7.100067551272523e-06
2.051300048828125 4.068147970319744e-06
2.052300048828125 6.17781661436483e-06
2.053300048828125 3.7353050117366198e-06
2.054300048828125 5.833796005262761e-06
2.055300048828125 4.923501954985706e-06
2.056300048828125 5.181255798109249e-06
2.057300048828125 5.45065494566144e-06
2.058300048828125 7.005800527220665e-06
2.059300048828125 6.769469389171779e-06
2.060300048828125 9.339921568284556e-06
2.061300048828125 7.877379139556199e-06
2.062300048828125 7.272140505880086e-06
2.063300048828125 1.2786885504483201e-05
2.064300048828125 1.0652117723454515e-05
2.065300048828125 1.0452334516618252e-05
2.066300048828125 1.2372062753071534e-05
2.067300048828125 1.4114301039081904e-05
2.068300048828125 1.5158407322626506e-05
2.069300048828125 1.7809816913139783e-05
2.070300048828125 1.624895238721907e-05
2.071300048828125 2.231771631488095e-05
2.072300048828125 2.576190660326051e-05
2.073300048828125 3.538335478400516e-05
2.074300048828125 3.864106843597777e-05
2.075300048828125 4.4644732733441266e-05
2.076300048828125 5.624913519884323e-05
2.077300048828125 6.838457572564664e-05
2.078300048828125 9.0694835275865e-05
2.079300048828125 0.00011750246130594501
2.080300048828125 0.00015840081108286
2.081300048828125 0.00020707407229094
2.082300048828125 0.000279994539960245
2.083300048828125 0.00039306116511747
2.084300048828125 0.00055153094776325
2.085300048828125 0.0008008448749078001
2.086300048828125 0.0011745136324656199
2.087300048828125 0.0018038545179078149
2.088300048828125 0.0027488654770200746
2.089300048828125 0.00424127120817784
2.090300048828125 0.00665336827623973
2.091300048828125 0.00995844963590797
2.092300048828125 0.014638826850411896
2.093300048828125 0.02077709638804729
2.094300048828125 0.02818382268475284
2.095300048828125 0.03708744028153889
2.096300048828125 0.0475217867471292
2.097300048828125 0.05893705838653924
2.098300048828125 0.06945048611043926
2.099300048828125 0.07856968922708471
2.100300048828125 0.0864062807504042
2.101300048828125 0.09505606286759033
2.102300048828125 0.10607187372559679
2.103300048828125 0.11937388495681867
2.104300048828125 0.13336621299611107
2.105300048828125 0.15170478868015086
2.106300048828125 0.17228497289629977
2.107300048828125 0.19724102714283712
2.108300048828125 0.22245578942804387
2.109300048828125 0.257473943872399
2.110300048828125 0.29164077458890203
2.111300048828125 0.32733983033178427
2.112300048828125 0.36335539883525453
2.113300048828125 0.39234519431021797
2.114300048828125 0.4184857002090385
2.115300048828125 0.43492536560739975
2.116300048828125 0.44577457574291174
2.117300048828125 0.4574456926647194
2.118300048828125 0.4580551031208613
2.119300048828125 0.4597547400993227
2.120300048828125 0.4610119850679247
2.121300048828125 0.4568933781907414
2.122300048828125 0.45878947004468856
2.123300048828125 0.456934781420225
2.124300048828125 0.45225351602384084
2.125300048828125 0.4452057270054726
2.126300048828125 0.4344878640130348
2.127300048828125 0.41730774677635984
2.128300048828125 0.39196926444427543
2.129300048828125 0.3616231865320666
2.130300048828125 0.32788754829441624
2.131300048828125 0.2928854811471404
2.132300048828125 0.25626203398538694
2.133300048828125 0.22449158939633468
2.134300048828125 0.19319357895394873
2.135300048828125 0.16567803447054208
2.136300048828125 0.1441332445900775
2.137300048828125 0.12467569640957954
2.138300048828125 0.10905176665760542
2.139300048828125 0.09532800862961019
2.140300048828125 0.0829184955718211
2.141300048828125 0.0708439748438778
2.142300048828125 0.05940252515376043
2.143300048828125 0.04968356204621458
2.144300048828125 0.04034059111635037
2.145300048828125 0.03262024331212957
2.146300048828125 0.025813424053020825
2.147300048828125 0.01975538765992463
2.148300048828125 0.01491906506870466
2.149300048828125 0.010954527538807
2.150300048828125 0.00772014791860746
2.151300048828125 0.00526797968554287
2.152300048828125 0.0035488858713299746
2.153300048828125 0.00231760027602652
2.154300048828125 0.00152692714247925
2.155300048828125 0.001026552776354965
2.156300048828125 0.00069649485238276
2.157300048828125 0.000482749700017075
2.158300048828125 0.000349923198752305
2.159300048828125 0.0002521731092224
2.160300048828125 0.00019083845285599
2.161300048828125 0.00014266101037515498
2.162300048828125 0.000109958015712865
2.163300048828125 8.5593967458675e-05
2.164300048828125 6.593173697060846e-05
2.165300048828125 5.179757202194181e-05
2.166300048828125 4.205760635097217e-05
2.167300048828125 3.458796441976273e-05
2.168300048828125 2.9697909131524905e-05
2.169300048828125 2.598168558043731e-05
2.170300048828125 2.384533474985355e-05
2.171300048828125 1.660887176551215e-05
2.172300048828125 1.716185937424419e-05
2.173300048828125 1.665569481281801e-05
2.174300048828125 1.279809939059499e-05
2.175300048828125 1.0997744391071725e-05
2.176300048828125 9.655640137331163e-06
2.177300048828125 9.432255212244784e-06
2.178300048828125 9.063300039959886e-06
2.179300048828125 7.637858741652625e-06
2.180300048828125 9.420132632765581e-06
2.181300048828125 9.178370399060093e-06
2.182300048828125 6.025341471987159e-06
2.183300048828125 1.0983753347830359e-05
2.184300048828125 9.279476398193462e-06
2.185300048828125 6.984676675168118e-06
2.186300048828125 1.1591394340413594e-05
2.187300048828125 6.507612255368112e-06
2.188300048828125 6.8729262330201506e-06
2.189300048828125 9.84132280497503e-06
2.190300048828125 6.919360930571924e-06
2.191300048828125 9.85067369239232e-06
2.192300048828125 7.57644502048018e-06
2.193300048828125 9.289730273560523e-06
2.194300048828125 8.287424132225096e-06
2.195300048828125 3.4390450615224024e-06
2.196300048828125 5.143434387118203e-06
2.197300048828125 1.030769226016836e-05
2.198300048828125 9.986914034336541e-06
2.199300048828125 8.46683346643963e-06
2.200300048828125 3.397224223691494e-06
2.201300048828125 1.3424857644640933e-05
2.202300048828125 8.547158620135432e-06
2.203300048828125 8.7847665100399e-06
2.204300048828125 1.071359800037643e-05
2.205300048828125 6.5041058684306254e-06
2.206300048828125 7.125150110960543e-06
2.207300048828125 8.455889158454956e-06
2.208300048828125 9.762031228052783e-06
2.209300048828125 5.027579463333555e-06
2.210300048828125 4.537659624894533e-06
2.211300048828125 7.373951159409026e-06
2.212300048828125 1.0137925949836957e-05
2.213300048828125 8.413106913616822e-06
2.214300048828125 7.0813955508315854e-06
2.215300048828125 8.007423804173004e-06
2.216300048828125 1.2391955403043312e-05
2.217300048828125 7.716020028461491e-06
2.218300048828125 6.687450884062601e-06
2.219300048828125 7.244218694962631e-06
2.220300048828125 1.2265687743004443e-05
2.221300048828125 8.077578193177192e-06
2.222300048828125 7.434721890271628e-06
2.223300048828125 6.669603223111274e-06
2.224300048828125 6.144811947882901e-06
2.225300048828125 6.427563659082112e-06
2.226300048828125 7.136611846727987e-06
2.227300048828125 6.138332251703824e-06
2.228300048828125 8.295014539016407e-06
2.229300048828125 1.3864752247580868e-05
2.230300048828125 8.177073067696858e-06
2.231300048828125 9.736200374006888e-06
2.232300048828125 1.2820528488325885e-05
2.233300048828125 7.955797486599196e-06
2.234300048828125 7.351587065089279e-06
2.235300048828125 1.0506649776388203e-05
2.236300048828125 7.755130113614427e-06
2.237300048828125 1.0923692116836323e-05
2.238300048828125 8.517375895614452e-06
2.239300048828125 7.915581067383135e-06
2.240300048828125 3.184868568288328e-06
2.241300048828125 6.056124565437224e-06
2.242300048828125 9.158363501565785e-06
2.243300048828125 1.0669853767636515e-05
2.244300048828125 1.1438780925368851e-05
2.245300048828125 1.1550431533017132e-05
2.246300048828125 8.93149336421789e-06
2.247300048828125 1.124596752721457e-05
2.248300048828125 3.1320155173509695e-06
2.249300048828125 1.1216794377969467e-05
2.250300048828125 5.0884738869764325e-06
2.2513000488281247 0.0
2.2523000488281246 0.0
