Microns Throughput
0.5481500244140625 0.0
0.5491500244140625 0.0
0.5501500244140625 9.873581168534437e-10
0.5511500244140625 1.4427415588040483e-09
0.5521500244140625 1.9495009358644208e-09
0.5531500244140625 2.616223521358759e-09
0.5541500244140625 2.912339855706169e-09
0.5551500244140625 3.330663034911688e-09
0.5561500244140625 3.5027272255693657e-09
0.5571500244140625 4.007988943385994e-09
0.5581500244140625 3.5819298913184527e-09
0.5591500244140625 2.275649670804549e-09
0.5601500244140625 2.0956720868433134e-09
0.5611500244140625 2.181640324672482e-09
0.5621500244140625 1.997836815434746e-09
0.5631500244140625 2.144293683056325e-09
0.5641500244140625 2.5786339289178635e-09
0.5651500244140625 3.5810356092519065e-09
0.5661500244140625 4.846743876380041e-09
0.5671500244140625 5.689572734956611e-09
0.5681500244140625 7.238749355911696e-09
0.5691500244140625 7.174251356332826e-09
0.5701500244140625 8.941507855139823e-09
0.5711500244140625 9.167558920597475e-09
0.5721500244140625 1.0654946702236312e-08
0.5731500244140625 8.856336033369748e-09
0.5741500244140625 9.246808520901476e-09
0.5751500244140625 9.149772503086513e-09
0.5761500244140625 1.0546604469421149e-08
0.5771500244140625 1.0921396500176957e-08
0.5781500244140625 1.0967280766579931e-08
0.5791500244140625 1.1379594760510495e-08
0.5801500244140625 1.282897275151172e-08
0.5811500244140625 1.5164961281772013e-08
0.5821500244140625 1.77166449711846e-08
0.5831500244140625 2.0085219967899703e-08
0.5841500244140625 2.1964852962262976e-08
0.5851500244140625 2.4081043816011808e-08
0.5861500244140625 2.6159310016643836e-08
0.5871500244140625 3.331004196033131e-08
0.5881500244140625 3.796269330251012e-08
0.5891500244140625 4.306219957202775e-08
0.5901500244140625 4.955186379451714e-08
0.5911500244140625 5.275126820136501e-08
0.5921500244140625 6.18390041433596e-08
0.5931500244140625 6.593373156382056e-08
0.5941500244140625 8.137693832158172e-08
0.5951500244140625 8.91061671204306e-08
0.5961500244140625 9.924412392128356e-08
0.5971500244140625 1.2259749355433291e-07
0.5981500244140625 1.9559397180511164e-07
0.5991500244140625 5.216477134692395e-07
0.6001500244140625 1.8932531481838113e-06
0.6011500244140625 6.978397472921066e-06
0.6021500244140625 2.303981566517257e-05
0.6031500244140625 0.00011208835285217192
0.6041500244140625 0.00046587219472932434
0.6051500244140625 0.0014979964895860311
0.6061500244140625 0.004589964526383407
0.6071500244140625 0.011251166363368651
0.6081500244140625 0.022818885106252778
0.6091500244140625 0.038795061651782564
0.6101500244140625 0.056745839209504906
0.6111500244140625 0.0735830707749988
0.6121500244140625 0.08642288509579134
0.6131500244140625 0.09439192696376333
0.6141500244140625 0.098597654068613
0.6151500244140625 0.1007347110875695
0.6161500244140625 0.102934901284415
0.6171500244140625 0.10591268618360875
0.6181500244140625 0.10976653421301118
0.6191500244140625 0.11428461206263148
0.6201500244140625 0.11902041208226098
0.6211500244140625 0.12335647702008509
0.6221500244140625 0.1268868957604507
0.6231500244140625 0.12939583551574865
0.6241500244140625 0.1321462167410763
0.6251500244140625 0.13443483259307426
0.6261500244140625 0.13599494847681393
0.6271500244140625 0.136861921641055
0.6281500244140625 0.13732356068368465
0.6291500244140625 0.13761677816438883
0.6301500244140625 0.13737661586819203
0.6311500244140625 0.13692313530063657
0.6321500244140625 0.13639518071562914
0.6331500244140625 0.13668714861112852
0.6341500244140625 0.13824732205762455
0.6351500244140625 0.14091013299188485
0.6361500244140625 0.14437794200296414
0.6371500244140625 0.14796815785966097
0.6381500244140625 0.15098924088036675
0.6391500244140625 0.15339062954052668
0.6401500244140625 0.15507108583812096
0.6411500244140625 0.15652096486029454
0.6421500244140625 0.15795287445898362
0.6431500244140625 0.15953943345287205
0.6441500244140625 0.161293277273795
0.6451500244140626 0.1627032498890509
0.6461500244140626 0.1635108372187009
0.6471500244140626 0.1640662636992361
0.6481500244140626 0.16466268038928886
0.6491500244140626 0.1655230971411817
0.6501500244140626 0.1664906951546704
0.6511500244140624 0.16735208477106608
0.6521500244140624 0.16815923038101163
0.6531500244140624 0.1688166012290837
0.6541500244140624 0.16949028386848314
0.6551500244140624 0.17015192401822374
0.6561500244140624 0.170715835403333
0.6571500244140625 0.1709996960244887
0.6581500244140625 0.17137496240501404
0.6591500244140625 0.17217408783419652
0.6601500244140625 0.17338912629664477
0.6611500244140625 0.17495690285970328
0.6621500244140625 0.1768777235335879
0.6631500244140625 0.17916056775176298
0.6641500244140625 0.18178487164832086
0.6651500244140625 0.18463924453453828
0.6661500244140625 0.18733263720132054
0.6671500244140625 0.1892083255887389
0.6681500244140625 0.1899387539210773
0.6691500244140625 0.18977311493217097
0.6701500244140625 0.18910729460301118
0.6711500244140625 0.18804153352392092
0.6721500244140625 0.18679017978498696
0.6731500244140625 0.18560986296513324
0.6741500244140625 0.18479038620328544
0.6751500244140625 0.18445416232681547
0.6761500244140625 0.18474701825360418
0.6771500244140625 0.1855714764574405
0.6781500244140625 0.18703898977806943
0.6791500244140625 0.18902584214631477
0.6801500244140625 0.19168909676453072
0.6811500244140625 0.19488839238765152
0.6821500244140625 0.19790526776982156
0.6831500244140625 0.2003388673995148
0.6841500244140625 0.20229755844517652
0.6851500244140625 0.2038919932500351
0.6861500244140625 0.20520992413620398
0.6871500244140625 0.2063143592529084
0.6881500244140625 0.20738956426941643
0.6891500244140625 0.2086246293229404
0.6901500244140625 0.20984254835425076
0.6911500244140625 0.21059010907265296
0.6921500244140625 0.21050448056699317
0.6931500244140625 0.2092051113004352
0.6941500244140625 0.2068781911606083
0.6951500244140625 0.20418134733081272
0.6961500244140625 0.2017621429583033
0.6971500244140625 0.20046583334055973
0.6981500244140625 0.2006119334643684
0.6991500244140625 0.20251560129870144
0.7001500244140625 0.20592877415834324
0.7011500244140625 0.2102377497335512
0.7021500244140625 0.21453904872260504
0.7031500244140625 0.21819770158721688
0.7041500244140625 0.22075722126203662
0.7051500244140625 0.22243972353462932
0.7061500244140625 0.22349589007132337
0.7071500244140625 0.22433345491478066
0.7081500244140625 0.22517456382182874
0.7091500244140625 0.22633378434617074
0.7101500244140625 0.22732860081022813
0.7111500244140625 0.22765796636696822
0.7121500244140625 0.22671900077583937
0.7131500244140625 0.22451591259096298
0.7141500244140625 0.2221619621799642
0.7151500244140625 0.2205787821502231
0.7161500244140625 0.2209674430802712
0.7171500244140625 0.22263790672853923
0.7181500244140625 0.22441471474324534
0.7191500244140625 0.22482490886764617
0.7201500244140625 0.22341465718274858
0.7211500244140625 0.22106465562432423
0.7221500244140625 0.21962774129958226
0.7231500244140625 0.22076163816246303
0.7241500244140625 0.22474040448518612
0.7251500244140625 0.23068926814170443
0.7261500244140625 0.23732249484419396
0.7271500244140625 0.24323398602848748
0.7281500244140625 0.24787243928646055
0.7291500244140625 0.2508294569006194
0.7301500244140625 0.25279229074316306
0.7311500244140625 0.2537956642363707
0.7321500244140625 0.25438749231580315
0.7331500244140625 0.2542799819537503
0.7341500244140625 0.2531403778128487
0.7351500244140625 0.2509312954834995
0.7361500244140625 0.2483613429157661
0.7371500244140625 0.2461254345828986
0.7381500244140625 0.24487690982380747
0.7391500244140625 0.24489530940375828
0.7401500244140625 0.24608505085573296
0.7411500244140625 0.24767352991701166
0.7421500244140625 0.24876203040358097
0.7431500244140625 0.24945599834730947
0.7441500244140625 0.25058372061861744
0.7451500244140625 0.25330093931025144
0.7461500244140625 0.25733059507325895
0.7471500244140625 0.2622222267003468
0.7481500244140625 0.2663239034785863
0.7491500244140625 0.2692716437681165
0.7501500244140625 0.27079943360225217
0.7511500244140625 0.27178031928460417
0.7521500244140625 0.2727801785770132
0.7531500244140625 0.2731426047118656
0.7541500244140625 0.2721756264911422
0.7551500244140625 0.2687651220713365
0.7561500244140625 0.26330839496699004
0.7571500244140625 0.2572840181524237
0.7581500244140625 0.2527578928514359
0.7591500244140625 0.2510500110257539
0.7601500244140625 0.2518168072954508
0.7611500244140625 0.2538552726850823
0.7621500244140625 0.2557437919378538
0.7631500244140625 0.2574214407437271
0.7641500244140625 0.25973055795551403
0.7651500244140625 0.2638508769754673
0.7661500244140625 0.2691805572442055
0.7671500244140625 0.2746526398427958
0.7681500244140625 0.278063719547668
0.7691500244140625 0.2790379602750755
0.7701500244140626 0.277265897267516
0.7711500244140626 0.27419371524387953
0.7721500244140626 0.2700375170645496
0.7731500244140626 0.2647793597043994
0.7741500244140626 0.257596223167157
0.7751500244140626 0.24813642004326647
0.7761500244140624 0.2359794411004529
0.7771500244140624 0.2194785774399924
0.7781500244140624 0.1971454839759403
0.7791500244140624 0.16841183634866977
0.7801500244140624 0.1359792755581306
0.7811500244140624 0.10372237727192309
0.7821500244140625 0.07544158115699591
0.7831500244140625 0.05284291234102231
0.7841500244140625 0.03602471672113063
0.7851500244140625 0.024142384535875257
0.7861500244140625 0.01597334331630115
0.7871500244140625 0.010590553403829257
0.7881500244140625 0.007044849422124967
0.7891500244140625 0.0048062520942565865
0.7901500244140625 0.0032902578055553117
0.7911500244140625 0.0023207263722127987
0.7921500244140625 0.001695168335779099
0.7931500244140625 0.0012648700894447717
0.7941500244140625 0.0009446668701121114
0.7951500244140625 0.0007069608422097315
0.7961500244140625 0.0005344753419321262
0.7971500244140625 0.00041052986383316534
0.7981500244140625 0.0003182506293245129
0.7991500244140625 0.0002486401361534455
0.8001500244140625 0.00019597449573070092
0.8011500244140625 0.0001556520567485889
0.8021500244140625 0.0001236283848780078
0.8031500244140625 9.887583057904045e-05
0.8041500244140625 7.934080430088934e-05
0.8051500244140625 6.443869300036722e-05
0.8061500244140625 5.2441161528726194e-05
0.8071500244140625 4.276326558899981e-05
0.8081500244140625 3.4857834133323755e-05
0.8091500244140625 2.8659630548866496e-05
0.8101500244140625 2.3978418687303997e-05
0.8111500244140625 2.0069881650295363e-05
0.8121500244140625 1.6767696332690558e-05
0.8131500244140625 1.3709492526230399e-05
0.8141500244140625 1.1281268832033202e-05
0.8151500244140625 9.517631055384754e-06
0.8161500244140625 8.325163778438315e-06
0.8171500244140625 7.268876437637512e-06
0.8181500244140625 6.23689724268041e-06
0.8191500244140625 5.290750794208009e-06
0.8201500244140625 4.641430125338725e-06
0.8211500244140625 4.206473029277261e-06
0.8221500244140625 3.7943486913269746e-06
0.8231500244140625 3.2649120068249745e-06
0.8241500244140625 2.7088287190311457e-06
0.8251500244140625 2.181930897611661e-06
0.8261500244140625 1.835575849771493e-06
0.8271500244140625 1.6672713058314116e-06
0.8281500244140625 1.571981938010409e-06
0.8291500244140625 1.4999526909746825e-06
0.8301500244140625 1.3647821707802359e-06
0.8311500244140625 1.2624265742396659e-06
0.8321500244140625 1.120661242852114e-06
0.8331500244140625 9.90821008798075e-07
0.8341500244140625 8.853329681509888e-07
0.8351500244140625 7.986223753965022e-07
0.8361500244140625 7.665645130226459e-07
0.8371500244140625 7.533461156432134e-07
0.8381500244140625 7.213271533512541e-07
0.8391500244140625 6.58015642138847e-07
0.8401500244140625 5.604468010954729e-07
0.8411500244140625 5.025839019201236e-07
0.8421500244140625 4.574657743519923e-07
0.8431500244140625 4.031416619863649e-07
0.8441500244140625 3.756108512580485e-07
0.8451500244140625 3.373127971480065e-07
0.8461500244140625 3.669571208574911e-07
0.8471500244140625 3.7874878825059843e-07
0.8481500244140625 3.7039715277701824e-07
0.8491500244140625 3.437751345617192e-07
0.8501500244140625 0.0
0.8511500244140625 0.0
