Microns Throughput
1.6854000244140628 0.0
1.686400024414063 0.0
1.6874000244140626 6.381924814584946e-05
1.6884000244140625 6.981451582444307e-05
1.6894000244140626 7.705274087924277e-05
1.6904000244140625 8.185972352783375e-05
1.6914000244140626 8.967192626015724e-05
1.6924000244140625 9.768746084249278e-05
1.6934000244140626 0.000106675920849132
1.6944000244140625 0.000116471687936082
1.6954000244140626 0.000127164189478572
1.6964000244140625 0.000139393098238476
1.6974000244140626 0.000154619616313824
1.6984000244140625 0.00016860044852280598
1.6994000244140626 0.00018964009283157598
1.7004000244140625 0.00021111484910805601
1.7014000244140626 0.000233729049077532
1.7024000244140625 0.000264979291986798
1.7034000244140626 0.00029593418825260803
1.7044000244140625 0.000332042136190278
1.7054000244140626 0.00037509697205144406
1.7064000244140625 0.000424589221727604
1.7074000244140626 0.00048000428040152396
1.7084000244140625 0.000541363906265934
1.7094000244140626 0.0006140765043345659
1.7104000244140625 0.00069746279995356
1.7114000244140626 0.00078695519012655
1.7124000244140625 0.000895867702331652
1.7134000244140626 0.00101884730506452
1.7144000244140625 0.0011498326099731542
1.7154000244140626 0.001301289116817678
1.7164000244140625 0.001483151125657536
1.7174000244140626 0.001674393029590218
1.7184000244140625 0.001909422592425
1.7194000244140626 0.00218943923750454
1.7204000244140625 0.002482737909892488
1.7214000244140626 0.00282514434924255
1.7224000244140625 0.0032283602508916317
1.7234000244140626 0.003682609326352614
1.7244000244140625 0.0042244633725939005
1.7254000244140626 0.0048807001590036175
1.7264000244140625 0.005624628344832331
1.7274000244140626 0.006485376150009174
1.7284000244140625 0.007495478947582903
1.7294000244140626 0.008766151402999339
1.7304000244140625 0.010185698589612175
1.7314000244140626 0.011981211995789436
1.7324000244140625 0.0141454491841998
1.7334000244140626 0.016510185883444297
1.7344000244140625 0.019387397924283695
1.7354000244140626 0.022789250847443425
1.7364000244140625 0.026576583840499518
1.7374000244140626 0.030700323508323996
1.7384000244140625 0.03545261368653569
1.7394000244140626 0.04011331931275604
1.7404000244140625 0.0450854059066467
1.7414000244140626 0.05031143344309311
1.7424000244140625 0.05548903317666356
1.7434000244140626 0.061051580792471735
1.7444000244140625 0.06763116864449897
1.7454000244140624 0.07511833543843462
1.7464000244140625 0.08354819762789076
1.7474000244140624 0.09337616073236624
1.7484000244140625 0.10483814195432885
1.7494000244140624 0.117563867927088
1.7504000244140625 0.13293180401846516
1.7514000244140624 0.1500069659776208
1.7524000244140625 0.16744215008539584
1.7534000244140624 0.18726368999050608
1.7544000244140625 0.20726869840573506
1.7554000244140624 0.22762574126233198
1.7564000244140625 0.24863887191397024
1.7574000244140624 0.2695578714094192
1.7584000244140623 0.2879427667298043
1.7594000244140624 0.3056725476386996
1.7604000244140623 0.3220714368691101
1.7614000244140624 0.33658133945749696
1.7624000244140623 0.34977672296191276
1.7634000244140624 0.3631405556933407
1.7644000244140623 0.3741077988401894
1.7654000244140624 0.3848772837192805
1.7664000244140623 0.3945714337838139
1.7674000244140624 0.40379397282267004
1.7684000244140623 0.4134860473668299
1.7694000244140624 0.422236766657853
1.7704000244140623 0.43039296087041023
1.7714000244140624 0.4368622924602026
1.7724000244140623 0.44236887183436135
1.7734000244140624 0.44768814343063956
1.7744000244140623 0.4518183956966521
1.7754000244140624 0.456010229812818
1.7764000244140623 0.45721639025061406
1.7774000244140624 0.4599391427103225
1.7784000244140623 0.46026224653670567
1.7794000244140624 0.46195309791282585
1.7804000244140623 0.4630460184355382
1.7814000244140624 0.46298053261476657
1.7824000244140623 0.4643070494725896
1.7834000244140624 0.4637665895311244
1.7844000244140623 0.4639522939252032
1.7854000244140624 0.46478578914841034
1.7864000244140623 0.4652912899373099
1.7874000244140624 0.46595073094413
1.7884000244140623 0.4669406975560339
1.7894000244140624 0.46728150765492843
1.7904000244140623 0.46733461587856817
1.7914000244140624 0.46815351430475444
1.7924000244140623 0.4682196923609475
1.7934000244140624 0.46835103092735075
1.7944000244140623 0.4691655838341379
1.7954000244140624 0.46759732419654904
1.7964000244140623 0.4673505436828926
1.7974000244140624 0.46602161771093803
1.7984000244140623 0.464666624285976
1.7994000244140624 0.46411765003479005
1.8004000244140623 0.46259505898014497
1.8014000244140624 0.46156501685827755
1.8024000244140623 0.4594873889892194
1.8034000244140624 0.4576500545406933
1.8044000244140623 0.4562834158777421
1.8054000244140624 0.45414920078439724
1.8064000244140623 0.4530046219845792
1.8074000244140624 0.45222201837853543
1.8084000244140623 0.4511573100832923
1.8094000244140624 0.45081445516387103
1.8104000244140623 0.4509816425573258
1.8114000244140624 0.449535267427455
1.8124000244140623 0.4499531902503121
1.8134000244140625 0.4497165134042539
1.8144000244140623 0.45037267699534095
1.8154000244140625 0.451819112809648
1.8164000244140623 0.4513609323326028
1.8174000244140625 0.45203205146220204
1.8184000244140623 0.4536264229331572
1.8194000244140625 0.4550186697087633
1.8204000244140623 0.4555285050983708
1.8214000244140625 0.45720299327448916
1.8224000244140623 0.458440774699881
1.8234000244140625 0.4586142454197768
1.8244000244140623 0.4619026340486382
1.8254000244140625 0.46291425078184484
1.8264000244140624 0.4636704881229595
1.8274000244140625 0.46445417428071684
1.8284000244140624 0.46520420441256544
1.8294000244140625 0.4659946669407903
1.8304000244140624 0.46812363169631016
1.8314000244140625 0.46776017572234313
1.8324000244140624 0.4693772866765995
1.8334000244140625 0.47028355468577454
1.8344000244140624 0.4705511939098163
1.8354000244140625 0.47093666830863423
1.8364000244140624 0.4726521465360958
1.8374000244140625 0.47218056458115515
1.8384000244140624 0.4725103182024812
1.8394000244140625 0.472712744732721
1.8404000244140624 0.4730027728458527
1.8414000244140625 0.4724824382041398
1.8424000244140624 0.4734394694734644
1.8434000244140625 0.4730819277817186
1.8444000244140624 0.47273873097740654
1.8454000244140625 0.47331501520127656
1.8464000244140624 0.4724579777353207
1.8474000244140625 0.4714752747890684
1.8484000244140624 0.47220088663931825
1.8494000244140625 0.471097295410974
1.8504000244140624 0.46966620840441575
1.8514000244140625 0.4691941936757535
1.8524000244140624 0.4690135528765496
1.8534000244140625 0.4683914850091585
1.8544000244140624 0.46644623002845526
1.8554000244140625 0.46656132500124214
1.8564000244140624 0.46543102735343517
1.8574000244140625 0.46571888144821877
1.8584000244140624 0.4646933998055139
1.8594000244140625 0.4645202468499169
1.8604000244140624 0.4641012035189442
1.8614000244140625 0.46357989981984077
1.8624000244140624 0.46304847655377956
1.8634000244140625 0.4633861142594532
1.8644000244140624 0.4619403108900415
1.8654000244140625 0.4627886384304486
1.8664000244140624 0.46327059094987816
1.8674000244140625 0.4628744478430027
1.8684000244140624 0.46282291844785517
1.8694000244140625 0.4629477696296287
1.8704000244140624 0.46347661605667806
1.8714000244140625 0.4635334736070899
1.8724000244140624 0.46413490875648017
1.8734000244140625 0.4646339243508881
1.8744000244140624 0.4653904194124154
1.8754000244140625 0.46566729863850065
1.8764000244140624 0.46704790988783584
1.8774000244140625 0.46763050465180883
1.8784000244140624 0.4679310412430983
1.8794000244140625 0.468167223665692
1.8804000244140624 0.4694239455022312
1.8814000244140625 0.46962443096935647
1.8824000244140624 0.47061219834580814
1.8834000244140623 0.47066960794816753
1.8844000244140624 0.47224575803059765
1.8854000244140623 0.47297282140556907
1.8864000244140624 0.4736856175891659
1.8874000244140623 0.47408997378016304
1.8884000244140624 0.47357863650997284
1.8894000244140623 0.4751665013300078
1.8904000244140624 0.475467018916686
1.8914000244140623 0.4759261652106638
1.8924000244140624 0.47576351615261187
1.8934000244140623 0.47581605433271135
1.8944000244140624 0.4765776656060814
1.8954000244140623 0.4772034883608949
1.8964000244140624 0.47757679987706436
1.8974000244140623 0.4777525669167369
1.8984000244140624 0.47804299598160155
1.8994000244140623 0.47812092347744584
1.9004000244140624 0.47833389311198615
1.9014000244140623 0.47791669744420506
1.9024000244140624 0.4797431238763798
1.9034000244140623 0.47904977732424814
1.9044000244140624 0.4791724633438124
1.9054000244140623 0.47989713728079886
1.9064000244140624 0.4803203534302365
1.9074000244140623 0.47990685628363944
1.9084000244140624 0.47994344936912703
1.9094000244140623 0.4807052873109739
1.9104000244140624 0.4817557418698749
1.9114000244140623 0.481947706363461
1.9124000244140624 0.4815745348362848
1.9134000244140623 0.4815818036204703
1.9144000244140624 0.48324629152465115
1.9154000244140623 0.48223605747263754
1.9164000244140624 0.4821740051548424
1.9174000244140623 0.48217163815497754
1.9184000244140624 0.4822136426686994
1.9194000244140623 0.482236226475495
1.9204000244140624 0.482085926560726
1.9214000244140623 0.48141215978724944
1.9224000244140624 0.48286722459779435
1.9234000244140623 0.48158373943220173
1.9244000244140624 0.48134652674649364
1.9254000244140623 0.48133405722929556
1.9264000244140624 0.48059091207747856
1.9274000244140623 0.4799754808834713
1.9284000244140624 0.4784096391591388
1.9294000244140623 0.47877259858092286
1.9304000244140624 0.4786327288270184
1.9314000244140623 0.47768009659282795
1.9324000244140624 0.4770436433601363
1.9334000244140623 0.47662483990790006
1.9344000244140624 0.47490557251347526
1.9354000244140623 0.4751697106127137
1.9364000244140624 0.4741366609316908
1.9374000244140623 0.4738625517411844
1.9384000244140625 0.4734251643606273
1.9394000244140623 0.4731756829293422
1.9404000244140625 0.47292984664456933
1.9414000244140623 0.47294478464559414
1.9424000244140625 0.47321074297079235
1.9434000244140623 0.47394558982700363
1.9444000244140625 0.47416717919243706
1.9454000244140623 0.47395645834735056
1.9464000244140625 0.4742400559975892
1.9474000244140623 0.4742999792841631
1.9484000244140625 0.47510426728445454
1.9494000244140623 0.47551157252667925
1.9504000244140625 0.47642716460695195
1.9514000244140624 0.4766763412609643
1.9524000244140625 0.4763254636448794
1.9534000244140624 0.47760235935898404
1.9544000244140625 0.4778390840188382
1.9554000244140624 0.47803693952395226
1.9564000244140625 0.47885556237429827
1.9574000244140624 0.47929856019937883
1.9584000244140625 0.4793230473582344
1.9594000244140624 0.4790570536264939
1.9604000244140625 0.4800573689504688
1.9614000244140624 0.4804463582025599
1.9624000244140625 0.47946549350226036
1.9634000244140624 0.47960847876702273
1.9644000244140625 0.4801804333929686
1.9654000244140624 0.4801479888781363
1.9664000244140625 0.4800471812804264
1.9674000244140624 0.48012255497700623
1.9684000244140625 0.47970561243101484
1.9694000244140624 0.4794528371475192
1.9704000244140625 0.47805591577534085
1.9714000244140624 0.4799379976939429
1.9724000244140625 0.4797566760728525
1.9734000244140624 0.47821325460595465
1.9744000244140625 0.4787760999859106
1.9754000244140624 0.47848043373790705
1.9764000244140625 0.4779879228282085
1.9774000244140624 0.47803881752963756
1.9784000244140625 0.4781026824901196
1.9794000244140624 0.47775983567978675
1.9804000244140625 0.47800318607268355
1.9814000244140624 0.4770278746242977
1.9824000244140625 0.47723418174237753
1.9834000244140624 0.47811396839401993
1.9844000244140625 0.47834335244810233
1.9854000244140624 0.47741161733593807
1.9864000244140625 0.478420026188786
1.9874000244140624 0.47858655119763954
1.9884000244140625 0.47904164349983946
1.9894000244140624 0.4785792306739063
1.9904000244140625 0.4794546686976976
1.9914000244140624 0.47861547430551166
1.9924000244140625 0.47806941174231465
1.9934000244140624 0.4790389149229808
1.9944000244140625 0.477992162848138
1.9954000244140624 0.47739132079190877
1.9964000244140625 0.4750636918749966
1.9974000244140624 0.4740293812860091
1.9984000244140625 0.47510812171777445
1.9994000244140624 0.4769722083091727
2.0004000244140623 0.47922077725809703
2.0014000244140626 0.4789078692836199
2.0024000244140625 0.4804051996491145
2.0034000244140624 0.4812167646903336
2.0044000244140623 0.48129450125711404
2.0054000244140626 0.48046875933615274
2.0064000244140625 0.48084102245076277
2.0074000244140624 0.48013961749198075
2.0084000244140623 0.4802278755779028
2.009400024414062 0.4802304791844509
2.0104000244140625 0.4801947115461091
2.0114000244140624 0.4795364882501782
2.0124000244140623 0.48105754738263956
2.013400024414062 0.4798158498510167
2.0144000244140625 0.480047614260641
2.0154000244140624 0.48105800953300715
2.0164000244140623 0.48145681092740905
2.017400024414062 0.4814841862581576
2.0184000244140625 0.4818505942409189
2.0194000244140624 0.48281194977635933
2.0204000244140623 0.48346282647482836
2.021400024414062 0.4825734846522381
2.0224000244140625 0.4839817178141865
2.0234000244140624 0.48450054236341183
2.0244000244140623 0.48446794143018546
2.025400024414062 0.4858155183404356
2.0264000244140625 0.4866069690844283
2.0274000244140624 0.4865704476966093
2.0284000244140623 0.4882833517196081
2.029400024414062 0.4880084606704729
2.0304000244140625 0.48857925454651635
2.0314000244140624 0.4891579427731664
2.0324000244140623 0.48928925244735505
2.033400024414062 0.48939599157628483
2.0344000244140625 0.4893063322027618
2.0354000244140624 0.490117452014174
2.0364000244140623 0.4895005490437779
2.037400024414062 0.48938395603719476
2.0384000244140625 0.48900700180465123
2.0394000244140624 0.48936680067910354
2.0404000244140623 0.4892205286906956
2.0414000244140627 0.48793884820201516
2.0424000244140625 0.48863999987805595
2.0434000244140624 0.48814589091572264
2.0444000244140623 0.48644899465581815
2.0454000244140627 0.48696461110399814
2.0464000244140625 0.48439058598126955
2.0474000244140624 0.48386889313109666
2.04839990234375 0.48334085581415354
2.04939990234375 0.4826417852991521
2.05039990234375 0.48200515740938643
2.05139990234375 0.481481462583815
2.05239990234375 0.47989159010606863
2.05339990234375 0.4798428940175671
2.05439990234375 0.48001543382697964
2.05539990234375 0.4798972254650704
2.05639990234375 0.4789135802861454
2.05739990234375 0.479474182358525
2.05839990234375 0.4798833941176781
2.05939990234375 0.4798416487741759
2.06039990234375 0.47983568544944155
2.06139990234375 0.47984376855095395
2.06239990234375 0.48051837263378433
2.06339990234375 0.4820642687795138
2.06439990234375 0.48216816332247336
2.06539990234375 0.4830667986982805
2.06639990234375 0.4841147503230431
2.06739990234375 0.4856396227986227
2.06839990234375 0.48657830691054066
2.06939990234375 0.48693041902551776
2.07039990234375 0.4882414642752412
2.07139990234375 0.48943509300769494
2.07239990234375 0.48963649635921114
2.07339990234375 0.4923016891771824
2.07439990234375 0.4925984244722797
2.07539990234375 0.4928745490765287
2.07639990234375 0.49410205295521303
2.07739990234375 0.49515893234234265
2.07839990234375 0.4958257554856412
2.07939990234375 0.49654001550720417
2.08039990234375 0.49628849393607605
2.08139990234375 0.4962356983530517
2.08239990234375 0.4979660906319728
2.08339990234375 0.49729772721531795
2.08439990234375 0.49795477162217866
2.08539990234375 0.4974587669583676
2.08639990234375 0.4981338465906912
2.08739990234375 0.4987151877335833
2.08839990234375 0.4983236924229101
2.08939990234375 0.49688276574041473
2.09039990234375 0.4970748590799797
2.09139990234375 0.49583863829728697
2.09239990234375 0.4961573843280812
2.09339990234375 0.49671120078170816
2.09439990234375 0.49580065362965764
2.09539990234375 0.49527550881066656
2.09639990234375 0.49452067307311226
2.09739990234375 0.4948620753806247
2.09839990234375 0.494883159723749
2.09939990234375 0.4952961285655738
2.10039990234375 0.4927161800291289
2.10139990234375 0.4938088533576978
2.10239990234375 0.49276398750757944
2.10339990234375 0.4936637735551348
2.10439990234375 0.4932247490943514
2.10539990234375 0.49243408018550194
2.10639990234375 0.49233863738513667
2.10739990234375 0.49254995165399085
2.10839990234375 0.4923776709494493
2.10939990234375 0.49128885299927283
2.11039990234375 0.492164943455258
2.11139990234375 0.49201657799645915
2.11239990234375 0.4914493667336074
2.11339990234375 0.4912439764629287
2.11439990234375 0.49189628426593907
2.11539990234375 0.49166021168313384
2.11639990234375 0.4914639045867642
2.11739990234375 0.49032527005863846
2.11839990234375 0.4901680484288898
2.11939990234375 0.4896127437244094
2.12039990234375 0.48968043346688256
2.12139990234375 0.4890161367472021
2.12239990234375 0.4882223632510961
2.12339990234375 0.48853595271287087
2.12439990234375 0.48785465071833073
2.12539990234375 0.4876696752191686
2.12639990234375 0.48695286956253986
2.12739990234375 0.48754571498998533
2.12839990234375 0.48596207719258133
2.12939990234375 0.4874114313924117
2.13039990234375 0.4853948385346345
2.13139990234375 0.4845342384051623
2.13239990234375 0.4851059924577178
2.13339990234375 0.4843007019728513
2.13439990234375 0.4852123421861742
2.13539990234375 0.48417751503176654
2.13639990234375 0.48567533462843715
2.13739990234375 0.4849652802230069
2.13839990234375 0.4850937473972076
2.13939990234375 0.4850363989918132
2.14039990234375 0.4854471037152553
2.14139990234375 0.48468024822206246
2.14239990234375 0.48747364946946037
2.14339990234375 0.4868224959167598
2.14439990234375 0.48718233333990757
2.14539990234375 0.4877083938641561
2.14639990234375 0.48757852771908666
2.14739990234375 0.48875995915030174
2.14839990234375 0.4894027834636802
2.14939990234375 0.4880724858351975
2.15039990234375 0.4896037268361938
2.15139990234375 0.489136515889245
2.15239990234375 0.490295736236043
2.15339990234375 0.4887510616178596
2.15439990234375 0.4897435572007169
2.15539990234375 0.48918896676344736
2.15639990234375 0.48972090895975945
2.15739990234375 0.48813432369338716
2.15839990234375 0.4883601346639321
2.15939990234375 0.4886358152688191
2.16039990234375 0.4874451378676797
2.16139990234375 0.48727112560382435
2.16239990234375 0.4856243265227676
2.16339990234375 0.4852589961390258
2.16439990234375 0.4837756974437817
2.16539990234375 0.4829080608858039
2.16639990234375 0.48229366844017746
2.16739990234375 0.4805425061755669
2.16839990234375 0.48057550825499384
2.16939990234375 0.47859987873643334
2.17039990234375 0.4782902436453587
2.17139990234375 0.47622207488602614
2.17239990234375 0.4769864676150979
2.17339990234375 0.4753630707712722
2.17439990234375 0.4740955058979502
2.17539990234375 0.4737683175655785
2.17639990234375 0.47249038324362086
2.17739990234375 0.47245916765106477
2.17839990234375 0.47046800584142884
2.17939990234375 0.47101075656963876
2.18039990234375 0.47160058806900806
2.18139990234375 0.47110796926904963
2.18239990234375 0.47066058295192487
2.18339990234375 0.4703263956346584
2.18439990234375 0.47016332099017966
2.18539990234375 0.47187015330190385
2.18639990234375 0.47202467194548825
2.18739990234375 0.47156355279767875
2.18839990234375 0.47379275372799007
2.18939990234375 0.4730580558193738
2.19039990234375 0.473999256563874
2.19139990234375 0.4754522105766287
2.19239990234375 0.47606941775149386
2.19339990234375 0.4770136562962591
2.19439990234375 0.4783673917562746
2.19539990234375 0.4786463465709195
2.19639990234375 0.47947502763326555
2.19739990234375 0.481398376021918
2.19839990234375 0.4825594572257991
2.19939990234375 0.48320958114156803
2.20039990234375 0.48584281463936896
2.20139990234375 0.48601743798327296
2.20239990234375 0.48742409987465296
2.20339990234375 0.48788616075897656
2.20439990234375 0.48952105674513036
2.20539990234375 0.4901841184796795
2.20639990234375 0.4904662550207691
2.20739990234375 0.4905241516525655
2.20839990234375 0.4904206105031533
2.20939990234375 0.48998809580896413
2.21039990234375 0.4898703720839861
2.21139990234375 0.488142100903058
2.21239990234375 0.4859124155673942
2.21339990234375 0.4830477169170909
2.21439990234375 0.4773155161277644
2.21539990234375 0.47436522452632673
2.21639990234375 0.4652869331273909
2.21739990234375 0.4581938771890186
2.21839990234375 0.4481878131506327
2.21939990234375 0.4356024385717144
2.22039990234375 0.42198711127568883
2.22139990234375 0.4067504869662746
2.22239990234375 0.3900948631655038
2.22339990234375 0.371768100195223
2.22439990234375 0.35201661419769253
2.22539990234375 0.33103036658673574
2.22639990234375 0.3104007562543778
2.22739990234375 0.2901719242210807
2.22839990234375 0.2694124392482448
2.22939990234375 0.24927478628123734
2.23039990234375 0.2303227806467123
2.23139990234375 0.2113234213684096
2.23239990234375 0.194164888257688
2.23339990234375 0.1786780268917019
2.23439990234375 0.16409446679446024
2.23539990234375 0.14986323641384625
2.23639990234375 0.13693142312220263
2.23739990234375 0.12377115108570559
2.23839990234375 0.1113319683212599
2.23939990234375 0.10050968627084474
2.24039990234375 0.09002926969291111
2.24139990234375 0.08013611334824038
2.24239990234375 0.07120944045984973
2.24339990234375 0.0629604254422459
2.24439990234375 0.055133129500330134
2.24539990234375 0.048598789988066604
2.24639990234375 0.04275224956173589
2.24739990234375 0.03731130775899563
2.24839990234375 0.03261722832171726
2.24939990234375 0.028394387513127024
2.25039990234375 0.024594089987290728
2.25139990234375 0.02136798576550094
2.25239990234375 0.018701217948836606
2.25339990234375 0.016302233505781874
2.25439990234375 0.014161282482747775
2.25539990234375 0.01236353766526812
2.25639990234375 0.010719383479823767
2.25739990234375 0.009287324285515914
2.25839990234375 0.008132412001335925
2.25939990234375 0.00709761542215212
2.26039990234375 0.0061852017447611525
2.26139990234375 0.005407256242524156
2.26239990234375 0.004701299558453502
2.26339990234375 0.004082894481205848
2.26439990234375 0.003584279502070374
2.26539990234375 0.003153404219727882
2.26639990234375 0.002765658294802434
2.26739990234375 0.002440537477513476
2.26839990234375 0.002152935862476408
2.26939990234375 0.001895690312824476
2.27039990234375 0.00168417704506857
2.27139990234375 0.001495147695715518
2.27239990234375 0.001331192596487298
2.27339990234375 0.001195326068918118
2.27439990234375 0.001065006705369408
2.27539990234375 0.00095188267614033
2.27639990234375 0.000852338237759676
2.27739990234375 0.0007712769792943801
2.27839990234375 0.000696379529945568
2.27939990234375 0.0006277834880330101
2.28039990234375 0.000577219867548498
2.28139990234375 0.000520568610682542
2.28239990234375 0.000470361157339572
2.28339990234375 0.00043191100212747
2.28439990234375 0.000397763382970122
2.28539990234375 0.00036536460386244
2.28639990234375 0.000334040132707272
2.28739990234375 0.00030490507261447797
2.28839990234375 0.000286091745439134
2.28939990234375 0.00025739414427458396
2.29039990234375 0.00024096727463077198
2.29139990234375 0.00022381041212901002
2.29239990234375 0.00020534262031890598
2.29339990234375 0.00018783150263806202
2.29439990234375 0.00017497842967160402
2.29539990234375 0.00016347448751697602
2.29639990234375 0.000147817136975718
2.29739990234375 0.00014277938723014202
2.29839990234375 0.000128435542674306
2.29939990234375 0.00012194859913035601
2.30039990234375 0.00011323915221798601
2.30139990234375 0.0
2.30239990234375 0.0
