Microns Throughput
0.398 0.0
0.399 0.0
0.4 0.0
0.401 0.0
0.402 0.0
0.403 0.0
0.404 0.0
0.405 0.0
0.406 0.0
0.407 0.0
0.408 0.0
0.409 0.0
0.41 0.0
0.411 0.0
0.412 0.0
0.413 0.0
0.414 0.0
0.415 0.0
0.416 0.0
0.417 0.0
0.418 0.0
0.419 0.0
0.42 0.0
0.421 0.0
0.422 0.0
0.423 0.0
0.424 0.0
0.425 0.0
0.426 0.0
0.427 0.0
0.428 0.0
0.429 0.0
0.43 0.0
0.431 0.0
0.432 0.0
0.433 0.0
0.434 0.0
0.435 0.0
0.436 0.0
0.437 0.0
0.438 0.0
0.439 0.0
0.44 0.0
0.441 0.0
0.442 0.0
0.443 0.0
0.444 0.0
0.445 0.0
0.446 0.0
0.447 0.0
0.448 0.0
0.449 0.0
0.45 0.0
0.451 0.0
0.452 0.0
0.453 0.0
0.454 0.0
0.455 0.0
0.456 0.0
0.457 0.0
0.458 0.0
0.459 0.0
0.46 0.0
0.461 0.0
0.462 0.0
0.463 0.0
0.464 0.0
0.465 0.0
0.466 0.0
0.467 0.0
0.468 0.0
0.469 0.0
0.47 0.0
0.471 0.0
0.472 0.0
0.473 0.0
0.474 0.0
0.475 0.0
0.476 0.0
0.477 0.0
0.478 0.0
0.479 0.0
0.48 0.0
0.481 0.0
0.482 0.0
0.483 0.0
0.484 0.0
0.485 0.0
0.486 0.0
0.487 0.0
0.488 0.0
0.489 0.0
0.49 0.0
0.491 0.0
0.492 0.0
0.493 0.0
0.494 0.0
0.495 0.0
0.496 0.0
0.497 0.0
0.498 0.0
0.499 0.0
0.5 0.0
0.501 0.0
0.502 0.0
0.503 0.0
0.504 0.0
0.505 0.0
0.506 0.0
0.507 0.0
0.508 0.0
0.509 0.0
0.51 0.0
0.511 0.0
0.512 0.0
0.513 0.0
0.514 0.0
0.515 0.0
0.516 0.0
0.517 0.0
0.518 0.0
0.519 0.0
0.52 0.0
0.521 0.0
0.522 0.0
0.523 0.0
0.524 0.0
0.525 2.442496447677175e-07
0.526 1.0335588302448117e-06
0.527 1.7936211226257228e-06
0.528 2.2700698594510308e-06
0.529 2.3329437641033123e-06
0.53 2.15154399859038e-06
0.531 2.007243938205311e-06
0.532 1.964588199734131e-06
0.533 2.0135182549625185e-06
0.534 2.102680341228729e-06
0.535 2.410991272078346e-06
0.536 2.970739915057514e-06
0.537 3.935371639044065e-06
0.538 5.4281979653674735e-06
0.539 8.251984422032929e-06
0.54 1.284751860928423e-05
0.541 1.825622749339959e-05
0.542 2.127814669307981e-05
0.543 2.0311036090414686e-05
0.544 1.6190780795429338e-05
0.545 1.1745414204866522e-05
0.546 8.314490245662835e-06
0.547 6.352502538173196e-06
0.548 5.290284691898498e-06
0.549 4.760097404643971e-06
0.55 4.707077396342095e-06
0.551 5.065696599665311e-06
0.552 5.583988493666303e-06
0.553 6.277534788240752e-06
0.554 7.089242482613153e-06
0.555 7.855178954571436e-06
0.556 8.085283121019536e-06
0.557 8.17487663202977e-06
0.558 6.972784887925421e-06
0.559 4.9023773838822344e-06
0.56 4.848844484175588e-06
0.561 5.485176003271323e-06
0.562 5.21687214731942e-06
0.563 4.846319081498403e-06
0.564 5.3550196869076805e-06
0.565 6.088532236971502e-06
0.566 6.723579488934448e-06
0.567 6.812878942896637e-06
0.568 7.138374711499913e-06
0.569 7.4833485717489805e-06
0.57 7.362644747910306e-06
0.571 7.761103569014656e-06
0.572 9.174333528911546e-06
0.573 1.0899415799577015e-05
0.574 1.1832720644623787e-05
0.575 1.3183698675704916e-05
0.576 1.586187249066956e-05
0.577 1.816891409459579e-05
0.578 1.908957182879859e-05
0.579 1.996117883782214e-05
0.58 2.211653911007834e-05
0.581 2.718183054033928e-05
0.582 3.661265993520284e-05
0.583 5.493455333912115e-05
0.584 9.7873207450916e-05
0.585 0.000201049573986132
0.586 0.00037262565764816
0.587 0.000501610192697068
0.588 0.000470911980709516
0.589 0.000309256444001884
0.59 0.00016395554341958401
0.591 9.242759093128801e-05
0.592 6.439992295738984e-05
0.593 4.940341904935529e-05
0.594 4.1150926030282706e-05
0.595 4.023612474033445e-05
0.596 3.7666120950854694e-05
0.597 3.867691190808826e-05
0.598 4.197450917821195e-05
0.599 4.361823211931865e-05
0.6 4.731800740643182e-05
0.601 5.278321404644748e-05
0.602 6.125370684477345e-05
0.603 7.471382517088381e-05
0.604 9.100130279937216e-05
0.605 0.00010554391573376401
0.606 0.00012141995012554401
0.607 0.000135548170149128
0.608 0.00013936803934956003
0.609 0.000134664811125288
0.61 0.000124120631506436
0.611 0.00010984095095061601
0.612 9.3010353711244e-05
0.613 7.910924049756504e-05
0.614 6.7710362865556e-05
0.615 6.088045349836595e-05
0.616 5.512781564618697e-05
0.617 5.197912009313534e-05
0.618 5.1363123582317295e-05
0.619 4.786655614165155e-05
0.62 4.45250324977322e-05
0.621 4.247330337450717e-05
0.622 4.750289366662103e-05
0.623 5.1068599403218696e-05
0.624 5.685306988744484e-05
0.625 6.764108705109758e-05
0.626 8.360973922933567e-05
0.627 0.000109180900867424
0.628 0.000153042418754928
0.629 0.000225338371727332
0.63 0.000336108558424364
0.631 0.00047443340260556
0.632 0.000577482388911088
0.633 0.0005833007297879441
0.634 0.00049622330255952
0.635 0.000385843506700128
0.636 0.000299409678319412
0.637 0.000249718010050124
0.638 0.00022494028884688003
0.639 0.000217405132399044
0.64 0.000229707233274712
0.641 0.00025380166543838
0.642 0.00028830450098004
0.643 0.000324608109979288
0.644 0.000354032465334576
0.645 0.00035822345080602
0.646 0.000326572222787024
0.647 0.000272260499527988
0.648 0.00021318209331192803
0.649 0.000169452520648388
0.65 0.00013747514600162002
0.651 0.00011327532886228001
0.652 9.79495520526e-05
0.653 9.429720360590401e-05
0.654 9.322749419044401e-05
0.655 9.6065403078248e-05
0.656 0.000103772081732512
0.657 0.000121937063600792
0.658 0.00014378073581503201
0.659 0.00017317876150162802
0.66 0.00020846189433958
0.661 0.000245080630465764
0.662 0.000258781088175952
0.663 0.000246759509675468
0.664 0.00022079314266619602
0.665 0.000194138460984684
0.666 0.000167096091245672
0.667 0.00014419692984980002
0.668 0.000133393132421628
0.669 0.00012752271964082
0.67 0.000126218978134552
0.671 0.000127244837270128
0.672 0.00014107380378108802
0.673 0.000163360789332948
0.674 0.00019392937891731999
0.675 0.00022291660066340002
0.676 0.000250813642608172
0.677 0.000267640682724308
0.678 0.00027420735869528403
0.679 0.00026217320719769605
0.68 0.000233901169845612
0.681 0.000194306571686396
0.682 0.000164070584730068
0.683 0.00015332945819014003
0.684 0.00014806564797043999
0.685 0.00014217631135892802
0.686 0.00013762421298062002
0.687 0.000141729420220796
0.688 0.00014942178207324802
0.689 0.0001549861974773
0.69 0.000166568725470744
0.691 0.00017769990920516002
0.692 0.000178968684395536
0.693 0.00017042679191703601
0.694 0.000157866592734408
0.695 0.00014214509553518403
0.696 0.00012181714324225599
0.697 0.000107651484186028
0.698 9.8387747434084e-05
0.699 9.130221590521223e-05
0.7 8.472270813475895e-05
0.701 7.691248418886406e-05
0.702 7.307783529370285e-05
0.703 7.708682568646274e-05
0.704 8.909270457723832e-05
0.705 0.00010412086976443201
0.706 0.000122864449051028
0.707 0.000144444371655724
0.708 0.000171711197065428
0.709 0.00021681074979111202
0.71 0.000301774959998468
0.711 0.000441989081777184
0.712 0.000653507429672132
0.713 0.0009413614232469481
0.714 0.001330005322488564
0.715 0.001726881075340924
0.716 0.001964489726708752
0.717 0.001852078212402916
0.718 0.001489571737360792
0.719 0.001083608740887596
0.72 0.000763955710675328
0.721 0.000527387432858864
0.722 0.000364084164585544
0.723 0.00026992949523276
0.724 0.000197402136805796
0.725 0.000150101117168104
0.726 0.00011995974467237602
0.727 0.000100971886803712
0.728 8.151446312369855e-05
0.729 6.298935037428921e-05
0.73 5.7568991431266845e-05
0.731 5.4833725849462995e-05
0.732 5.179372770825199e-05
0.733 4.731186606893567e-05
0.734 5.2068492085592885e-05
0.735 5.408393425184401e-05
0.736 4.878018190635662e-05
0.737 5.1270267452607955e-05
0.738 6.28675373777993e-05
0.739 7.914834222089197e-05
0.74 8.699925530610839e-05
0.741 0.00010858707566854
0.742 0.00014320914617600402
0.743 0.000206320288530476
0.744 0.000307537770970868
0.745 0.00046688937349399995
0.746 0.000697869120402088
0.747 0.001000224922830196
0.748 0.001313829813813692
0.749 0.001539733116489888
0.75 0.001634388595881632
0.751 0.001696888920421756
0.752 0.0019860305086153163
0.753 0.002685343236978548
0.754 0.003459598499568876
0.755 0.003453309896515956
0.756 0.002447140076330196
0.757 0.001206435275371872
0.758 0.0004947952208343041
0.759 0.00024329735487890001
0.76 0.000138588397824024
0.761 7.82679314791618e-05
0.762 4.6875066256575646e-05
0.763 3.801032492641153e-05
0.764 2.6376398544579432e-05
0.765 1.4863757551769922e-05
0.766 1.4296819490957424e-05
0.767 1.5261882331343545e-05
0.768 1.4970581784108347e-05
0.769 1.0265185865716868e-05
0.77 1.0649381855405896e-05
0.771 8.899498343894058e-06
0.772 1.1214101660671593e-05
0.773 1.0846436694821638e-05
0.774 4.87732839233737e-06
0.775 6.379027478828072e-06
0.776 9.228300977371087e-06
0.777 1.6802930249348624e-05
0.778 6.534974672111466e-06
0.779 7.584315050747633e-06
0.78 1.0606487190010107e-05
0.781 1.5658748026961866e-05
0.782 8.917352381272263e-06
0.783 1.7233557457923134e-05
0.784 1.725224415984554e-05
0.785 1.3311781709569834e-05
0.786 1.147954092356125e-05
0.787 1.7889488254470106e-05
0.788 2.78045882009632e-05
0.789 5.148766530141147e-05
0.79 0.00010093310762528401
0.791 0.000153676392329232
0.792 0.000178331072054068
0.793 0.00014663981842307202
0.794 9.7399914971124e-05
0.795 6.520308404429087e-05
0.796 4.794173824933195e-05
0.797 -8.243398661108744e-05
0.798 0.00033930523285034803
0.799 0.000986316276239888
0.8 0.002091322778445468
0.801 0.00153846988475942
0.802 0.002282197589933644
0.803 0.002042278053451128
0.804 0.002080696608726536
0.805 0.000436889744446532
0.806 0.000168207627262372
0.807 0.000763585891205772
0.808 0.0017462682008868322
0.809 0.00193906053551086
0.81 0.0009439966485360121
0.811 0.0011978685788113681
0.812 0.001117024738256456
0.813 0.0016246931174740522
0.814 0.0015473905920288201
0.815 0.001728454457453544
0.816 0.0012099339370795319
0.817 0.001358055782894668
0.818 0.001261916031348488
0.819 0.001016381836189804
0.82 0.001408012280224864
0.821 0.00228429031824642
0.822 0.001910357200433868
0.823 0.000569931493545128
0.824 -0.000358508145684068
0.825 0.000240914785620512
0.826 0.001512203275544436
0.827 0.0018673470946588
0.828 0.0008326234935359321
0.829 5.181229322192238e-06
0.83 0.000540615939238212
0.831 0.00103910714872326
0.832 0.001336872888616376
0.833 0.001173950283568332
0.834 0.0011445950494891
0.835 0.001041205111104544
0.836 0.0011075080787946322
0.837 0.001029653448616048
0.838 0.00128734720431424
0.839 0.0013287871453923161
0.84 0.00107078341465514
0.841 0.0008727948151074121
0.842 0.00104747357710712
0.843 0.00091769364541372
0.844 0.000790330826520376
0.845 0.0007133429037758601
0.846 0.000889780942461208
0.847 0.001227896057487864
0.848 0.001355714027535192
0.849 0.001002276351091036
0.85 0.000872420709137976
0.851 0.001120144293645364
0.852 0.00129722310591316
0.853 0.001320866550957752
0.854 0.001535324087156836
0.855 0.001027957491049364
0.856 0.000577099797460664
0.857 0.00035929257051068003
0.858 0.0009274518072768361
0.859 0.001161082052144392
0.86 0.0015628435287027961
0.861 0.001027387367383968
0.862 0.00082034165827334
0.863 0.0005736654524736841
0.864 0.001054528898296996
0.865 0.0011163144642758881
0.866 0.001243708912388628
0.867 0.0007079400826873921
0.868 0.00086472124586514
0.869 0.001161408096353256
0.87 0.001392057937649456
0.871 0.0010986805351117
0.872 0.001238940917217112
0.873 0.00124293686785868
0.874 0.0010771002828814
0.875 0.001063722039880076
0.876 0.001183609299430164
0.877 0.00121159866938594
0.878 0.001136500756635672
0.879 0.0010891427886008161
0.88 0.000986297490931284
0.881 0.000853090520163184
0.882 0.000826682188767948
0.883 0.000872999533137296
0.884 0.000779937127181396
0.885 0.000638701063017512
0.886 0.000713583574814828
0.887 0.00089083601903158
0.888 0.0007736018763861921
0.889 0.000636979416349892
0.89 0.00081538643617818
0.891 0.000943651134537532
0.892 0.0009191346416384761
0.893 0.0009639808947735202
0.894 0.001071150366442744
0.895 0.001100230612474872
0.896 0.001089512324312104
0.897 0.001030006875555228
0.898 0.0010077526090155721
0.899 0.001009810733411036
0.9 0.001069769134989624
0.901 0.0011836714239190922
0.902 0.001221847141203724
0.903 0.001183485798809472
0.904 0.001130489476469244
0.905 0.0011217859260477761
0.906 0.000993138530284452
0.907 0.0008592441786217561
0.908 0.0008845155817351481
0.909 0.000944386561329784
0.91 0.000866653925373828
0.911 0.0007314164729243
0.912 0.000758599489193088
0.913 0.0009004503424746001
0.914 0.0008638919268713521
0.915 0.0007532164306398
0.916 0.0006041183049570921
0.917 0.000480189683424124
0.918 0.00049654265200962
0.919 0.0006328762407194961
0.92 0.000716545911338692
0.921 0.0006744939537939081
0.922 0.00063894550582418
0.923 0.000724378220112072
0.924 0.000858252894479244
0.925 0.000957393038279
0.926 0.0009676905582196242
0.927 0.001110052897184308
0.928 0.001261760176085364
0.929 0.0013923505257431282
0.93 0.0014251037387962482
0.931 0.0015219161278498881
0.932 0.001714546653287088
0.933 0.001898601565000764
0.934 0.00198886543935364
0.935 0.0020380876871743682
0.936 0.002146286656361404
0.937 0.002283998989484812
0.938 0.0023933786816006243
0.939 0.00247971346896374
0.94 0.002507078701749232
0.941 0.0025024484086038842
0.942 0.002501122218236312
0.943 0.0025455865057925162
0.944 0.0025093669252965
0.945 0.002464922888948012
0.946 0.002407597239147408
0.947 0.002337841524700996
0.948 0.002237954444755532
0.949 0.0021536207627832
0.95 0.0020570365132568003
0.951 0.0019535545122722243
0.952 0.001895475486988864
0.953 0.001821070773470608
0.954 0.0017089618986544121
0.955 0.001638500767929184
0.956 0.001593744495348048
0.957 0.0015386779700626281
0.958 0.001483853979308192
0.959 0.0014730931811851122
0.96 0.0014678986511182921
0.961 0.001507500403436432
0.962 0.001604539399150848
0.963 0.001724112541403812
0.964 0.001794801569610536
0.965 0.0019229835297637121
0.966 0.0021155618089780284
0.967 0.002346335332755368
0.968 0.002591372410151756
0.969 0.002919424844514148
0.97 0.003379381975727616
0.971 0.0038983460448392803
0.972 0.004511583932747804
0.973 0.005274864167498828
0.974 0.0062205921546933446
0.975 0.007289274432385853
0.976 0.008659900830095857
0.977 0.010291087314809572
0.978 0.012220831303593617
0.979 0.014446208967142271
0.98 0.017263582239178232
0.981 0.020354395168664843
0.982 0.02401332655533544
0.983 0.02813890013727677
0.984 0.03282750353388449
0.985 0.03840429671781464
0.986 0.04425728672889363
0.987 0.05059816594424181
0.988 0.05733782955205452
0.989 0.06535322972759591
0.99 0.07371510242186691
0.991 0.08233355843185752
0.992 0.09255114386460692
0.993 0.10241862512656216
0.994 0.11229349110204986
0.995 0.12221213312293318
0.996 0.1341167426336276
0.997 0.14585685600592443
0.998 0.15772290648759998
0.999 0.16938943361798472
1.0 0.18015923009530363
1.001 0.1906436537281978
1.002 0.20123519517019747
1.003 0.2119537975910007
1.004 0.2226870906500781
1.005 0.23227035540257532
1.006 0.24111503343784885
1.007 0.24849404340420056
1.008 0.2561681811434946
1.009 0.26312763519768134
1.01 0.2697786647516379
1.011 0.27662570636783695
1.012 0.2824874524796965
1.013 0.2879606812412953
1.014 0.29268328378674124
1.015 0.2972591914414394
1.016 0.30021088804142937
1.017 0.30324899006912626
1.018 0.30688708816955795
1.019 0.3102192981476674
1.02 0.3136111317143139
1.021 0.3167018111507367
1.022 0.31923719583105276
1.023 0.3204149157857875
1.024 0.32161113770999195
1.025 0.32229966311067326
1.026 0.3227931236084937
1.027 0.3238429163769599
1.028 0.32557553840730785
1.029 0.32712265863692824
1.03 0.3282230089137167
1.031 0.32940212338884894
1.032 0.3302028506083959
1.033 0.3304928603433745
1.034 0.33159890368123496
1.035 0.3325014210928083
1.036 0.3335829016237371
1.037 0.3347184547774178
1.038 0.3354344841991971
1.039 0.33521823819209556
1.04 0.3346455996048387
1.041 0.3347132729307787
1.042 0.33499829981475887
1.043 0.336420168717707
1.044 0.33776441841572874
1.045 0.3379893616011018
1.046 0.33801795194994866
1.047 0.3382638922202896
1.048 0.3390916628154526
1.049 0.33905659270980065
1.05 0.33873579757221844
1.051 0.3385832551484107
1.052 0.3392877000180969
1.053 0.34046926471235567
1.054 0.34062319544931163
1.055 0.3400347685333109
1.056 0.33889654841752476
1.057 0.338458870666585
1.058 0.3384854747055425
1.059 0.33865269672070497
1.06 0.3391675487019821
1.061 0.3393286590296315
1.062 0.3395658885545799
1.063 0.33962817773680304
1.064 0.33945916316425007
1.065 0.33904824711151305
1.066 0.3390808653078927
1.067 0.33987198736645646
1.068 0.3404351215205701
1.069 0.34090094128683074
1.07 0.3401695615252805
1.071 0.33966066668746686
1.072 0.3392423401851546
1.073 0.33970443916787446
1.074 0.3404685578825174
1.075 0.34173380205564174
1.076 0.34342357144351304
1.077 0.34475995525247816
1.078 0.3459030031706715
1.079 0.3465730813311766
1.08 0.34780326469838485
1.081 0.3488801136651685
1.082 0.3495055339406662
1.083 0.3498036298067952
1.084 0.3504140477846366
1.085 0.35158441484630015
1.086 0.35274504534716233
1.087 0.35390283276314494
1.088 0.3541982482956062
1.089 0.3537899987869328
1.09 0.35337035208163836
1.091 0.354449491734706
1.092 0.35645844088865714
1.093 0.357636366958577
1.094 0.35797663380159145
1.095 0.35753717104120764
1.096 0.3574619110410908
1.097 0.35741414259885457
1.098 0.3579838122157746
1.099 0.35869769811408253
1.1 0.35924961637510977
1.101 0.35990145860389233
1.102 0.36027938390198483
1.103 0.36035031107050236
1.104 0.36020096544641306
1.105 0.360042240756142
1.106 0.36015465711643807
1.107 0.36058681139741394
1.108 0.3616587351855418
1.109 0.3616378363222497
1.11 0.36147888620603896
1.111 0.3613353751861262
1.112 0.3614499978971162
1.113 0.3612126835713317
1.114 0.36121962641187577
1.115 0.3618597134809247
1.116 0.36202428924236413
1.117 0.3622662601817075
1.118 0.3624725611924535
1.119 0.36240128617126993
1.12 0.3614361756672651
1.121 0.3604926873332567
1.122 0.36020772610059876
1.123 0.35967187974749626
1.124 0.35957204348354505
1.125 0.36024439328778046
1.126 0.36076703636789786
1.127 0.360210025837281
1.128 0.35929960627246355
1.129 0.35880555376966544
1.13 0.3591420546113338
1.131 0.3602927316323461
1.132 0.3608019170459911
1.133 0.36047198183303747
1.134 0.36006546434331194
1.135 0.3599244424150755
1.136 0.3603311167038638
1.137 0.36080872520803725
1.138 0.36133552121446244
1.139 0.36144175869342626
1.14 0.36239919709315316
1.141 0.36397852120514407
1.142 0.36563549879537455
1.143 0.36665380872220044
1.144 0.3666203419076772
1.145 0.36660569709695207
1.146 0.36723553364574374
1.147 0.3684302513645529
1.148 0.3699618428744551
1.149 0.37026496617682564
1.15 0.37053819110744873
1.151 0.37085402135992157
1.152 0.37177560153219574
1.153 0.3721825252430909
1.154 0.3725098598768729
1.155 0.3730845461633156
1.156 0.373475546953426
1.157 0.3744833316982352
1.158 0.3754300322389827
1.159 0.3762709135026422
1.16 0.3758386257359314
1.161 0.37551381904750525
1.162 0.3757043360956137
1.163 0.3766669750740067
1.164 0.37734742868643156
1.165 0.3778659503160415
1.166 0.37795488260242965
1.167 0.3777986671447244
1.168 0.37728715403971275
1.169 0.3773782380570215
1.17 0.3771227919582858
1.171 0.3767900860415605
1.172 0.3760825816918173
1.173 0.37618038454969804
1.174 0.37572291747896186
1.175 0.3747047410650952
1.176 0.3727549737953118
1.177 0.3704548982329388
1.178 0.36834387984045625
1.179 0.36564336216666804
1.18 0.36255988425611624
1.181 0.3589945702796341
1.182 0.354263613853094
1.183 0.34799510263958466
1.184 0.33989639147071105
1.185 0.33196473888938866
1.186 0.3229764040474886
1.187 0.3129213147613337
1.188 0.3016274585158724
1.189 0.29096121463063307
1.19 0.2807275777104313
1.191 0.26934061928532066
1.192 0.25803491758311076
1.193 0.24722428846707128
1.194 0.23762085983237993
1.195 0.22936809805840502
1.196 0.2226359164007129
1.197 0.21776995557484688
1.198 0.21602082950063634
1.199 0.2166327291275665
1.2 0.2180869145123406
1.201 0.2205586630399746
1.202 0.22525325953983863
1.203 0.2321931769214026
1.204 0.2403782062805671
1.205 0.24932705913683195
1.206 0.2597210928057488
1.207 0.270441110714906
1.208 0.2812799914121384
1.209 0.29248739591036244
1.21 0.3050432620360902
1.211 0.316634028869809
1.212 0.32693595996474784
1.213 0.3370910501160873
1.214 0.3460934112064642
1.215 0.35368967867851986
1.216 0.3600270635919882
1.217 0.36618295173425164
1.218 0.37191630697182415
1.219 0.3763173077489374
1.22 0.3790123954117463
1.221 0.3804964300773287
1.222 0.3819222768725544
1.223 0.38347696869229575
1.224 0.38382160204336996
1.225 0.3840961300163031
1.226 0.38431464506774005
1.227 0.3851129681014263
1.228 0.38539188337705044
1.229 0.3852663247941303
1.23 0.38463791906430067
1.231 0.38394926050563805
1.232 0.3842215716144323
1.233 0.3848763198339617
1.234 0.38533646155667645
1.235 0.38522787342037296
1.236 0.3850732335993329
1.237 0.38528575128578174
1.238 0.38513581649469325
1.239 0.3848937441962011
1.24 0.3847937047030107
1.241 0.3853287447462338
1.242 0.386037452720837
1.243 0.38635411632194894
1.244 0.38648253997515947
1.245 0.3858541425072965
1.246 0.38582430051218997
1.247 0.3855360150277537
1.248 0.3856620023470245
1.249 0.3860544706842838
1.25 0.3866453536709869
1.251 0.3868291037563928
1.252 0.38681192227783606
1.253 0.3870237882632707
1.254 0.38662446030983444
1.255 0.3865369584390125
1.256 0.3863597282005626
1.257 0.3863273800040644
1.258 0.3864418339044322
1.259 0.3869425454516668
1.26 0.3874339508769515
1.261 0.38758119708663047
1.262 0.3875162645790137
1.263 0.38724269831943486
1.264 0.3872646260655349
1.265 0.387812333935915
1.266 0.38832717876954215
1.267 0.3887877543642005
1.268 0.38850825903159936
1.269 0.38796737606996173
1.27 0.3874539395936286
1.271 0.3876358760406707
1.272 0.3877061810855268
1.273 0.3876492046732783
1.274 0.38765714947337926
1.275 0.3877540245058526
1.276 0.38783345818251785
1.277 0.38807740703308546
1.278 0.3879663001038148
1.279 0.38726121270974634
1.28 0.38662641216727844
1.281 0.38696711297024255
1.282 0.3873859431140313
1.283 0.3878497256074505
1.284 0.3879476091999552
1.285 0.38808707054758157
1.286 0.3876034263566693
1.287 0.38700712162548767
1.288 0.3866535941513278
1.289 0.3865177596777983
1.29 0.3862020433458252
1.291 0.3859006432170069
1.292 0.3861517220760005
1.293 0.3863014405708935
1.294 0.3859459060390999
1.295 0.3848244466886797
1.296 0.3838770061479278
1.297 0.38458583457939377
1.298 0.3863132656084976
1.299 0.38810452092559605
1.3 0.3882962022216526
1.301 0.38790836180667854
1.302 0.38673910168820014
1.303 0.3862740364382033
1.304 0.38598065794364905
1.305 0.38635903849803843
1.306 0.3864126538684263
1.307 0.3865796197589515
1.308 0.3864993618064181
1.309 0.3870043524730085
1.31 0.38717871595084485
1.311 0.38783347960157494
1.312 0.38820532278476716
1.313 0.3885591911256196
1.314 0.38893917895002345
1.315 0.3901576802576939
1.316 0.39104947629178627
1.317 0.3910632662097177
1.318 0.39066547630970055
1.319 0.39123987762320045
1.32 0.3919320505393842
1.321 0.39212766568945495
1.322 0.3914671242550978
1.323 0.39182280574634243
1.324 0.3927682198889714
1.325 0.39362831266049825
1.326 0.39348442277294976
1.327 0.3929536439176627
1.328 0.39243140398451415
1.329 0.39217923496565843
1.33 0.3928913458608017
1.331 0.393845078290622
1.332 0.3945564795962129
1.333 0.3943136641244073
1.334 0.39365423887419965
1.335 0.39290054232822585
1.336 0.39306349011875946
1.337 0.3939802015971486
1.338 0.3945723155272168
1.339 0.39467116630515836
1.34 0.39485848748638597
1.341 0.39533671340206417
1.342 0.3958835406034105
1.343 0.39607449129264805
1.344 0.39595456042867305
1.345 0.3957186314696682
1.346 0.3957659559978916
1.347 0.3962050566920118
1.348 0.3973573232681592
1.349 0.3981404194607769
1.35 0.39764969929917693
1.351 0.39671441394458756
1.352 0.3962835554955764
1.353 0.3965405015003895
1.354 0.3978229859186436
1.355 0.39859540479932226
1.356 0.3983962115505378
1.357 0.3981784464535258
1.358 0.39868216919093535
1.359 0.39833460569788337
1.36 0.39731669171754835
1.361 0.3967191811239824
1.362 0.39732900202281185
1.363 0.3982239367969966
1.364 0.3988656138453245
1.365 0.3984800130329925
1.366 0.3975593415779666
1.367 0.39578479130140154
1.368 0.3946436133425724
1.369 0.3943752870428479
1.37 0.3949765814370438
1.371 0.3950483137327848
1.372 0.3941438990200105
1.373 0.3923422901553329
1.374 0.39038378321861256
1.375 0.389281426062954
1.376 0.3888103755410321
1.377 0.38813605183932537
1.378 0.3867798358166248
1.379 0.3855508834240355
1.38 0.38484810938105396
1.381 0.38388502236324584
1.382 0.3828189346016721
1.383 0.3816088934609174
1.384 0.3804311095378516
1.385 0.3800729545350866
1.386 0.3806073081294834
1.387 0.38100920313015024
1.388 0.3804859381931479
1.389 0.3801089215374435
1.39 0.38010724882887026
1.391 0.3805727517012335
1.392 0.3805534498954307
1.393 0.3813230727914742
1.394 0.3824633839830616
1.395 0.3836340254979777
1.396 0.3835475812397839
1.397 0.3836936513612297
1.398 0.38432492713446637
1.399 0.385055674627738
1.4 0.3856544384428116
1.401 0.38647631618132694
1.402 0.38718100373240216
1.403 0.3875672147908845
1.404 0.38812301146529044
1.405 0.3885006440849954
1.406 0.38818297254353823
1.407 0.38834046895442176
1.408 0.38921904272616015
1.409 0.39031107708249474
1.41 0.39093464300034314
1.411 0.3919543632042605
1.412 0.3931609830193112
1.413 0.39394857720549575
1.414 0.3942867526806196
1.415 0.3940295074683511
1.416 0.3945253791089365
1.417 0.39576094448051063
1.418 0.396800749118901
1.419 0.3968811642199836
1.42 0.39599071002300346
1.421 0.39540280811789746
1.422 0.39425990364038627
1.423 0.39330047963022713
1.424 0.3915625396194665
1.425 0.38989656691933844
1.426 0.38804130044078855
1.427 0.3857697210045982
1.428 0.3825021850134897
1.429 0.37868071315918106
1.43 0.37505389553521007
1.431 0.37053746301295826
1.432 0.36541311032102597
1.433 0.36034719464770565
1.434 0.3550942306230353
1.435 0.3492304792302642
1.436 0.3424038304661843
1.437 0.3367681591576057
1.438 0.32991692671678063
1.439 0.32212804280724294
1.44 0.3132576970813276
1.441 0.3058426924355592
1.442 0.29873977675652896
1.443 0.2907819999146931
1.444 0.28232295840539184
1.445 0.27410619676235176
1.446 0.26604538247886794
1.447 0.2589481340181683
1.448 0.2525670149102545
1.449 0.24733739678140815
1.45 0.24206560012882647
1.451 0.23778911630076896
1.452 0.2339495847248666
1.453 0.23058114512937272
1.454 0.22860701768316813
1.455 0.22821549772937816
1.456 0.2291905176872463
1.457 0.2306234535440698
1.458 0.23346693805573368
1.459 0.2378236001565882
1.46 0.24350492716599165
1.461 0.24971009968887095
1.462 0.2563705133668803
1.463 0.26427738474532436
1.464 0.27324017033591763
1.465 0.2843516904868853
1.466 0.29532934009996203
1.467 0.3065420263259985
1.468 0.3156143937512414
1.469 0.3254203422679562
1.47 0.33518044750219816
1.471 0.3455462920167917
1.472 0.3561566174951185
1.473 0.3657286598770954
1.474 0.37503784428743014
1.475 0.3819803643896343
1.476 0.3890388793332802
1.477 0.3940534859324339
1.478 0.3986515997553974
1.479 0.40226264135991435
1.48 0.4062766749471846
1.481 0.40924442993106913
1.482 0.4116701869230276
1.483 0.4138056162806428
1.484 0.4156087778776715
1.485 0.41575807085288824
1.486 0.41568045274026
1.487 0.415034588892466
1.488 0.4155253468937747
1.489 0.4161640896200484
1.49 0.4174857049599872
1.491 0.41808064313997695
1.492 0.41816923998322164
1.493 0.41767485230152007
1.494 0.416567573048943
1.495 0.41587981072029384
1.496 0.4154913512352209
1.497 0.41653660454374736
1.498 0.4170607660589808
1.499 0.417647340897794
1.5 0.4171977013805638
1.501 0.4171865937777576
1.502 0.41708067707490526
1.503 0.41684952422188587
1.504 0.41685946455520256
1.505 0.417800334054463
1.506 0.41909234058287664
1.507 0.4192249764279171
1.508 0.41963824024221336
1.509 0.42004853403346337
1.51 0.4200149805085201
1.511 0.42009593570299647
1.512 0.42032341285683494
1.513 0.4209491966612207
1.514 0.42155135189774695
1.515 0.4221518222563593
1.516 0.4227682430485237
1.517 0.4231047392305575
1.518 0.42296761317797454
1.519 0.4217393215877255
1.52 0.4210941604184622
1.521 0.4208976812206785
1.522 0.42137610715280316
1.523 0.4228110875025241
1.524 0.4238360214886677
1.525 0.42356685616078077
1.526 0.42340774299642575
1.527 0.42344640513156706
1.528 0.424534067841043
1.529 0.4247296443545707
1.53 0.4253956623880607
1.531 0.42536294209526293
1.532 0.42605085959705646
1.533 0.42607360312584835
1.534 0.4256183891382752
1.535 0.4253424442690959
1.536 0.42519674864513174
1.537 0.4256223717357993
1.538 0.4264403624852022
1.539 0.4272152919639676
1.54 0.4272645243559212
1.541 0.42693758861593467
1.542 0.42648938449530593
1.543 0.4251633293386226
1.544 0.424395453187831
1.545 0.42416472456427107
1.546 0.4254608266384507
1.547 0.4257337319165542
1.548 0.4262438227585834
1.549 0.426051613957799
1.55 0.42578090828009924
1.551 0.4250797085170555
1.552 0.4251247654971208
1.553 0.42579316840917425
1.554 0.4260864170286963
1.555 0.4270022819726338
1.556 0.42776240142979605
1.557 0.4275369484344064
1.558 0.4262770104244915
1.559 0.42522066531105795
1.56 0.4252999976518409
1.561 0.4258559799516134
1.562 0.4264265904798339
1.563 0.4270322924008776
1.564 0.4279821276253291
1.565 0.4279225125160566
1.566 0.4263027433268217
1.567 0.4251725929186387
1.568 0.42478975914016553
1.569 0.4250150756448836
1.57 0.42517498111066154
1.571 0.4254868189617969
1.572 0.4261584203105085
1.573 0.42619059633374046
1.574 0.42571922800506706
1.575 0.4248171796690419
1.576 0.4246575823814808
1.577 0.4248082065466546
1.578 0.4252359899336951
1.579 0.42601445220736794
1.58 0.42677365829670894
1.581 0.427265113359678
1.582 0.42548061581183944
1.583 0.4242320062369262
1.584 0.42436139806787
1.585 0.4254458870336203
1.586 0.42470193133972506
1.587 0.42405800364652574
1.588 0.42412812829827956
1.589 0.4236467590443943
1.59 0.4231734013615717
1.591 0.42219785837049645
1.592 0.42234045422304795
1.593 0.4225403069496789
1.594 0.4228482624533418
1.595 0.42285760857957905
1.596 0.422940116095184
1.597 0.4237195136026857
1.598 0.42313216327733455
1.599 0.4226675295697958
1.6 0.4222815008513227
1.601 0.4226642404161272
1.602 0.4238047142493623
1.603 0.4255422829797248
1.604 0.4272775159412415
1.605 0.4265317285250852
1.606 0.4256052967964316
1.607 0.42464307919898703
1.608 0.42441864698213055
1.609 0.424656204497948
1.61 0.42547835654970684
1.611 0.4260350411858998
1.612 0.425242719598288
1.613 0.42553127384163375
1.614 0.42632400470351967
1.615 0.4263518408027401
1.616 0.42508600182059464
1.617 0.4245962302740564
1.618 0.42536227997944004
1.619 0.4267372073128861
1.62 0.4276192444466112
1.621 0.42775596206171684
1.622 0.42681565047833847
1.623 0.42605901323014717
1.624 0.4254532509197411
1.625 0.42674684917669403
1.626 0.4285669113856824
1.627 0.4301046726993333
1.628 0.43000502207444286
1.629 0.43094395347480574
1.63 0.4308337828146398
1.631 0.4288263100353312
1.632 0.4273475351162916
1.633 0.42758335238496215
1.634 0.4288657084788732
1.635 0.4296501061160562
1.636 0.43109538117916446
1.637 0.43081322107174624
1.638 0.43021944400846696
1.639 0.4290762697578441
1.64 0.4291996135168712
1.641 0.4298925898506063
1.642 0.43060361388180923
1.643 0.4301025376334672
1.644 0.4299902080738327
1.645 0.42968153280788773
1.646 0.4296432839713485
1.647 0.4291667847074693
1.648 0.4292430135799445
1.649 0.42839194364168737
1.65 0.4287246659557364
1.651 0.42975876643744443
1.652 0.4310085914202804
1.653 0.43080828840878704
1.654 0.4296497429708501
1.655 0.42903332452457416
1.656 0.42862045664789217
1.657 0.4284111951280306
1.658 0.42825084187991885
1.659 0.42898539837419924
1.66 0.4294194328325777
1.661 0.42886782026956066
1.662 0.42807856168001124
1.663 0.4276879855202778
1.664 0.426464619802057
1.665 0.42567300956088644
1.666 0.4253786692533809
1.667 0.4258840398992517
1.668 0.42529069527164404
1.669 0.42470389147737503
1.67 0.4229377518939581
1.671 0.42118527820120016
1.672 0.419252488930291
1.673 0.419462128447753
1.674 0.42120794961718755
1.675 0.4229249386269758
1.676 0.4241287103382455
1.677 0.4244450385566476
1.678 0.4245965988302197
1.679 0.42513996444050905
1.68 0.4269518880877705
1.681 0.42726524198849547
1.682 0.42680797308792423
1.683 0.4277450962383504
1.684 0.4293037335004287
1.685 0.43111403623176453
1.686 0.43135643034346416
1.687 0.430807666660551
1.688 0.4301392170773979
1.689 0.4309806107970213
1.69 0.43082473967861373
1.691 0.43138933249710093
1.692 0.4320002228181826
1.693 0.43316413245752156
1.694 0.43270510364361753
1.695 0.4323904494685188
1.696 0.4308841048791941
1.697 0.4309153931795175
1.698 0.43063053699745474
1.699 0.43094033146646443
1.7 0.4312715552902698
1.701 0.43238647182751755
1.702 0.4321302153301767
1.703 0.4306030781563874
1.704 0.4288947308519
1.705 0.42790639119083473
1.706 0.42804105121875274
1.707 0.4282219183109608
1.708 0.4282246262728332
1.709 0.42811333429404075
1.71 0.4273496250974695
1.711 0.42679537726893885
1.712 0.4258039008032954
1.713 0.4246949239869872
1.714 0.4240069740604119
1.715 0.42433648314780814
1.716 0.4250863528154023
1.717 0.4253494339384647
1.718 0.4266474989772728
1.719 0.42673317536251454
1.72 0.42648969653834534
1.721 0.4254075141062051
1.722 0.4263935277800042
1.723 0.4272990745825463
1.724 0.42808618709968566
1.725 0.42927180909906537
1.726 0.4309289128415203
1.727 0.43215439607837025
1.728 0.43079579243260896
1.729 0.4295855663667229
1.73 0.4284876326831011
1.731 0.42906372541581933
1.732 0.4296186604720576
1.733 0.43027652236858005
1.734 0.4303954765236849
1.735 0.4299404320423675
1.736 0.42967024778251234
1.737 0.42969030033716077
1.738 0.4303282203334072
1.739 0.4308237383526405
1.74 0.43137860124479777
1.741 0.43152809357138544
1.742 0.4319525869948441
1.743 0.4329091756615091
1.744 0.4327317184835207
1.745 0.4321280786283147
1.746 0.4315607506474825
1.747 0.43160935673516027
1.748 0.43176150307452477
1.749 0.4328137274545284
1.75 0.4345883744578318
1.751 0.4349257286935254
1.752 0.43384029191413265
1.753 0.43304011770701595
1.754 0.43252223923746996
1.755 0.4329701632770523
1.756 0.4333160477456188
1.757 0.4341857961977796
1.758 0.4336733772276873
1.759 0.4338821262804766
1.76 0.433753337245193
1.761 0.432941296122687
1.762 0.4316475261643772
1.763 0.43145066820342015
1.764 0.43222014672149306
1.765 0.43317873147184277
1.766 0.4338225287814483
1.767 0.4340159687680463
1.768 0.432721589267725
1.769 0.4317496688641954
1.77 0.4307193540663569
1.771 0.43121414168254335
1.772 0.43131986593714855
1.773 0.43083089863157076
1.774 0.431296590724556
1.775 0.4334196442354827
1.776 0.4377361959445378
1.777 0.4360371050119855
1.778 0.4326256948085143
1.779 0.4298085762787076
1.78 0.43190900374742774
1.781 0.4330823078470005
1.782 0.43443767599390437
1.783 0.435587135109241
1.784 0.435691987330915
1.785 0.4346948243084498
1.786 0.4341404762607764
1.787 0.434559621289574
1.788 0.43536553115038573
1.789 0.4362470311939123
1.79 0.43680257552147916
1.791 0.4369423869763884
1.792 0.4364057524964887
1.793 0.4353007442621887
1.794 0.43467913587901275
1.795 0.43466263244539305
1.796 0.43411432904402025
1.797 0.43415312450482474
1.798 0.43510351903243866
1.799 0.4367303103580554
1.8 0.43681173818836383
1.801 0.4367038334911015
1.802 0.4364703844438277
1.803 0.4361989328527578
1.804 0.43619034808535745
1.805 0.4365343880960663
1.806 0.4377018483777529
1.807 0.4380018459560181
1.808 0.4382765487472499
1.809 0.4379498336427465
1.81 0.43782290292553067
1.811 0.43760072318705606
1.812 0.43769634015021797
1.813 0.43856014705703944
1.814 0.4399009981668736
1.815 0.44077290998802
1.816 0.44060820549153795
1.817 0.4401796261627012
1.818 0.43916834393287285
1.819 0.437697006080182
1.82 0.4367062579297375
1.821 0.43671391402342247
1.822 0.4374947977745222
1.823 0.43786775949274187
1.824 0.4381217406203683
1.825 0.43778954194311764
1.826 0.43721656205962184
1.827 0.4364098838124497
1.828 0.4362427238073527
1.829 0.4361365019638546
1.83 0.4366006789455064
1.831 0.4374457102766363
1.832 0.43864630351963946
1.833 0.4384422404849396
1.834 0.4376567472626921
1.835 0.4373203161387537
1.836 0.4373921313483256
1.837 0.43753971216095244
1.838 0.4381635570283801
1.839 0.44005043425885837
1.84 0.4403657172087217
1.841 0.4394656526049432
1.842 0.43781361676915675
1.843 0.43692199728522174
1.844 0.4367765561850866
1.845 0.4376813645374131
1.846 0.4389211959911111
1.847 0.4393857668972507
1.848 0.43954089082988457
1.849 0.43878452401966256
1.85 0.4379950476754285
1.851 0.4370481650454612
1.852 0.4367490201539623
1.853 0.4370570030411886
1.854 0.4378868642435841
1.855 0.4387323372912029
1.856 0.438493037704607
1.857 0.43765761813078863
1.858 0.4365703655213295
1.859 0.43631379841128265
1.86 0.4362814071841866
1.861 0.4361123158714808
1.862 0.4369364902574928
1.863 0.4380457011507416
1.864 0.4393844959428366
1.865 0.43927128696986206
1.866 0.43824048382325737
1.867 0.43683787139395425
1.868 0.43672655891971285
1.869 0.43835203268056955
1.87 0.439071978627323
1.871 0.43945126946824314
1.872 0.43923860489748934
1.873 0.44032833607407984
1.874 0.4406410187836441
1.875 0.4406399400912548
1.876 0.4401213636718947
1.877 0.4405030140000867
1.878 0.4410893940348433
1.879 0.4418576395592172
1.88 0.44239404878789784
1.881 0.44160137460506566
1.882 0.4397751263003147
1.883 0.43835364253566805
1.884 0.4379050161718763
1.885 0.4385550574641126
1.886 0.4393244986666419
1.887 0.4400659548709035
1.888 0.43984232254363775
1.889 0.43955247078569143
1.89 0.4386931572384548
1.891 0.43773477743932365
1.892 0.437496442919233
1.893 0.4373890463374723
1.894 0.4374751532586613
1.895 0.43792456929304024
1.896 0.43896461504811984
1.897 0.43969091288657647
1.898 0.43892500508329346
1.899 0.4379217997042801
1.9 0.437230778082522
1.901 0.4381130470253172
1.902 0.43853993330137686
1.903 0.4386498640558529
1.904 0.43882369760578455
1.905 0.4388715988503596
1.906 0.43809964429602233
1.907 0.43692770967094247
1.908 0.4369385695027163
1.909 0.4378430877253973
1.91 0.4390248539134479
1.911 0.44006066986818815
1.912 0.44016129880947136
1.913 0.44037531535220464
1.914 0.4397203366427041
1.915 0.43884347072524993
1.916 0.43751773015997275
1.917 0.4373071394681868
1.918 0.4384395772656935
1.919 0.43905620092304065
1.92 0.4393988621827828
1.921 0.4387595292313706
1.922 0.43866683534269807
1.923 0.43795069464396397
1.924 0.43719501252060583
1.925 0.4363283572496672
1.926 0.4360809017615318
1.927 0.4365753694193329
1.928 0.43690990802428104
1.929 0.43694701849134304
1.93 0.43646097249939675
1.931 0.43562305141283536
1.932 0.4343197492195819
1.933 0.4330075629039478
1.934 0.433471607059473
1.935 0.4345257578060058
1.936 0.43562187855243345
1.937 0.43545609352624925
1.938 0.4356828384896257
1.939 0.4352605300441534
1.94 0.4350410455918713
1.941 0.4349159197545593
1.942 0.43557933433391655
1.943 0.436967588589072
1.944 0.43817404768622875
1.945 0.4391693015051673
1.946 0.43946460298506934
1.947 0.4391254378630737
1.948 0.43803449659169935
1.949 0.4371585261233452
1.95 0.43757261407171444
1.951 0.43877449502650173
1.952 0.4397286724114005
1.953 0.43976316521302194
1.954 0.4397142108294616
1.955 0.43955067304099177
1.956 0.43926194237602134
1.957 0.4390776070346491
1.958 0.43912032568394244
1.959 0.43918770753192743
1.96 0.43955280660901
1.961 0.4396609449141684
1.962 0.4400062047839908
1.963 0.4398168272733469
1.964 0.43965928289023665
1.965 0.43895582198302274
1.966 0.4393936967679022
1.967 0.4404384519288586
1.968 0.4406596538931855
1.969 0.44024581845470473
1.97 0.4393554350695714
1.971 0.4394949728093071
1.972 0.4391740171449337
1.973 0.4393903010762579
1.974 0.439085946541141
1.975 0.43943366931348676
1.976 0.4398436203496147
1.977 0.44025948649008423
1.978 0.44091680392645427
1.979 0.4411576019687422
1.98 0.4410958185654246
1.981 0.44042694914936276
1.982 0.44034101528572667
1.983 0.4407096820247199
1.984 0.44105413556906914
1.985 0.44176031890670475
1.986 0.4422548842686806
1.987 0.44300345080109454
1.988 0.44268998737957754
1.989 0.44247632962598465
1.99 0.44206158391705225
1.991 0.4422999962691803
1.992 0.4424116341230421
1.993 0.44176893125876243
1.994 0.4405359828112989
1.995 0.43821242184186326
1.996 0.43568250820086946
1.997 0.4333268204672551
1.998 0.4349559466645573
1.999 0.4371968122097395
2.0 0.4387042813331475
2.001 0.4387536883523219
2.002 0.4388300321943749
2.003 0.4386392334839612
2.004 0.4381566155297042
2.005 0.438711378479468
2.006 0.43901693270192177
2.007 0.44015469223023507
2.008 0.44045923110600066
2.009 0.44033601270400036
2.01 0.43982299610980125
2.011 0.4390690192728312
2.012 0.43886852057373565
2.013 0.439146877293539
2.014 0.4398602392097557
2.015 0.4395089477613927
2.016 0.4392084311447349
2.017 0.43946175341597465
2.018 0.4396427447732725
2.019 0.43911182981957414
2.02 0.4379955228970387
2.021 0.4381767431430435
2.022 0.4396952469313913
2.023 0.44060672584337646
2.024 0.43996250745029014
2.025 0.4387336948771284
2.026 0.43866804576993446
2.027 0.43834524884755727
2.028 0.43809624947063924
2.029 0.4375746738556603
2.03 0.43849001906813645
2.031 0.43972084694815133
2.032 0.44020802101642725
2.033 0.43949865236870317
2.034 0.4388206588251071
2.035 0.4389494480740068
2.036 0.438944567653647
2.037 0.4387439805535834
2.038 0.43880583618044844
2.039 0.4385477606027288
2.04 0.4377147779180505
2.041 0.4366330792002841
2.042 0.43620568204376026
2.043 0.4363313861808829
2.044 0.4362748810813804
2.045 0.43615085102468
2.046 0.43565672393987026
2.047 0.4359030979776752
2.048 0.43583237886967097
2.049 0.4356424234008837
2.05 0.43537636654465994
2.051 0.4348434111767166
2.052 0.43421141307314937
2.053 0.43328044228559126
2.054 0.43401687046212595
2.055 0.4345210562174585
2.056 0.4354734751627486
2.057 0.4358279098985081
2.058 0.43687795145511477
2.059 0.43732145792402394
2.06 0.43677933760411797
2.061 0.4364103926279835
2.062 0.4364614987523766
2.063 0.43786872420402256
2.064 0.4381276036740825
2.065 0.43797256895470454
2.066 0.43759733747919527
2.067 0.43700828354972066
2.068 0.43709969629948786
2.069 0.43691946439144
2.07 0.4379954902380032
2.071 0.43889676068276734
2.072 0.44060238150071857
2.073 0.4411552471412481
2.074 0.441476601354199
2.075 0.4424262568685507
2.076 0.44257026920522496
2.077 0.441708343154263
2.078 0.44028748934933676
2.079 0.44099403594097936
2.08 0.4425577708738921
2.081 0.4435643240809971
2.082 0.4439351731113672
2.083 0.4439876455241789
2.084 0.44467280833132933
2.085 0.44399275886227424
2.086 0.44452200752663396
2.087 0.4447146114685961
2.088 0.4458399481390484
2.089 0.4446676963009985
2.09 0.4431707566809237
2.091 0.44219516514842516
2.092 0.4428228270703506
2.093 0.4438403205811702
2.094 0.4432834710425081
2.095 0.4422778673598928
2.096 0.44197104119048897
2.097 0.443202218360226
2.098 0.444311710803892
2.099 0.4442735730040857
2.1 0.44359609513822296
2.101 0.4432901172272531
2.102 0.4431393116925129
2.103 0.4427193950985914
2.104 0.44237238028873366
2.105 0.44319612834970173
2.106 0.44376405250190737
2.107 0.44382300926441015
2.108 0.4436207392679953
2.109 0.44414205830908693
2.11 0.44477706695594876
2.111 0.4440528378224084
2.112 0.44312990324933127
2.113 0.4434144621496875
2.114 0.4444719551466569
2.115 0.4442483740680971
2.116 0.4439038650769936
2.117 0.44399156892906544
2.118 0.444515815928069
2.119 0.4451874712945573
2.12 0.4459511764764024
2.121 0.4466326423275841
2.122 0.44652915989885084
2.123 0.44581179956360056
2.124 0.445540457000544
2.125 0.44652178866985304
2.126 0.44776186657918676
2.127 0.4471106365642244
2.128 0.4460043359277782
2.129 0.445422563725272
2.13 0.4464431866243989
2.131 0.44732423701109747
2.132 0.4471094240443935
2.133 0.44630609477498373
2.134 0.44508442103657575
2.135 0.44503439773058545
2.136 0.44466372604633136
2.137 0.4442591613563815
2.138 0.44316141439549084
2.139 0.44208733495372854
2.14 0.4408782661152263
2.141 0.4400644723405679
2.142 0.4404700941535356
2.143 0.4403648110455739
2.144 0.44010889588475705
2.145 0.4391803958022698
2.146 0.4391521461617797
2.147 0.43933423914027514
2.148 0.4396772938390194
2.149 0.43988508130878795
2.15 0.4395193309244199
2.151 0.4387395740916387
2.152 0.437424116323934
2.153 0.4367222404622993
2.154 0.4365001092705271
2.155 0.43671837885377934
2.156 0.437253914631534
2.157 0.4364242003744337
2.158 0.4357045523843299
2.159 0.43603436022898134
2.16 0.43679220415238323
2.161 0.4364271881488487
2.162 0.4354879620828371
2.163 0.4354487415690672
2.164 0.43452631331303976
2.165 0.43316412066200227
2.166 0.43184932099294426
2.167 0.43199779903999774
2.168 0.4323131673669962
2.169 0.4314940361471962
2.17 0.4306684800178811
2.171 0.4301691270153045
2.172 0.4303638467683918
2.173 0.43017798262376933
2.174 0.4301717409037284
2.175 0.42941509860425087
2.176 0.42750346644968645
2.177 0.42523857402633103
2.178 0.42296985608105836
2.179 0.42144002202415093
2.18 0.4197510144978036
2.181 0.41850832411157146
2.182 0.4176918356056339
2.183 0.4166045524573632
2.184 0.41443200612983166
2.185 0.41134339765682504
2.186 0.40897601392486627
2.187 0.40619920433265755
2.188 0.4049677417219304
2.189 0.40245821323477887
2.19 0.4011977582634359
2.191 0.39813577151018226
2.192 0.39637434994735116
2.193 0.39337800227262354
2.194 0.39123561004728213
2.195 0.3881118118990661
2.196 0.385857379553933
2.197 0.38319724156761575
2.198 0.38004219014169444
2.199 0.37659190692210426
2.2 0.37423077171822944
2.201 0.3711317724206909
2.202 0.3675266348096014
2.203 0.3634774222246044
2.204 0.3604976327352214
2.205 0.3582944237647478
2.206 0.35680910895946505
2.207 0.3550407719277925
2.208 0.3527824258392247
2.209 0.35022727035713813
2.21 0.34802627295534483
2.211 0.34699088940150097
2.212 0.34705246384909544
2.213 0.34722172081433633
2.214 0.34686610510270743
2.215 0.346091216107346
2.216 0.3462996911687801
2.217 0.34731861379777457
2.218 0.34853422145740204
2.219 0.3492188427790233
2.22 0.35016590181182927
2.221 0.35143408627385464
2.222 0.3522917827002333
2.223 0.35386458883677013
2.224 0.3554793629885437
2.225 0.35663781596419114
2.226 0.3567577596645839
2.227 0.357154473052448
2.228 0.3578175740641503
2.229 0.3589891748365151
2.23 0.3603278452664977
2.231 0.3609999919579975
2.232 0.3613831746018502
2.233 0.3622295646270586
2.234 0.3632541677802947
2.235 0.3640293412870536
2.236 0.36469690099528435
2.237 0.3650843700835107
2.238 0.36535337183721905
2.239 0.3663981633346497
2.24 0.3676029876291215
2.241 0.3673565580344655
2.242 0.36622540640743134
2.243 0.36576962480537467
2.244 0.36694466862779945
2.245 0.3685311572294929
2.246 0.369758026390185
2.247 0.36998213611588054
2.248 0.36902848569413077
2.249 0.36880330374891046
2.25 0.36921866952026766
2.251 0.37038530768807987
2.252 0.3703210728775283
2.253 0.36990252048093825
2.254 0.36966647735857183
2.255 0.37025111616806633
2.256 0.3712098281040914
2.257 0.3711883015167408
2.258 0.37117654197181355
2.259 0.37115861404222367
2.26 0.3715705528085277
2.261 0.37174778310362216
2.262 0.37258613553450043
2.263 0.37277702865451007
2.264 0.3723264295108178
2.265 0.37184551105008934
2.266 0.3726818911021513
2.267 0.37357988139959863
2.268 0.37441034870247847
2.269 0.3757153959195419
2.27 0.37798096327017894
2.271 0.38047034520548406
2.272 0.3831512151992452
2.273 0.38492652475606914
2.274 0.3862535541946127
2.275 0.38760134230510374
2.276 0.3894884231308242
2.277 0.3914223228557797
2.278 0.3928628086896222
2.279 0.3941515524431941
2.28 0.39485498608153147
2.281 0.39582452340696483
2.282 0.39754024380581926
2.283 0.40016596062474835
2.284 0.40238902793259146
2.285 0.4030222488877231
2.286 0.40360688149461343
2.287 0.4046444526603809
2.288 0.4064127005810148
2.289 0.40779536780882725
2.29 0.40890039758219565
2.291 0.40930593131930726
2.292 0.4095447998694564
2.293 0.4106669813944104
2.294 0.41271004672939127
2.295 0.41470500203383615
2.296 0.41527430184877867
2.297 0.41554766452246145
2.298 0.4160816726979367
2.299 0.4178930968228317
2.3 0.41975696958999453
2.301 0.4204808362424446
2.302 0.42072092977741865
2.303 0.42175248908258817
2.304 0.42439084034636404
2.305 0.4270423784256261
2.306 0.4291614694279167
2.307 0.43026867810482644
2.308 0.4320986042411824
2.309 0.43493214889942705
2.31 0.43726882678349094
2.311 0.43903670804976624
2.312 0.4404772066427404
2.313 0.4407675606277768
2.314 0.44045570215858865
2.315 0.44035684047281526
2.316 0.442273429036747
2.317 0.44398502227410946
2.318 0.44503972416623844
2.319 0.4450796453615612
2.32 0.4453614031989862
2.321 0.4461319261854606
2.322 0.44788063504249026
2.323 0.4492186360992564
2.324 0.44889198366290717
2.325 0.4483471785155615
2.326 0.44847815251180223
2.327 0.44860113116529043
2.328 0.44972656285894985
2.329 0.45024133611949346
2.33 0.4506460337412075
2.331 0.44970406024629267
2.332 0.45114382550164955
2.333 0.45325278947491054
2.334 0.4544077615118464
2.335 0.4537370320863117
2.336 0.4531827583019813
2.337 0.45324663540781523
2.338 0.4535060578680545
2.339 0.45397938832672335
2.34 0.45383391084004365
2.341 0.45362735638515445
2.342 0.4535892110097396
2.343 0.45333587909293227
2.344 0.4537959656061509
2.345 0.4534094494038026
2.346 0.4535320534416329
2.347 0.453561885374435
2.348 0.45504842307274046
2.349 0.45662907153398796
2.35 0.45733684291436455
2.351 0.4579205131293848
2.352 0.4577816874560923
2.353 0.4587119544918606
2.354 0.45945989958488304
2.355 0.4608062508527524
2.356 0.46170946968713555
2.357 0.46204438003816345
2.358 0.462730815331992
2.359 0.46352786503766935
2.36 0.4651915885372404
2.361 0.46512119096798177
2.362 0.4647673073072122
2.363 0.4634456790548293
2.364 0.46335350792237895
2.365 0.4643093231984052
2.366 0.46534540749312164
2.367 0.46617500551856567
2.368 0.46595887150304366
2.369 0.46549118965443953
2.37 0.4653772939571481
2.371 0.4659589907522075
2.372 0.4665656772407794
2.373 0.46580858210279535
2.374 0.4652114643605968
2.375 0.465307699843366
2.376 0.46627137896923515
2.377 0.4661459801777823
2.378 0.4659753634822893
2.379 0.4652393654504145
2.38 0.4640974921623193
2.381 0.0
2.382 0.0
