Microns Throughput
1.6854000244140628 0.0
1.686400024414063 0.0
1.6874000244140626 6.699507617797279e-05
1.6884000244140625 7.328620806608868e-05
1.6894000244140626 8.088158157595179e-05
1.6904000244140625 8.5924406769122e-05
1.6914000244140626 9.412114397929062e-05
1.6924000244140625 0.00010253063616914
1.6934000244140626 0.000111960561397705
1.6944000244140625 0.000122236970031785
1.6954000244140626 0.00013345359510710998
1.6964000244140625 0.00014628158873001
1.6974000244140626 0.00016225408491904998
1.6984000244140625 0.000176918043689255
1.6994000244140626 0.000198987419665635
1.7004000244140625 0.00022151136055909498
1.7014000244140626 0.000245228748456165
1.7024000244140625 0.00027800448023080997
1.7034000244140626 0.000310467306708115
1.7044000244140625 0.00034833291234532995
1.7054000244140626 0.00039348225538700995
1.7064000244140625 0.000445379830014905
1.7074000244140626 0.000503484819023275
1.7084000244140625 0.00056781905394735
1.7094000244140626 0.0006440539440124449
1.7104000244140625 0.0007314752147209699
1.7114000244140626 0.0008252909397311899
1.7124000244140625 0.0009394618842048298
1.7134000244140626 0.001068371518581175
1.7144000244140625 0.001205661637083145
1.7154000244140626 0.001364400730614515
1.7164000244140625 0.0015550006701429597
1.7174000244140626 0.00175541302257244
1.7184000244140625 0.002001706518843145
1.7194000244140626 0.002295130510506655
1.7204000244140625 0.002602442918050125
1.7214000244140626 0.002961191755458205
1.7224000244140625 0.00338363210387581
1.7234000244140626 0.003859506312055675
1.7244000244140625 0.004427130479128355
1.7254000244140626 0.005114548153920514
1.7264000244140625 0.005893768193064439
1.7274000244140626 0.006795292730649254
1.7284000244140625 0.007853185828388325
1.7294000244140626 0.009183931652481865
1.7304000244140625 0.010670466129928545
1.7314000244140626 0.01255064148286146
1.7324000244140625 0.014816793195025295
1.7334000244140626 0.01729264593571588
1.7344000244140625 0.02030489397260604
1.7354000244140626 0.023866166765373103
1.7364000244140625 0.027830621405761348
1.7374000244140626 0.03214678384316669
1.7384000244140625 0.037120461944344735
1.7394000244140626 0.04199754995204528
1.7404000244140625 0.0471999224182084
1.7414000244140626 0.05266737137451314
1.7424000244140625 0.0580833245805833
1.7434000244140626 0.06390138690743452
1.7444000244140625 0.07078301049355286
1.7454000244140624 0.07861339753750059
1.7464000244140625 0.08742907300869436
1.7474000244140624 0.0977063264570712
1.7484000244140625 0.10969165162385835
1.7494000244140624 0.12299725544061796
1.7504000244140625 0.13906487594689879
1.7514000244140624 0.15691580399482732
1.7524000244140625 0.1751404502459979
1.7534000244140624 0.19585802134692246
1.7544000244140625 0.21676408544321607
1.7554000244140624 0.23803482938519854
1.7564000244140625 0.25998805460288205
1.7574000244140624 0.28183915256635617
1.7584000244140623 0.30103717057668244
1.7594000244140624 0.3195469939885143
1.7604000244140623 0.33666236195296373
1.7614000244140624 0.35180025560387085
1.7624000244140623 0.3655615310363221
1.7634000244140624 0.3794962679418356
1.7644000244140623 0.3909240554582686
1.7654000244140624 0.4021429843210185
1.7664000244140623 0.4122362201452071
1.7674000244140624 0.4218347323708191
1.7684000244140623 0.4319217395720773
1.7694000244140624 0.4410234259537811
1.7704000244140623 0.44950226470388316
1.7714000244140624 0.4562176715665348
1.7724000244140623 0.46192623359270646
1.7734000244140624 0.4674378665895175
1.7744000244140623 0.4717068077522574
1.7754000244140624 0.47603892165845013
1.7764000244140623 0.4772533836414588
1.7774000244140624 0.4800501958406452
1.7784000244140623 0.48034181294867806
1.7794000244140624 0.4820603258186612
1.7804000244140623 0.48315428143944644
1.7814000244140624 0.4830390998951143
1.7824000244140623 0.4843757783786324
1.7834000244140624 0.4837643808116824
1.7844000244140623 0.4839101735551633
1.7854000244140624 0.48473119456566566
1.7864000244140623 0.4852096830323963
1.7874000244140624 0.4858482557478055
1.7884000244140623 0.4868309701770381
1.7894000244140624 0.4871364101473733
1.7904000244140623 0.4871415570628897
1.7914000244140624 0.4879445317355312
1.7924000244140623 0.48796254434185193
1.7934000244140624 0.48804811852430807
1.7944000244140623 0.4888452114337607
1.7954000244140624 0.4871593011492731
1.7964000244140623 0.4868500315682061
1.7974000244140624 0.4854133186164804
1.7984000244140623 0.4839494330754277
1.7994000244140624 0.4833249087914199
1.8004000244140623 0.4816863904081591
1.8014000244140624 0.48056072108431125
1.8024000244140623 0.4783443924156779
1.8034000244140624 0.4763783553990382
1.8044000244140623 0.4749023340703159
1.8054000244140624 0.47262751120966845
1.8064000244140623 0.4713826641843228
1.8074000244140624 0.4705143935657658
1.8084000244140623 0.4693525159423372
1.8094000244140624 0.46894146179468316
1.8104000244140623 0.46906066857840695
1.8114000244140624 0.4675014732542605
1.8124000244140623 0.4678809000350947
1.8134000244140625 0.4675793134764639
1.8144000244140623 0.468205669109927
1.8154000244140625 0.4696530166885395
1.8164000244140623 0.46912013625262716
1.8174000244140625 0.4697606509812277
1.8184000244140623 0.4713600300533163
1.8194000244140625 0.47274869117025853
1.8204000244140623 0.47322000169454737
1.8214000244140625 0.47490060282739316
1.8224000244140623 0.476126902783258
1.8234000244140625 0.4762473343939661
1.8244000244140623 0.47960168031399864
1.8254000244140625 0.480591133061403
1.8264000244140624 0.4813149037794736
1.8274000244140625 0.4820666456687284
1.8284000244140624 0.4827829324640389
1.8294000244140625 0.48354065429301213
1.8304000244140624 0.48568656380458036
1.8314000244140625 0.4852459839814219
1.8324000244140624 0.48685951724525817
1.8334000244140625 0.48773506585679194
1.8344000244140624 0.48794780440428753
1.8354000244140625 0.4882823226531188
1.8364000244140624 0.4899952178614987
1.8374000244140625 0.48944030724314613
1.8384000244140624 0.48971572081423215
1.8394000244140625 0.4898587735158542
1.8404000244140624 0.490092212967048
1.8414000244140625 0.4894857219183021
1.8424000244140624 0.49040937787190003
1.8434000244140625 0.4899709331577169
1.8444000244140624 0.48954712421366875
1.8454000244140625 0.4900751327142935
1.8464000244140624 0.4891187846475443
1.8474000244140625 0.4880322873042932
1.8484000244140624 0.48871381290296
1.8494000244140625 0.48750190328670967
1.8504000244140624 0.4859511496853117
1.8514000244140625 0.4853926868434349
1.8524000244140624 0.4851354362590424
1.8534000244140625 0.4844213873986589
1.8544000244140624 0.48233893797049743
1.8554000244140625 0.48238699908057586
1.8564000244140624 0.48114726282601583
1.8574000244140625 0.48137337809207054
1.8584000244140624 0.48024180992961457
1.8594000244140625 0.47999095901130145
1.8604000244140624 0.4794858058190394
1.8614000244140625 0.4788748348178202
1.8624000244140624 0.4782532614531735
1.8634000244140625 0.4785290027652913
1.8644000244140624 0.47696288457103747
1.8654000244140625 0.47776528553893366
1.8664000244140624 0.4781889306766475
1.8674000244140625 0.4777058773073749
1.8684000244140624 0.4775782390773831
1.8694000244140625 0.4776322804735392
1.8704000244140624 0.47810271346935096
1.8714000244140625 0.47808585533546155
1.8724000244140624 0.47863025148718785
1.8734000244140625 0.47906853641888825
1.8744000244140624 0.47977178023245554
1.8754000244140625 0.47998010338355923
1.8764000244140624 0.4813254942695606
1.8774000244140625 0.4818478324898214
1.8784000244140624 0.4820790751244788
1.8794000244140625 0.48224361323709075
1.8804000244140624 0.48345880875990976
1.8814000244140625 0.48358562694670837
1.8824000244140624 0.4845226142523801
1.8834000244140623 0.484501250363723
1.8844000244140624 0.4860426624118717
1.8854000244140623 0.4867094688408199
1.8864000244140624 0.4873610281832981
1.8874000244140623 0.48769473198787744
1.8884000244140624 0.48708616654942477
1.8894000244140623 0.4886361714891994
1.8904000244140624 0.4888616878806834
1.8914000244140623 0.4892498500921776
1.8924000244140624 0.4889984393076919
1.8934000244140623 0.48896790345652985
1.8944000244140624 0.48966557696135365
1.8954000244140623 0.49022316686591566
1.8964000244140624 0.49052085864036304
1.8974000244140623 0.4906152344225426
1.8984000244140624 0.4908269564823875
1.8994000244140623 0.4908201088508642
1.9004000244140624 0.4909515186332346
1.9014000244140623 0.4904358594054242
1.9024000244140624 0.4922220173493978
1.9034000244140623 0.4914223320833926
1.9044000244140624 0.4914595417850142
1.9054000244140623 0.49211369994759985
1.9064000244140624 0.49245819391433887
1.9074000244140623 0.4919445099954766
1.9084000244140624 0.4918919578708189
1.9094000244140623 0.49258223718449434
1.9104000244140624 0.49356760318026743
1.9114000244140623 0.4936728759594613
1.9124000244140624 0.4931989788442847
1.9134000244140623 0.4931144558276478
1.9144000244140624 0.4947261987997871
1.9154000244140623 0.49359923502393155
1.9164000244140624 0.49344268262304564
1.9174000244140623 0.4933469039403075
1.9184000244140624 0.4932961986944534
1.9194000244140623 0.4932252951794732
1.9204000244140624 0.4929772747760299
1.9214000244140623 0.4921938046166385
1.9224000244140624 0.4935863710694708
1.9234000244140623 0.49217924313176564
1.9244000244140624 0.491841390172301
1.9254000244140623 0.4917329127406077
1.9264000244140624 0.4908778076601813
1.9274000244140623 0.4901531052579433
1.9284000244140624 0.4884579612011396
1.9294000244140623 0.488732056676674
1.9304000244140624 0.48849250336719213
1.9314000244140623 0.4874233516637057
1.9324000244140624 0.4866768369722675
1.9334000244140623 0.4861522688994672
1.9344000244140624 0.4843013661830196
1.9354000244140623 0.484473095990461
1.9364000244140624 0.4833220872914606
1.9374000244140623 0.4829446807876675
1.9384000244140625 0.4824007035745395
1.9394000244140623 0.4820480273272138
1.9404000244140625 0.481698858024061
1.9414000244140623 0.4816150369600984
1.9424000244140625 0.48178646969855166
1.9434000244140623 0.4824347682725535
1.9444000244140625 0.4825601046313374
1.9454000244140623 0.4822451668478818
1.9464000244140625 0.4824328672791966
1.9474000244140623 0.48239264663365183
1.9484000244140625 0.4831089970327014
1.9494000244140623 0.48342110687251644
1.9504000244140625 0.4842493638356588
1.9514000244140624 0.4843997025950885
1.9524000244140625 0.4839399765072291
1.9534000244140624 0.48513353385683433
1.9544000244140625 0.48526987834591484
1.9554000244140624 0.48536634372037424
1.9564000244140625 0.48609256088249353
1.9574000244140624 0.4864368882741921
1.9584000244140625 0.4863560580078233
1.9594000244140624 0.48598022702238786
1.9604000244140625 0.48688853157686934
1.9614000244140624 0.4871761913194935
1.9624000244140625 0.486074629848015
1.9634000244140624 0.48611228614791613
1.9644000244140625 0.48658425805927913
1.9654000244140624 0.48644333859743255
1.9664000244140625 0.48623287918134495
1.9674000244140624 0.486200566570757
1.9684000244140625 0.4856694726293792
1.9694000244140624 0.48530442922666717
1.9704000244140625 0.4837813425650218
1.9714000244140624 0.48557610964858455
1.9724000244140625 0.4852825344316948
1.9734000244140624 0.4836112582260533
1.9744000244140625 0.48406994129284475
1.9754000244140624 0.48366025027809556
1.9764000244140625 0.48305145836324404
1.9774000244140624 0.48299162348740055
1.9784000244140625 0.48294455903396166
1.9794000244140624 0.4824864219067698
1.9804000244140625 0.48261999750601803
1.9814000244140624 0.4815230061867305
1.9824000244140625 0.4816186426848102
1.9834000244140624 0.482393383069004
1.9844000244140625 0.4825113301363693
1.9854000244140624 0.48145790140403066
1.9864000244140625 0.4823607354939793
1.9874000244140624 0.4824141644642576
1.9884000244140625 0.4827580133206208
1.9894000244140624 0.48217693469582174
1.9904000244140625 0.4829433582752262
1.9914000244140624 0.481982358506459
1.9924000244140625 0.48131658211473966
1.9934000244140624 0.48217625708413
1.9944000244140625 0.4810061855811705
1.9954000244140624 0.48028493275298717
1.9964000244140625 0.4778268390129733
1.9974000244140624 0.4766701073880913
1.9984000244140625 0.47763788466937485
1.9994000244140624 0.4793941615987453
2.0004000244140623 0.4815355531159376
2.0014000244140626 0.4811023114353432
2.0024000244140625 0.48248700369773473
2.0034000244140624 0.48318207885766895
2.0044000244140623 0.483139801148035
2.0054000244140626 0.48219046304822666
2.0064000244140625 0.4824432315291797
2.0074000244140624 0.4816185326461427
2.0084000244140623 0.48158577923879126
2.009400024414062 0.4814668020229268
2.0104000244140625 0.4813090591680657
2.0114000244140624 0.48052728888797686
2.0124000244140623 0.4819287799943574
2.013400024414062 0.4805621363042064
2.0144000244140625 0.4806712012806492
2.0154000244140624 0.481559286363157
2.0164000244140623 0.48183447425576553
2.017400024414062 0.4817375312051428
2.0184000244140625 0.4819793936917989
2.0194000244140624 0.48281571477548196
2.0204000244140623 0.4833408317039395
2.021400024414062 0.4823258769951835
2.0224000244140625 0.48360687855136636
2.0234000244140624 0.48399835191642054
2.0244000244140623 0.4838385394359968
2.025400024414062 0.48505646113738443
2.0264000244140625 0.4857182568783588
2.0274000244140624 0.485553088052868
2.0284000244140623 0.48713293706036553
2.029400024414062 0.4867289870631896
2.0304000244140625 0.48716811995558207
2.0314000244140624 0.4876145118079372
2.0324000244140623 0.48761444084147665
2.033400024414062 0.48758951353608915
2.0344000244140625 0.48736860213693933
2.0354000244140624 0.48804440237309105
2.0364000244140623 0.4872978618227968
2.037400024414062 0.4870492725460307
2.0384000244140625 0.4865413926539333
2.0394000244140624 0.4867662505667681
2.0404000244140623 0.4864873639041361
2.0414000244140627 0.4850794973791009
2.0424000244140625 0.4856426978963874
2.0434000244140624 0.48501760896679397
2.0444000244140623 0.48319773972603575
2.0454000244140627 0.48357561783419684
2.0464000244140625 0.4808856231841299
2.0474000244140624 0.4802336656588089
2.04839990234375 0.47957541852810137
2.04939990234375 0.4787474955321477
2.05039990234375 0.4779815841535422
2.05139990234375 0.47732768834997125
2.05239990234375 0.4756171064045317
2.05339990234375 0.475434135269299
2.05439990234375 0.47547003559672174
2.05539990234375 0.47521762890477004
2.05639990234375 0.47410823920895556
2.05739990234375 0.4745274254331641
2.05839990234375 0.47479621234132596
2.05939990234375 0.47461842233087165
2.06039990234375 0.47447574251850805
2.06139990234375 0.47434665588831576
2.06239990234375 0.47487596352725814
2.06339990234375 0.4762653997342143
2.06439990234375 0.4762294105116541
2.06539990234375 0.47697778816449676
2.06639990234375 0.4778727415142748
2.06739990234375 0.4792374252303461
2.06839990234375 0.4800226367111895
2.06939990234375 0.48022850598842626
2.07039990234375 0.4813793273046198
2.07139990234375 0.4824133529996996
2.07239990234375 0.4824686813492715
2.07339990234375 0.4849505919195416
2.07439990234375 0.48509824160292814
2.07539990234375 0.48522512475601304
2.07639990234375 0.48628787727456385
2.07739990234375 0.4871817276059797
2.07839990234375 0.48769099358970713
2.07939990234375 0.4882462062469978
2.08039990234375 0.4878513289903747
2.08139990234375 0.4876515872889443
2.08239990234375 0.4892033838963124
2.08339990234375 0.48839801586933296
2.08439990234375 0.4888940363618496
2.08539990234375 0.48825763774751507
2.08639990234375 0.4887703061876367
2.08739990234375 0.4891903170645952
2.08839990234375 0.4886557117203092
2.08939990234375 0.4870922872685584
2.09039990234375 0.48712978283965896
2.09139990234375 0.4857675571256743
2.09239990234375 0.48592869335091365
2.09339990234375 0.4863194873326264
2.09439990234375 0.4852763626137535
2.09539990234375 0.48461059892258856
2.09639990234375 0.48372018367124814
2.09739990234375 0.4839018923152524
2.09839990234375 0.48376996713002557
2.09939990234375 0.4840206936005679
2.10039990234375 0.4813470087374488
2.10139990234375 0.4822613645433839
2.10239990234375 0.4810878549272115
2.10339990234375 0.48181266625301844
2.10439990234375 0.4812303670177697
2.10539990234375 0.4803050621514979
2.10639990234375 0.4800578404975583
2.10739990234375 0.4801093921668302
2.10839990234375 0.4797867297446564
2.10939990234375 0.47857106913150393
2.11039990234375 0.4792692241258871
2.11139990234375 0.478969241687685
2.11239990234375 0.47826145233296535
2.11339990234375 0.47790572528042136
2.11439990234375 0.47838397212328765
2.11539990234375 0.4779978160772206
2.11639990234375 0.4776501646143764
2.11739990234375 0.476386805212682
2.11839990234375 0.4760770818598217
2.11939990234375 0.47538065543613334
2.12039990234375 0.47528897884682225
2.12139990234375 0.47448672901354944
2.12239990234375 0.4735590282844633
2.12339990234375 0.4737052961242703
2.12439990234375 0.4728867035827791
2.12539990234375 0.4725492004137327
2.12639990234375 0.4716963601640925
2.12739990234375 0.4721118898340554
2.12839990234375 0.47041986974739974
2.12939990234375 0.47166359434456406
2.13039990234375 0.4695532514175073
2.13139990234375 0.468561828712643
2.13239990234375 0.46895535110857145
2.13339990234375 0.46801746528154886
2.13439990234375 0.4687384614796706
2.13539990234375 0.46757883123227756
2.13639990234375 0.4688645833513189
2.13739990234375 0.4680183361674073
2.13839990234375 0.46798121553513783
2.13939990234375 0.4677645249003328
2.14039990234375 0.46799881688530665
2.14139990234375 0.46709770684395147
2.14239990234375 0.46962673633054103
2.14339990234375 0.46883631711329427
2.14439990234375 0.4690193481649019
2.14539990234375 0.46936182160811274
2.14639990234375 0.4690726237221388
2.14739990234375 0.4700443127549595
2.14839990234375 0.47049711682385087
2.14939990234375 0.4690529673405157
2.15039990234375 0.4703584916731353
2.15139990234375 0.4697434718277424
2.15239990234375 0.4706898776532285
2.15339990234375 0.46904035706010494
2.15439990234375 0.46982558817702386
2.15539990234375 0.4691262186362085
2.15639990234375 0.46946854277684924
2.15739990234375 0.4677800279160726
2.15839990234375 0.4678285184048447
2.15939990234375 0.4679243251225287
2.16039990234375 0.46661595902361214
2.16139990234375 0.4662810021743793
2.16239990234375 0.4645370486888806
2.16339990234375 0.4640193334300988
2.16439990234375 0.4624329433429981
2.16539990234375 0.46143559069644474
2.16639990234375 0.46068045780022726
2.16739990234375 0.4588400436248099
2.16839990234375 0.45870353821400617
2.16939990234375 0.45665022050983667
2.17039990234375 0.4561870148690888
2.17139990234375 0.4540471016908536
2.17239990234375 0.45460803636029196
2.17339990234375 0.4528932357550036
2.17439990234375 0.4515181931404753
2.17539990234375 0.4510390347092083
2.17639990234375 0.4496550384483934
2.17739990234375 0.4494576992017291
2.17839990234375 0.4473962798915755
2.17939990234375 0.44774475425666144
2.18039990234375 0.44813730981150895
2.18139990234375 0.44750096457088284
2.18239990234375 0.44690765096928003
2.18339990234375 0.4464218335002763
2.18439990234375 0.4460983406526054
2.18539990234375 0.44754822082599144
2.18639990234375 0.44752486032030253
2.18739990234375 0.44691765665587263
2.18839990234375 0.44885925745855926
2.18939990234375 0.4479921257710592
2.19039990234375 0.44871174673615893
2.19139990234375 0.4499146809050953
2.19239990234375 0.4503257355478185
2.19339990234375 0.45104529811210803
2.19439990234375 0.452150956184828
2.19539990234375 0.4522398684727704
2.19639990234375 0.45284750220106085
2.19739990234375 0.45448773141406446
2.19839990234375 0.45540690138384166
2.19939990234375 0.4558429260441069
2.20039990234375 0.45814826491513144
2.20139990234375 0.45813383359554233
2.20239990234375 0.45927989812522424
2.20339990234375 0.4595349378382266
2.20439990234375 0.4608936069421977
2.20539990234375 0.46133614750298685
2.20639990234375 0.46141955342680346
2.20739990234375 0.4612915964685487
2.20839990234375 0.46101156297016227
2.20939990234375 0.46042220702526326
2.21039990234375 0.46012857694553494
2.21139990234375 0.45832259648126217
2.21239990234375 0.45604703972811317
2.21339990234375 0.45317713659958114
2.21439990234375 0.4476200093169239
2.21539990234375 0.44467471565237965
2.21639990234375 0.43598924012647206
2.21739990234375 0.42916983498026984
2.21839990234375 0.41962814885859234
2.21939990234375 0.4076798099418378
2.22039990234375 0.39477722405976956
2.22139990234375 0.3803685962588889
2.22239990234375 0.36464489888039614
2.22339990234375 0.347372185046213
2.22439990234375 0.32878254706398896
2.22539990234375 0.3090549992964283
2.22639990234375 0.289676137453043
2.22739990234375 0.27068676376425765
2.22839990234375 0.25121792359339956
2.22939990234375 0.23234447261033905
2.23039990234375 0.21459103275787297
2.23139990234375 0.19680795895136013
2.23239990234375 0.18075309284396607
2.23339990234375 0.16626692719966174
2.23439990234375 0.15263284827905216
2.23539990234375 0.13933755773432924
2.23639990234375 0.12726087053852744
2.23739990234375 0.11498191695328691
2.23839990234375 0.10338273439114948
2.23939990234375 0.09329400186017876
2.24039990234375 0.08353084512235326
2.24139990234375 0.0743204672072369
2.24239990234375 0.06601374966586263
2.24339990234375 0.05834193375790223
2.24439990234375 0.05106717246131217
2.24539990234375 0.04499562503664949
2.24639990234375 0.03956572549843814
2.24739990234375 0.034515615808482135
2.24839990234375 0.030160383887080294
2.24939990234375 0.02624439925058916
2.25039990234375 0.022722121155283714
2.25139990234375 0.01973310126037211
2.25239990234375 0.01726294783809652
2.25339990234375 0.015041984828766935
2.25439990234375 0.013060904534836605
2.25539990234375 0.011397923021810169
2.25639990234375 0.009877902314493444
2.25739990234375 0.00855454955591584
2.25839990234375 0.00748750607022714
2.25939990234375 0.006531925431029355
2.26039990234375 0.005689750521509159
2.26139990234375 0.00497194786465577
2.26239990234375 0.004320932290707495
2.26339990234375 0.00375091544043371
2.26439990234375 0.00329139668289206
2.26539990234375 0.00289445567701094
2.26639990234375 0.00253743157544179
2.26739990234375 0.002238151700889545
2.26839990234375 0.0019735267093805953
2.26939990234375 0.00173694810809625
2.27039990234375 0.00154246171065155
2.27139990234375 0.0013687294056659099
2.27239990234375 0.0012180942886805698
2.27339990234375 0.001093282946090145
2.27439990234375 0.00097365332523968
2.27539990234375 0.00086984308679949
2.27639990234375 0.000778528663113645
2.27739990234375 0.000704170457949525
2.27839990234375 0.00063550340705107
2.27939990234375 0.00057264554466054
2.28039990234375 0.0005262850521670499
2.28139990234375 0.00047441800665108994
2.28239990234375 0.00042846733236848
2.28339990234375 0.00039326316129120997
2.28439990234375 0.00036200634983862
2.28539990234375 0.000332368534749415
2.28639990234375 0.00030373425715255495
2.28739990234375 0.00027711570038332
2.28839990234375 0.00025989792763597
2.28939990234375 0.00023372050302825
2.29039990234375 0.00021870390120208499
2.29139990234375 0.00020303865081211498
2.29239990234375 0.00018619891776076
2.29339990234375 0.00017024162628543
2.29439990234375 0.00015851879691350498
2.29539990234375 0.00014802832201986498
2.29639990234375 0.0001337882117434
2.29739990234375 0.00012916845324702
2.29839990234375 0.00011613782937107998
2.29939990234375 0.00011022052649733499
2.30039990234375 0.000102300819233815
2.30139990234375 0.0
2.30239990234375 0.0
