Microns Throughput
1.6854000244140628 0.0
1.686400024414063 0.0
1.6874000244140626 7.564324447364494e-05
1.6884000244140625 8.274261771989927e-05
1.6894000244140626 9.131378979698986e-05
1.6904000244140625 9.7002513506585e-05
1.6914000244140626 0.00010625107681620499
1.6924000244140625 0.000115738933967695
1.6934000244140626 0.00012637773316531999
1.6944000244140625 0.00013797097164578
1.6954000244140626 0.00015062430711014
1.6964000244140625 0.00016509505892145499
1.6974000244140626 0.000183113200844735
1.6984000244140625 0.00019965295192242
1.6994000244140626 0.00022454780034736
1.7004000244140625 0.00024995322896441
1.7014000244140626 0.000276702877483465
1.7024000244140625 0.000313670459674295
1.7034000244140626 0.00035028151225685
1.7044000244140625 0.000392984438742915
1.7054000244140626 0.00044390034291605
1.7064000244140625 0.0005024239619604299
1.7074000244140626 0.0005679441543282749
1.7084000244140625 0.00064048454502685
1.7094000244140626 0.000726441021987175
1.7104000244140625 0.000825006062628985
1.7114000244140626 0.0009307734676756149
1.7124000244140625 0.00105948657805958
1.7134000244140626 0.00120480831969493
1.7144000244140625 0.001359566466176155
1.7154000244140626 0.0015384956587047
1.7164000244140625 0.0017533322721413251
1.7174000244140626 0.00197921174904536
1.7184000244140625 0.0022567977005607948
1.7194000244140626 0.0025874911927473
1.7204000244140625 0.002933809815411695
1.7214000244140626 0.0033380782360832896
1.7224000244140625 0.0038141022843194996
1.7234000244140626 0.004350309514545794
1.7244000244140625 0.004989877804332265
1.7254000244140626 0.005764398960525189
1.7264000244140625 0.00664230731147958
1.7274000244140626 0.00765796227871637
1.7284000244140625 0.008849730577230265
1.7294000244140626 0.010348845995820989
1.7304000244140625 0.012023357558356425
1.7314000244140626 0.014141235944619399
1.7324000244140625 0.016693781358519472
1.7334000244140626 0.019482334348047605
1.7344000244140625 0.02287490469740234
1.7354000244140626 0.026885631779527235
1.7364000244140625 0.03135013897537916
1.7374000244140626 0.03621037913634102
1.7384000244140625 0.04181074179281274
1.7394000244140626 0.04730177063281384
1.7404000244140625 0.053158614435770524
1.7414000244140626 0.059313413680685385
1.7424000244140625 0.065409621359312
1.7434000244140626 0.07195804039788384
1.7444000244140625 0.07970341542231427
1.7454000244140624 0.08851631182320328
1.7464000244140625 0.09843769649957759
1.7474000244140624 0.11000364142334378
1.7484000244140625 0.12349140830637796
1.7494000244140624 0.1384641558922213
1.7504000244140625 0.15654462174866263
1.7514000244140624 0.1766306736462503
1.7524000244140625 0.19713540242199198
1.7534000244140624 0.22044397347788272
1.7544000244140625 0.2439623927965992
1.7554000244140624 0.26788891053138353
1.7564000244140625 0.29258110569880724
1.7574000244140624 0.317155935777551
1.7584000244140623 0.3387429480349918
1.7594000244140624 0.35955346494235674
1.7604000244140623 0.3787929548599921
1.7614000244140624 0.39580570105876184
1.7624000244140623 0.41126801263788865
1.7634000244140624 0.42692391861993784
1.7644000244140623 0.4397581414732537
1.7654000244140624 0.452356137622217
1.7664000244140623 0.46368667766030325
1.7674000244140624 0.47445963288076265
1.7684000244140623 0.4857809073723595
1.7694000244140624 0.4959929047232087
1.7704000244140623 0.5055034206958264
1.7714000244140624 0.5130299387037578
1.7724000244140623 0.5194235154470473
1.7734000244140624 0.5255950022382292
1.7744000244140623 0.5303686167778469
1.7754000244140624 0.535212757117926
1.7764000244140623 0.5365513748211862
1.7774000244140624 0.5396687009363131
1.7784000244140623 0.5399695114751225
1.7794000244140624 0.5418742125605619
1.7804000244140623 0.5430766818732655
1.7814000244140624 0.5429199763011975
1.7824000244140623 0.5443950230501313
1.7834000244140624 0.5436805442592958
1.7844000244140623 0.5438170416059395
1.7854000244140624 0.5447122825240375
1.7864000244140623 0.5452225104080723
1.7874000244140624 0.5459125374520444
1.7884000244140623 0.5469891379353908
1.7894000244140624 0.5473046775564303
1.7904000244140623 0.5472827940819673
1.7914000244140624 0.5481571681809848
1.7924000244140623 0.5481496466911805
1.7934000244140624 0.5482179920406794
1.7944000244140623 0.5490855044878976
1.7954000244140624 0.5471640622243297
1.7964000244140623 0.5467889168529898
1.7974000244140624 0.5451475995522834
1.7984000244140623 0.5434759093103277
1.7994000244140624 0.5427469201283251
1.8004000244140623 0.5408793793928486
1.8014000244140624 0.5395878462662629
1.8024000244140623 0.5370718578065126
1.8034000244140624 0.5348371076422123
1.8044000244140623 0.53315268090306
1.8054000244140624 0.530571667043898
1.8064000244140623 0.5291470844395394
1.8074000244140624 0.5281453244398004
1.8084000244140623 0.5268140899017818
1.8094000244140624 0.5263256687787748
1.8104000244140623 0.5264323912094777
1.8114000244140624 0.5246554839841185
1.8124000244140623 0.5250542495761833
1.8134000244140625 0.5246887578408519
1.8144000244140623 0.5253645047882006
1.8154000244140625 0.5269613284874617
1.8164000244140623 0.526336216141207
1.8174000244140625 0.5270275830456489
1.8184000244140623 0.5287945536423151
1.8194000244140625 0.5303249343678219
1.8204000244140623 0.5308261091531944
1.8214000244140625 0.5326836360666309
1.8224000244140623 0.5340313929278732
1.8234000244140625 0.5341386890165405
1.8244000244140623 0.5378727794769069
1.8254000244140625 0.5389543678046838
1.8264000244140624 0.5397378860257915
1.8274000244140625 0.540552660833335
1.8284000244140624 0.5413275695101359
1.8294000244140625 0.5421488278279266
1.8304000244140624 0.5445263368702129
1.8314000244140625 0.5440038856316612
1.8324000244140624 0.5457841849122558
1.8334000244140625 0.5467370108019565
1.8344000244140624 0.5469467574843292
1.8354000244140625 0.5472929521304264
1.8364000244140624 0.549183960447853
1.8374000244140625 0.5485331317508942
1.8384000244140624 0.5488128689319475
1.8394000244140625 0.5489442232061484
1.8404000244140624 0.5491768196354908
1.8414000244140625 0.5484682226154436
1.8424000244140624 0.5494741102143703
1.8434000244140625 0.5489537927719769
1.8444000244140624 0.5484498993897879
1.8454000244140625 0.549012316046487
1.8464000244140624 0.5479118658019231
1.8474000244140625 0.5466657187708314
1.8484000244140624 0.5474000086446412
1.8494000244140625 0.546013500743792
1.8504000244140624 0.5442476195616918
1.8514000244140625 0.5435931689583828
1.8524000244140624 0.5432760709547878
1.8534000244140625 0.5424474632249803
1.8544000244140624 0.5400866844804871
1.8554000244140625 0.5401115873051385
1.8564000244140624 0.5386946356809538
1.8574000244140625 0.5389188938323188
1.8584000244140624 0.5376231944333847
1.8594000244140625 0.537313502280388
1.8604000244140624 0.5367191584426598
1.8614000244140625 0.5360064080928914
1.8624000244140624 0.5352818396667274
1.8634000244140625 0.5355615805503734
1.8644000244140624 0.5337799961444756
1.8654000244140625 0.5346490962557695
1.8664000244140624 0.5350942456149799
1.8674000244140625 0.534524776060249
1.8684000244140624 0.5343530067783742
1.8694000244140625 0.5343844943567428
1.8704000244140624 0.5348817918374037
1.8714000244140625 0.5348338748264586
1.8724000244140624 0.5354137744027005
1.8734000244140625 0.5358748885153225
1.8744000244140624 0.5366322841690575
1.8754000244140625 0.5368360218802902
1.8764000244140624 0.5383113976534096
1.8774000244140625 0.5388661364437616
1.8784000244140624 0.5390952613886402
1.8794000244140625 0.5392497421848176
1.8804000244140624 0.5405789680915307
1.8814000244140625 0.540691117422812
1.8824000244140624 0.5417090151405947
1.8834000244140623 0.5416553683219176
1.8844000244140624 0.5433487300362712
1.8854000244140623 0.5440642046621359
1.8864000244140624 0.5447625274833173
1.8874000244140623 0.5451054700611753
1.8884000244140624 0.5443952107888289
1.8894000244140623 0.5460974074036855
1.8904000244140624 0.5463192252589895
1.8914000244140623 0.5467227400754113
1.8924000244140624 0.5464115145963372
1.8934000244140623 0.5463470870062097
1.8944000244140624 0.5470962535827835
1.8954000244140623 0.5476888014020231
1.8964000244140624 0.5479909042558324
1.8974000244140623 0.5480658183475359
1.8984000244140624 0.5482717731023571
1.8994000244140623 0.5482335369432061
1.9004000244140624 0.5483496951908589
1.9014000244140623 0.5477431303324813
1.9024000244140624 0.5497072418944302
1.9034000244140623 0.5487834272166533
1.9044000244140624 0.5487942133677477
1.9054000244140623 0.5494938509746495
1.9064000244140624 0.5498476268916453
1.9074000244140623 0.5492431980556138
1.9084000244140624 0.5491536180211932
1.9094000244140623 0.5498932746962233
1.9104000244140624 0.5509622169007238
1.9114000244140623 0.551048626779753
1.9124000244140624 0.550488548927904
1.9134000244140623 0.5503630810389484
1.9144000244140624 0.5521306835985065
1.9154000244140623 0.550841740005498
1.9164000244140624 0.550635798263962
1.9174000244140623 0.5504976613059004
1.9184000244140624 0.5504097994849878
1.9194000244140623 0.5502993794852925
1.9204000244140624 0.5499913384529374
1.9214000244140623 0.5490859579519796
1.9224000244140624 0.550608071787908
1.9234000244140623 0.5490070274459521
1.9244000244140624 0.5485988001245389
1.9254000244140623 0.5484464168766909
1.9264000244140624 0.5474613266074542
1.9274000244140623 0.5466217421048128
1.9284000244140624 0.5447000405509691
1.9294000244140623 0.5449743824752217
1.9304000244140624 0.5446759342538608
1.9314000244140623 0.5434525267662097
1.9324000244140624 0.5425889304089676
1.9334000244140623 0.5419728312868588
1.9344000244140624 0.5398782295845659
1.9354000244140623 0.5400384497760062
1.9364000244140624 0.5387242570815118
1.9374000244140623 0.5382724119717366
1.9384000244140625 0.5376349431787666
1.9394000244140623 0.5372107073919765
1.9404000244140625 0.5367903956127255
1.9414000244140623 0.5366657780833946
1.9424000244140625 0.5368255555517429
1.9434000244140623 0.537516592765353
1.9444000244140625 0.5376248785599966
1.9454000244140623 0.537242633013119
1.9464000244140625 0.5374203270838014
1.9474000244140623 0.5373440820263459
1.9484000244140625 0.5381105180072535
1.9494000244140623 0.5384265936086352
1.9504000244140625 0.5393174406247266
1.9514000244140624 0.5394531831889608
1.9524000244140625 0.5389095149219731
1.9534000244140624 0.5402068437259432
1.9544000244140625 0.5403268248803362
1.9554000244140624 0.5404023563024021
1.9564000244140625 0.5411789625405116
1.9574000244140624 0.5415303000010967
1.9584000244140625 0.5414082784272315
1.9594000244140624 0.5409578630303346
1.9604000244140625 0.5419367876469786
1.9614000244140624 0.5422247863028046
1.9624000244140625 0.5409666108227942
1.9634000244140624 0.5409763429693147
1.9644000244140625 0.541469343671395
1.9654000244140624 0.5412802674474437
1.9664000244140625 0.541013803748186
1.9674000244140624 0.5409455420727133
1.9684000244140625 0.5403223433128892
1.9694000244140624 0.5398839088370395
1.9704000244140625 0.5381572864965968
1.9714000244140624 0.5401213873124537
1.9724000244140625 0.5397624280918617
1.9734000244140624 0.5378712006396822
1.9744000244140625 0.5383489575401298
1.9754000244140624 0.5378609338611968
1.9764000244140625 0.5371515335390631
1.9774000244140624 0.5370525842864712
1.9784000244140625 0.5369678098873607
1.9794000244140624 0.5364259810856185
1.9804000244140625 0.5365420051072585
1.9814000244140624 0.5352900064512781
1.9824000244140625 0.5353638399480002
1.9834000244140624 0.53619246934602
1.9844000244140625 0.5362909635663957
1.9854000244140624 0.5350875537858092
1.9864000244140625 0.5360582927403879
1.9874000244140624 0.5360849713122239
1.9884000244140625 0.5364343206164031
1.9894000244140624 0.5357558860206899
1.9904000244140625 0.536574641021104
1.9914000244140624 0.5354741210954337
1.9924000244140625 0.5347016670242982
1.9934000244140624 0.5356238130079308
1.9944000244140625 0.5342912103026597
1.9954000244140624 0.5334572416345461
1.9964000244140625 0.5306943307808152
1.9974000244140624 0.529376981005861
1.9984000244140625 0.5304190334238017
1.9994000244140624 0.5323364982810611
2.0004000244140623 0.5346813072993029
2.0014000244140626 0.5341671770787196
2.0024000244140625 0.5356713970721552
2.0034000244140624 0.5364098067298566
2.0044000244140623 0.5363295572603809
2.0054000244140626 0.5352424219111238
2.0064000244140625 0.5354896663960144
2.0074000244140624 0.5345409774687778
2.0084000244140623 0.5344712818374027
2.009400024414062 0.5343058700718457
2.0104000244140625 0.5340974232773796
2.0114000244140624 0.533196538794745
2.0124000244140623 0.5347181394445737
2.013400024414062 0.5331683534656835
2.0144000244140625 0.5332558722432549
2.0154000244140624 0.5342075306669056
2.0164000244140623 0.5344791688782645
2.017400024414062 0.5343379703731913
2.0184000244140625 0.534572526306596
2.0194000244140624 0.5354662972305748
2.0204000244140623 0.5360147971045224
2.021400024414062 0.534855389271596
2.0224000244140625 0.5362419335647824
2.0234000244140624 0.5366419819431879
2.0244000244140623 0.5364307304388316
2.025400024414062 0.5377468597895485
2.0264000244140625 0.538446284579618
2.0274000244140624 0.5382289014090347
2.0284000244140623 0.5399457106367098
2.029400024414062 0.5394635271737287
2.0304000244140625 0.5399157316674114
2.0314000244140624 0.5403758821827069
2.0324000244140623 0.5403411933534003
2.033400024414062 0.5402789258719733
2.0344000244140625 0.5399994771474342
2.0354000244140624 0.5407135069767385
2.0364000244140623 0.539851667401059
2.037400024414062 0.5395415161964876
2.0384000244140625 0.5389441464174877
2.0394000244140624 0.5391584171916988
2.0404000244140623 0.5388146908911207
2.0414000244140627 0.5372206339230425
2.0424000244140625 0.5378095374254565
2.0434000244140624 0.5370824751849126
2.0444000244140623 0.5350325160804268
2.0454000244140627 0.5354161332124003
2.0464000244140625 0.5324031235369547
2.0474000244140624 0.5316466907678092
2.04839990234375 0.5308833569004822
2.04939990234375 0.5299322603914248
2.05039990234375 0.5290498837060783
2.05139990234375 0.5282915563244059
2.05239990234375 0.5263638557164726
2.05339990234375 0.5261268572350137
2.05439990234375 0.5261320408664344
2.05539990234375 0.5258181766409409
2.05639990234375 0.5245561409977935
2.05739990234375 0.5249853438391522
2.05839990234375 0.5252480675665853
2.05939990234375 0.525016717155287
2.06039990234375 0.5248241912223415
2.06139990234375 0.5246466833274346
2.06239990234375 0.5251973193990795
2.06339990234375 0.5266990512408807
2.06439990234375 0.5266242765278035
2.06539990234375 0.5274167805559458
2.06639990234375 0.5283712012969205
2.06739990234375 0.5298447858206128
2.06839990234375 0.5306775091279355
2.06939990234375 0.5308696429190125
2.07039990234375 0.5321062370981122
2.07139990234375 0.5332135275557955
2.07239990234375 0.5332389401051834
2.07339990234375 0.5359460573135547
2.07439990234375 0.5360732177385487
2.07539990234375 0.5361773696361295
2.07639990234375 0.5373155361193914
2.07739990234375 0.5382668916584326
2.07839990234375 0.5387931915016061
2.07939990234375 0.5393701331064094
2.08039990234375 0.5388974495020188
2.08139990234375 0.5386403236914779
2.08239990234375 0.5403177351330846
2.08339990234375 0.5393915976405567
2.08439990234375 0.5399027092095418
2.08539990234375 0.5391632209480987
2.08639990234375 0.539692569757132
2.08739990234375 0.5401194965995878
2.08839990234375 0.5394923907831453
2.08939990234375 0.5377295513934436
2.09039990234375 0.5377341352119569
2.09139990234375 0.536193650219702
2.09239990234375 0.536334712809279
2.09339990234375 0.5367291730226803
2.09439990234375 0.5355410894141137
2.09539990234375 0.5347695423808596
2.09639990234375 0.5337501687188052
2.09739990234375 0.5339138188208941
2.09839990234375 0.5337313755669266
2.09939990234375 0.5339710519567672
2.10039990234375 0.530984664974766
2.10139990234375 0.531956419064699
2.10239990234375 0.5306251402294119
2.10339990234375 0.5313876439865519
2.10439990234375 0.5307084926476815
2.10539990234375 0.5296511434118353
2.10639990234375 0.5293415914841931
2.10739990234375 0.5293614589167155
2.10839990234375 0.5289687025749964
2.10939990234375 0.5275914854473361
2.11039990234375 0.5283241156270636
2.11139990234375 0.5279563727572674
2.11239990234375 0.5271391500219963
2.11339990234375 0.5267100102200536
2.11439990234375 0.5271999590085761
2.11539990234375 0.5267372488039538
2.11639990234375 0.5263169840685761
2.11739990234375 0.5248877948207786
2.11839990234375 0.5245094116087272
2.11939990234375 0.523705021306553
2.12039990234375 0.5235668751924044
2.12139990234375 0.5226460061433017
2.12239990234375 0.521587046136619
2.12339990234375 0.5217109944721033
2.12439990234375 0.5207723127987751
2.12539990234375 0.5203634848620019
2.12639990234375 0.5193872270405185
2.12739990234375 0.5198075693271952
2.12839990234375 0.5179075019281734
2.12939990234375 0.5192395272510065
2.13039990234375 0.516879191377082
2.13139990234375 0.5157507533234997
2.13239990234375 0.5161467427531952
2.13339990234375 0.5150773433558031
2.13439990234375 0.5158336032228877
2.13539990234375 0.5145202778815472
2.13639990234375 0.5158977798185457
2.13739990234375 0.5149293369647504
2.13839990234375 0.5148511490510439
2.13939990234375 0.5145753833496445
2.14039990234375 0.5147956866961898
2.14139990234375 0.5137670648516747
2.14239990234375 0.5165111254109483
2.14339990234375 0.515604162380049
2.14439990234375 0.5157677589241308
2.14539990234375 0.516106603483532
2.14639990234375 0.5157508186223193
2.14739990234375 0.5167812942057426
2.14839990234375 0.5172411321026708
2.14939990234375 0.5156155891022735
2.15039990234375 0.5170126449210731
2.15139990234375 0.5162985599833091
2.15239990234375 0.517300577832152
2.15339990234375 0.5154496162628331
2.15439990234375 0.5162743383313697
2.15539990234375 0.5154676343521842
2.15639990234375 0.5158055088756521
2.15739990234375 0.513912163305881
2.15839990234375 0.5139272138694133
2.15939990234375 0.513994185906021
2.16039990234375 0.5125187899979583
2.16139990234375 0.5121126505540033
2.16239990234375 0.5101591466086917
2.16339990234375 0.5095524497790174
2.16439990234375 0.5077723391837864
2.16539990234375 0.5066391856689566
2.16639990234375 0.505772079478619
2.16739990234375 0.5037136329688462
2.16839990234375 0.5035258518013739
2.16939990234375 0.501234092416146
2.17039990234375 0.5006878546087946
2.17139990234375 0.4983015177397751
2.17239990234375 0.49887935678093764
2.17339990234375 0.49695989207367713
2.17439990234375 0.49541345569065165
2.17539990234375 0.49485010783053374
2.17639990234375 0.49329414203392125
2.17739990234375 0.4930400852199788
2.17839990234375 0.49074133840992357
2.17939990234375 0.49108606081286726
2.18039990234375 0.49147902386112763
2.18139990234375 0.49074355064767156
2.18239990234375 0.4900553249971834
2.18339990234375 0.4894850190689269
2.18439990234375 0.48909271855018455
2.18539990234375 0.4906445655787105
2.18639990234375 0.49058114083997106
2.18739990234375 0.4898777087382391
2.18839990234375 0.49196792622097857
2.18939990234375 0.4909795217627547
2.19039990234375 0.49173009388768385
2.19139990234375 0.49301010482661994
2.19239990234375 0.49342220133240644
2.19339990234375 0.49417218685045494
2.19439990234375 0.49534498171329294
2.19539990234375 0.49540375162469763
2.19639990234375 0.4960306450852019
2.19739990234375 0.4977883613036142
2.19839990234375 0.498756053201592
2.19939990234375 0.49919444586980793
2.20039990234375 0.5016796441331967
2.20139990234375 0.5016244115184055
2.20239990234375 0.5028396941709541
2.20339990234375 0.5030792741746644
2.20439990234375 0.5045268721179641
2.20539990234375 0.5049714056707221
2.20639990234375 0.5050227409727207
2.20739990234375 0.5048426942585883
2.20839990234375 0.5044961989325313
2.20939990234375 0.5038112302224025
2.21039990234375 0.5034498827476528
2.21139990234375 0.5014339294239745
2.21239990234375 0.498904535976741
2.21339990234375 0.4957253413672383
2.21439990234375 0.48960730993549334
2.21539990234375 0.4863468002884955
2.21639990234375 0.4768091462175786
2.21739990234375 0.46931358752374736
2.21839990234375 0.45884250094280327
2.21939990234375 0.4457417033936665
2.22039990234375 0.43159971189993346
2.22139990234375 0.4158135685091695
2.22239990234375 0.3985924279992024
2.22339990234375 0.37968093804391323
2.22439990234375 0.35933317386261837
2.22539990234375 0.33774512413131835
2.22639990234375 0.3165415651794162
2.22739990234375 0.2957669932963658
2.22839990234375 0.274471921475161
2.22939990234375 0.2538307382135121
2.23039990234375 0.23441638064837897
2.23139990234375 0.21497280066182922
2.23239990234375 0.19741994059618612
2.23339990234375 0.1815831412199294
2.23439990234375 0.166679423180414
2.23539990234375 0.15214807147250634
2.23639990234375 0.13894962422994173
2.23739990234375 0.1255325098755661
2.23839990234375 0.11285967976271256
2.23939990234375 0.10183770515709949
2.24039990234375 0.09117290457740425
2.24139990234375 0.08111316188887795
2.24239990234375 0.07204124957962442
2.24339990234375 0.06366365100518509
2.24439990234375 0.05572067512919073
2.24539990234375 0.049091763541466465
2.24639990234375 0.04316395345211545
2.24739990234375 0.03765142308522767
2.24839990234375 0.0328977557492367
2.24939990234375 0.02862395432499458
2.25039990234375 0.024780233977140086
2.25139990234375 0.02151866690298274
2.25239990234375 0.018823414831051353
2.25339990234375 0.016400307365841978
2.25439990234375 0.01423912923266824
2.25539990234375 0.012425079630519094
2.25639990234375 0.010767166327794914
2.25739990234375 0.009323887488352115
2.25839990234375 0.00816018860979648
2.25939990234375 0.00711815282539385
2.26039990234375 0.00619986657347329
2.26139990234375 0.0054172473089425695
2.26239990234375 0.0047075233560436094
2.26339990234375 0.0040861581396807595
2.26439990234375 0.003585262397868265
2.26539990234375 0.0031526110481521347
2.26639990234375 0.0027635068653740695
2.26739990234375 0.0024373527828591597
2.26839990234375 0.0021489905037507
2.26939990234375 0.0018912149540866452
2.27039990234375 0.0016793102940173
2.27139990234375 0.001490035487126805
2.27239990234375 0.00132593527371725
2.27339990234375 0.001189970900478875
2.27439990234375 0.001059669455560455
2.27539990234375 0.00094660593914333
2.27639990234375 0.000847159345259855
2.27739990234375 0.000766179341177095
2.27839990234375 0.0006914051392864299
2.27939990234375 0.00062296354941085
2.28039990234375 0.0005724792647857
2.28139990234375 0.00051601438950385
2.28239990234375 0.00046599389990020995
2.28339990234375 0.000427668827228685
2.28439990234375 0.00039364276839163497
2.28539990234375 0.00036138298128734
2.28639990234375 0.00033021988463627496
2.28739990234375 0.000301253548750845
2.28839990234375 0.00028251102228225
2.28939990234375 0.00025403343342549496
2.29039990234375 0.00023769061046677
2.29139990234375 0.000220645761917345
2.29239990234375 0.00020232769940246
2.29339990234375 0.0001849716686808
2.29439990234375 0.00017221914593934499
2.29539990234375 0.0001608076230292
2.29639990234375 0.00014532514396421
2.29739990234375 0.00014029442476491
2.29839990234375 0.00012613007176524998
2.29939990234375 0.000119692888391675
2.30039990234375 0.00011108255217758999
2.30139990234375 0.0
2.30239990234375 0.0
