Microns Throughput
0.398 0.0
0.399 0.0
0.4 0.0
0.401 0.0
0.402 0.0
0.403 0.0
0.404 0.0
0.405 0.0
0.406 0.0
0.407 0.0
0.408 0.0
0.409 0.0
0.41 0.0
0.411 0.0
0.412 0.0
0.413 0.0
0.414 0.0
0.415 0.0
0.416 0.0
0.417 0.0
0.418 0.0
0.419 0.0
0.42 0.0
0.421 0.0
0.422 0.0
0.423 0.0
0.424 0.0
0.425 0.0
0.426 0.0
0.427 0.0
0.428 0.0
0.429 0.0
0.43 0.0
0.431 0.0
0.432 0.0
0.433 0.0
0.434 0.0
0.435 0.0
0.436 0.0
0.437 0.0
0.438 0.0
0.439 0.0
0.44 0.0
0.441 0.0
0.442 0.0
0.443 0.0
0.444 0.0
0.445 0.0
0.446 0.0
0.447 0.0
0.448 0.0
0.449 0.0
0.45 0.0
0.451 0.0
0.452 0.0
0.453 0.0
0.454 0.0
0.455 0.0
0.456 0.0
0.457 0.0
0.458 0.0
0.459 0.0
0.46 0.0
0.461 0.0
0.462 0.0
0.463 0.0
0.464 0.0
0.465 0.0
0.466 0.0
0.467 0.0
0.468 0.0
0.469 0.0
0.47 0.0
0.471 0.0
0.472 0.0
0.473 0.0
0.474 0.0
0.475 0.0
0.476 0.0
0.477 0.0
0.478 0.0
0.479 0.0
0.48 0.0
0.481 0.0
0.482 0.0
0.483 0.0
0.484 0.0
0.485 0.0
0.486 0.0
0.487 0.0
0.488 0.0
0.489 0.0
0.49 0.0
0.491 0.0
0.492 0.0
0.493 0.0
0.494 0.0
0.495 0.0
0.496 0.0
0.497 0.0
0.498 0.0
0.499 0.0
0.5 0.0
0.501 0.0
0.502 0.0
0.503 0.0
0.504 0.0
0.505 0.0
0.506 0.0
0.507 0.0
0.508 0.0
0.509 0.0
0.51 0.0
0.511 0.0
0.512 0.0
0.513 0.0
0.514 0.0
0.515 0.0
0.516 0.0
0.517 0.0
0.518 0.0
0.519 0.0
0.52 0.0
0.521 0.0
0.522 0.0
0.523 0.0
0.524 0.0
0.525 1.8149442107596468e-07
0.526 7.680058725228758e-07
0.527 1.3327848545702491e-06
0.528 1.6868193005352374e-06
0.529 1.733538971044905e-06
0.53 1.5987463679424715e-06
0.531 1.4915214180526922e-06
0.532 1.4598252468391904e-06
0.533 1.496183670432136e-06
0.534 1.5624372825681975e-06
0.535 1.7915336808829547e-06
0.536 2.207465732707123e-06
0.537 2.9242539862292375e-06
0.538 4.033527451583468e-06
0.539 6.131796575708653e-06
0.54 9.546597107530009e-06
0.541 1.3565642820470544e-05
0.542 1.5811138310160584e-05
0.543 1.50925080779076e-05
0.544 1.203087271643263e-05
0.545 8.727657120799269e-06
0.546 6.1782427364978525e-06
0.547 4.720349835701071e-06
0.548 3.931048327199287e-06
0.549 3.537082412310822e-06
0.55 3.4976848700079735e-06
0.551 3.76852999409439e-06
0.552 4.158912586904853e-06
0.553 4.680862661461504e-06
0.554 5.292210553769245e-06
0.555 5.870740725302578e-06
0.556 6.049654986599342e-06
0.557 6.123703677845262e-06
0.558 5.2292070826050965e-06
0.559 3.6807130273477385e-06
0.56 3.64466949642807e-06
0.561 4.1276624890200375e-06
0.562 3.930217251575766e-06
0.563 3.655191732551272e-06
0.564 4.043431282917656e-06
0.565 4.602475520210141e-06
0.566 5.088248945456543e-06
0.567 5.161625128807105e-06
0.568 5.414298083702631e-06
0.569 5.682309477430907e-06
0.57 5.596904526635047e-06
0.571 5.906384767944763e-06
0.572 6.989659930622346e-06
0.573 8.313177846965473e-06
0.574 9.035035381901748e-06
0.575 1.0077736016728415e-05
0.576 1.2138351179255577e-05
0.577 1.3919153428227946e-05
0.578 1.464056104378686e-05
0.579 1.532584668985843e-05
0.58 1.6999310134201795e-05
0.581 2.091547586220248e-05
0.582 2.8202936833846805e-05
0.583 4.2362515430837055e-05
0.584 7.555655374449547e-05
0.585 0.00015537557350026
0.586 0.00028828543621652996
0.587 0.00038849528708226
0.588 0.0003651133330341
0.589 0.00024003488323017002
0.59 0.00012739384863279
0.591 7.189353527627927e-05
0.592 5.014625590470875e-05
0.593 3.8510063635162544e-05
0.594 3.2111457447359063e-05
0.595 3.1431046146369255e-05
0.596 2.945472591941949e-05
0.597 3.027724776177764e-05
0.598 3.289348294228063e-05
0.599 3.421771817337011e-05
0.6 3.715928130590828e-05
0.601 4.1494800877322474e-05
0.602 4.820436318866028e-05
0.603 5.885863610643183e-05
0.604 7.176475554148949e-05
0.605 8.332020149174177e-05
0.606 9.595327473711001e-05
0.607 0.00010722972383982
0.608 0.00011036608402329
0.609 0.00010675214814645
0.61 9.849533644638e-05
0.611 8.725379264856213e-05
0.612 7.39603245102054e-05
0.613 6.29711111472934e-05
0.614 5.395293329065658e-05
0.615 4.856045281732468e-05
0.616 4.401692656017166e-05
0.617 4.154522256578206e-05
0.618 4.1094716207443704e-05
0.619 3.8336131980238946e-05
0.62 3.569612425671665e-05
0.621 3.408574036601951e-05
0.622 3.816065265145678e-05
0.623 4.106651760850888e-05
0.624 4.576413086702629e-05
0.625 5.450274996239522e-05
0.626 6.743733743233496e-05
0.627 8.815056530160685e-05
0.628 0.00012368707121403002
0.629 0.00018229756603959
0.63 0.00027218093459751
0.631 0.00038457848067012003
0.632 0.00046857513499703996
0.633 0.00047376499750937995
0.634 0.00040343795002943997
0.635 0.00031400684751294
0.636 0.00024390532133846998
0.637 0.00020362543023789
0.638 0.0001836011084544
0.639 0.00017762452835301
0.64 0.00018785904354243
0.641 0.00020776643675559
0.642 0.00023624087027886002
0.643 0.00026624708728479
0.644 0.00029066295156291
0.645 0.00029438853885981
0.646 0.00026863687569339003
0.647 0.00022417631760132003
0.648 0.00017570079801549
0.649 0.00013979388472056
0.65 0.00011352216652038002
0.651 9.362834964089999e-05
0.652 8.103810220656071e-05
0.653 7.809075294033571e-05
0.654 7.727838107674721e-05
0.655 7.970644545164344e-05
0.656 8.618240564058239e-05
0.657 0.00010136422185524999
0.658 0.0001196354150271
0.659 0.0001442324616183
0.66 0.00017378153241569998
0.661 0.00020450019105324
0.662 0.00021613459295646
0.663 0.00020628701824023
0.664 0.00018475196577228
0.665 0.00016259971991049
0.666 0.00014008075166673
0.667 0.00012099610441017001
0.668 0.0001120343730588
0.669 0.00010720303212582
0.67 0.0001062050316615
0.671 0.00010716692748264
0.672 0.00011892315121029
0.673 0.00013783722704154
0.674 0.00016377976120167
0.675 0.00018843267490947001
0.676 0.00021220782053652
0.677 0.00022665120969042003
0.678 0.00023242345725681
0.679 0.00022242487515831
0.68 0.00019861904937897
0.681 0.00016514624808477
0.682 0.00013957380805203
0.683 0.00013055395898709
0.684 0.00012618544542867
0.685 0.00012127519211931001
0.686 0.00011749749838929
0.687 0.0001211105830896
0.688 0.0001277978595066
0.689 0.00013267513779101998
0.69 0.00014271713430129
0.691 0.00015238957748598002
0.692 0.00015361364213784
0.693 0.00014641129075464
0.694 0.00013574072832615
0.695 0.00012233038404366002
0.696 0.00010492830857115
0.697 9.280799046306e-05
0.698 8.489590370760256e-05
0.699 7.885090698701554e-05
0.7 7.323254875982723e-05
0.701 6.653947849584074e-05
0.702 6.32769813093162e-05
0.703 6.680624423817775e-05
0.704 7.727787064086699e-05
0.705 9.039120894234e-05
0.706 0.00010675527529833001
0.707 0.00012561390826676999
0.708 0.00014945450667921002
0.709 0.00018887035909653002
0.71 0.00026311044677751
0.711 0.00038568933602469
0.712 0.00057075157922382
0.713 0.00082285402369824
0.714 0.00116356029505956
0.715 0.00151205074346475
0.716 0.0017215570874522701
0.717 0.00162441888718545
0.718 0.00130757462413794
0.719 0.00095201375909256
0.72 0.0006717441401931601
0.721 0.00046411945820415
0.722 0.00032067522012357
0.723 0.00023794516434573002
0.724 0.00017415688115303998
0.725 0.00013253612924286
0.726 0.00010600998704163001
0.727 8.930421019266745e-05
0.728 7.215487394054366e-05
0.729 5.580292864045411e-05
0.73 5.104305660178959e-05
0.731 4.86578960249564e-05
0.732 4.5998067406890564e-05
0.733 4.2052195086038005e-05
0.734 4.631792567005428e-05
0.735 4.815010270408303e-05
0.736 4.346368373087072e-05
0.737 4.571957756929558e-05
0.738 5.610685438321789e-05
0.739 7.0694150233501e-05
0.74 7.776939365225987e-05
0.741 9.714538573848e-05
0.742 0.0001282227237549
0.743 0.00018487820856555
0.744 0.00027579801656277
0.745 0.00041903943807986997
0.746 0.0006268483252611
0.747 0.0008991519392438101
0.748 0.00118200904484427
0.749 0.00138634959648618
0.75 0.00147274516603044
0.751 0.00153027689479137
0.752 0.00179244649031859
0.753 0.00242551027687554
0.754 0.00312731335929609
0.755 0.00312408610061913
0.756 0.00221557965913368
0.757 0.0010931330466801
0.758 0.00044867751790446
0.759 0.000220793038515
0.76 0.00012586744046682
0.761 7.113908639327002e-05
0.762 4.263866377492159e-05
0.763 3.4601896500754136e-05
0.764 2.4029780952161313e-05
0.765 1.3551840774802022e-05
0.766 1.3044992733162653e-05
0.767 1.3936271794929026e-05
0.768 1.3680773552730514e-05
0.769 9.387968729039806e-06
0.77 9.746785981041281e-06
0.771 8.15143637900887e-06
0.772 1.0279312439225633e-05
0.773 9.949860692204627e-06
0.774 4.477562178026297e-06
0.775 5.860614989115898e-06
0.776 8.484747813307782e-06
0.777 1.546073235835487e-05
0.778 6.0175010734157665e-06
0.779 6.989003289994537e-06
0.78 9.781297006845262e-06
0.781 1.4451312386284488e-05
0.782 8.235897742214004e-06
0.783 1.592847151123434e-05
0.784 1.595762661578164e-05
0.785 1.2322017325318197e-05
0.786 1.0633897306394951e-05
0.787 1.6583934057574217e-05
0.788 2.5794505513483687e-05
0.789 4.7800718568454694e-05
0.79 9.377449854201e-05
0.791 0.00014288200493004
0.792 0.00016592662056276
0.793 0.0001365397257798
0.794 9.075763102887e-05
0.795 6.0800838822906894e-05
0.796 4.473747490472574e-05
0.797 -7.698030952195415e-05
0.798 0.00031708738630926005
0.799 0.0009223995227536801
0.8 0.0019572116905863
0.801 0.00144085076146116
0.802 0.00213892676802333
0.803 0.00191544471463941
0.804 0.0019528774695774902
0.805 0.00041034484127808
0.806 0.00015810045258276003
0.807 0.00071821593064899
0.808 0.00164367975043674
0.809 0.0018264431487314701
0.81 0.0008898016109031001
0.811 0.00112989806723205
0.812 0.00105438606005817
0.813 0.00153466783720326
0.814 0.00146267758293957
0.815 0.00163497687265746
0.816 0.00114530133901203
0.817 0.00128641049757369
0.818 0.00119617769405583
0.819 0.0009641061057807001
0.82 0.00133652318951673
0.821 0.00216981593813223
0.822 0.0018158799726464402
0.823 0.0005421202160139
0.824 -0.00034124931386820005
0.825 0.00022947503891823
0.826 0.00144138778439175
0.827 0.00178112256559443
0.828 0.00079472145536766
0.829 4.948756015473109e-06
0.83 0.00051671189017791
0.831 0.00099383835720168
0.832 0.00127950144949674
0.833 0.0011243332355693402
0.834 0.0010969613298675
0.835 0.00099854879536638
0.836 0.00106285222258299
0.837 0.00098880232366359
0.838 0.0012371032535913001
0.839 0.00127778258868345
0.84 0.00103037168515455
0.841 0.0008404165751781601
0.842 0.00100928807140761
0.843 0.0008848279690797599
0.844 0.00076253281049394
0.845 0.00068870922152895
0.846 0.00085962301691688
0.847 0.00118706190667965
0.848 0.00131149345220289
0.849 0.0009702222721661699
0.85 0.000845074291284
0.851 0.00108574417883592
0.852 0.00125820752528133
0.853 0.00128197648387899
0.854 0.00149109098252022
0.855 0.0009989911741995002
0.856 0.0005612020967398501
0.857 0.00034962132975084
0.858 0.0009030708191604599
0.859 0.0011312890868401201
0.86 0.00152372245704003
0.861 0.00100231384827834
0.862 0.00080083468068318
0.863 0.00056038287718431
0.864 0.00103077092207664
0.865 0.00109186060570272
0.866 0.00121723890116454
0.867 0.00069331320465705
0.868 0.00084739218265008
0.869 0.0011388538371690901
0.87 0.00136588687163388
0.871 0.00107870475587544
0.872 0.00121718044738629
0.873 0.0012218731307484302
0.874 0.00105951064362777
0.875 0.00104700546377118
0.876 0.00116573606577711
0.877 0.0011940463746539101
0.878 0.00112073296750164
0.879 0.00107469869074083
0.88 0.0009738202020620401
0.881 0.00084281914224108
0.882 0.0008172327286305001
0.883 0.00086355211082049
0.884 0.00077197098063843
0.885 0.00063256525789347
0.886 0.00070716105143055
0.887 0.0008833575461797801
0.888 0.0007675753386460499
0.889 0.00063240182956701
0.89 0.00081001843043067
0.891 0.00093800696135193
0.892 0.0009141898318176599
0.893 0.00095937371447463
0.894 0.00106667335520469
0.895 0.00109629095178807
0.896 0.00108626261687775
0.897 0.0010275497892801
0.898 0.0010059496175303102
0.899 0.0010086054566895
0.9 0.0010691285117570102
0.901 0.00118366556700429
0.902 0.00122256572905368
0.903 0.00118488272563305
0.904 0.00113249242345842
0.905 0.00112443594709581
0.906 0.00099607033790694
0.907 0.0008622867374251201
0.908 0.00088816778812152
0.909 0.00094884056264556
0.91 0.00087124953219966
0.911 0.0007357232571817499
0.912 0.0007635099215110501
0.913 0.0009068047614871201
0.914 0.00087049207110105
0.915 0.0007594095677231701
0.916 0.00060943675881024
0.917 0.00048469589698527
0.918 0.00050149019067678
0.919 0.00063954857806695
0.92 0.00072451457995239
0.921 0.0006823843042514401
0.922 0.00064678828964112
0.923 0.00073368657666396
0.924 0.00086977481565267
0.925 0.0009707953355041501
0.926 0.0009817915410320402
0.927 0.00112686353795538
0.928 0.00128158920711315
0.929 0.00141502621675176
0.93 0.00144912472155783
0.931 0.00154843469494398
0.932 0.0017453955972359702
0.933 0.0019338389600256
0.934 0.0020269044740039398
0.935 0.00207822068425179
0.936 0.00218976217429482
0.937 0.00233155179228915
0.938 0.00244455618755952
0.939 0.00253413100767879
0.94 0.00256350398700213
0.941 0.00256017199192938
0.942 0.00256021487115435
0.943 0.00260715209215509
0.944 0.00257145658071336
0.945 0.0025272860329863898
0.946 0.00246984924015063
0.947 0.0023995883256554703
0.948 0.0022983041124048603
0.949 0.00221288873913396
0.95 0.00211478374817892
0.951 0.0020094751053837
0.952 0.0019507783143050102
0.953 0.0018752049522061203
0.954 0.00176070252444579
0.955 0.00168900706470942
0.956 0.0016437442466334601
0.957 0.0015877917331165799
0.958 0.0015320281352083202
0.959 0.00152172120323664
0.96 0.0015171543439125301
0.961 0.00155890437223698
0.962 0.0016601230999761301
0.963 0.0017847726906891602
0.964 0.00185891983462278
0.965 0.00199271977680861
0.966 0.00219342281896377
0.967 0.00243395317708659
0.968 0.00268953374078919
0.969 0.00303157992156219
0.97 0.0035110182825400502
0.971 0.00405228339262395
0.972 0.00469214698504896
0.973 0.00548878883654988
0.974 0.00647618397060834
0.975 0.007592651891089561
0.976 0.00902492033625693
0.977 0.01073031632808183
0.978 0.01274888925023805
0.979 0.01507805638994016
0.98 0.01802776109682096
0.981 0.02126610818349804
0.982 0.02510155466446563
0.983 0.02942885901044205
0.984 0.03434960223052515
0.985 0.0402050640786354
0.986 0.046355615490217945
0.987 0.05302351379450835
0.988 0.06011608368333672
0.989 0.06855383063426229
0.99 0.07736346739944198
0.991 0.08645112725130694
0.992 0.0972275691365784
0.993 0.1076465170500966
0.994 0.11808332429608377
0.995 0.1285762633253866
0.996 0.1411697040866821
0.997 0.15360202128634756
0.998 0.16617893593241392
0.999 0.17855753516128198
1.0 0.19000218392625998
1.001 0.20115655225007176
1.002 0.21243451084042808
1.003 0.22385725906067117
1.004 0.23530622475763152
1.005 0.24555009246647516
1.006 0.25502226458068733
1.007 0.2629522136268821
1.008 0.27120183400284903
1.009 0.2787019701952201
1.01 0.285882035780374
1.011 0.2932763488734926
1.012 0.29963218282490567
1.013 0.3055813400924837
1.014 0.31073877747461176
1.015 0.31574484854639784
1.016 0.3190291902953299
1.017 0.3224080673730412
1.018 0.32642789352098184
1.019 0.3301255368482328
1.02 0.33388968155488136
1.021 0.33733612328142176
1.022 0.34019358545339895
1.023 0.34160580742055374
1.024 0.3430386424210004
1.025 0.34393060050299235
1.026 0.3446147014956756
1.027 0.34589321790887256
1.028 0.34790213160235656
1.029 0.34971413511413163
1.03 0.3510495160006156
1.031 0.3524699588969397
1.032 0.3534861887485568
1.033 0.3539559304280402
1.034 0.3553000256683568
1.035 0.35642672684758503
1.036 0.3577459329267482
1.037 0.35912390171344155
1.038 0.3600523537519755
1.039 0.3599800584638068
1.04 0.3595243789932272
1.041 0.3597560845604993
1.042 0.3602212833326187
1.043 0.3619094382740523
1.044 0.36351510977676743
1.045 0.3639165889313892
1.046 0.3641064796470942
1.047 0.36453033158835085
1.048 0.3655814039116409
1.049 0.3657023084230195
1.05 0.365514573021436
1.051 0.36550787667026224
1.052 0.36642627944376915
1.053 0.3678605478322164
1.054 0.36818483232688265
1.055 0.3677061942955281
1.056 0.3666319282726078
1.057 0.3663145150471878
1.058 0.3664991109795983
1.059 0.3668357575684385
1.06 0.3675489828101708
1.061 0.3678788803342627
1.062 0.36829118852879683
1.063 0.3685135988402519
1.064 0.3684846889746389
1.065 0.3681926348274434
1.066 0.36838177390173277
1.067 0.36939503877101165
1.068 0.37016082781820364
1.069 0.37082097304296435
1.07 0.37017842745907836
1.071 0.3697771399287035
1.072 0.36947373912882847
1.073 0.37012894594196843
1.074 0.3711134734368087
1.075 0.372644839532215
1.076 0.3746401475317914
1.077 0.376250992546714
1.078 0.3776516403913134
1.079 0.37853640753644846
1.08 0.3800334728864129
1.081 0.3813637077191444
1.082 0.38220092634602465
1.083 0.382680300373385
1.084 0.3835014426738944
1.085 0.3849358786191111
1.086 0.3863603641584518
1.087 0.38778243685263153
1.088 0.3882599040678797
1.089 0.38796567953035804
1.09 0.3876582890321983
1.091 0.38899508892080836
1.092 0.3913533406561258
1.093 0.3928002770676899
1.094 0.3933275320953847
1.095 0.3929977020805153
1.096 0.3930676630881945
1.097 0.39316748838704996
1.098 0.393946424998977
1.099 0.3948842973727785
1.1 0.3956440847705689
1.101 0.3965141135882751
1.102 0.397082479459406
1.103 0.3973123602300172
1.104 0.39729902532561345
1.105 0.3972749001062455
1.106 0.3975496197372772
1.107 0.3981771871634718
1.108 0.3995115291544724
1.109 0.39963878926535784
1.11 0.39961309951527924
1.111 0.3996040348056062
1.112 0.3998801130650973
1.113 0.39976646759675305
1.114 0.3999227375569068
1.115 0.4007799385376437
1.116 0.40111049613905764
1.117 0.4015266529816514
1.118 0.4019031386861612
1.119 0.40197158937673677
1.12 0.4010478677418706
1.121 0.40014704580233135
1.122 0.3999763745468167
1.123 0.3995264708756936
1.124 0.39956031784299495
1.125 0.4004521395991607
1.126 0.40117770785061163
1.127 0.40070235605072163
1.128 0.3998329641112374
1.129 0.39942603399551835
1.13 0.39994330525734556
1.131 0.40136752258210584
1.132 0.4020774556866259
1.133 0.4018520263784573
1.134 0.4015406155422703
1.135 0.4015247491648253
1.136 0.40211966868741084
1.137 0.4027937772268123
1.138 0.4035228709676652
1.139 0.4037822324257888
1.14 0.40499260159784817
1.141 0.40689861194571686
1.142 0.4088923641419439
1.143 0.4101726012593803
1.144 0.4102762806163034
1.145 0.4104006809643341
1.146 0.41124646477900273
1.147 0.4127252009297408
1.148 0.4145820272228444
1.149 0.415062595340323
1.15 0.4155095395707907
1.151 0.41600415584825484
1.152 0.4171784098931127
1.153 0.41777532835995657
1.154 0.41828285537885507
1.155 0.4190681372206012
1.156 0.41964712584610553
1.157 0.4209193417321965
1.158 0.4221232966442605
1.159 0.4232086042309661
1.16 0.42286174130627746
1.161 0.42263519388047305
1.162 0.42298825335212475
1.163 0.4242107014568173
1.164 0.4251156168492946
1.165 0.4258382070381504
1.166 0.4260765568121233
1.167 0.42603818706855784
1.168 0.42559857551550034
1.169 0.42583823603331544
1.17 0.42568647387581604
1.171 0.4254469560126595
1.172 0.4247835311215955
1.173 0.42502914390504165
1.174 0.4246469200477135
1.175 0.4236301141088612
1.176 0.4215586874853751
1.177 0.41908924367026884
1.178 0.41683178115420805
1.179 0.4139051874548422
1.18 0.41054271715548757
1.181 0.40663197648869553
1.182 0.40139768040111506
1.183 0.394417088237802
1.184 0.385356814610812
1.185 0.3764800460178886
1.186 0.36639871254231915
1.187 0.35510030598108044
1.188 0.34238848536759986
1.189 0.33038123533975455
1.19 0.31885774173699255
1.191 0.30601659492757666
1.192 0.2932597503297318
1.193 0.2810577694863112
1.194 0.2702210159690795
1.195 0.2609139467715868
1.196 0.25333130007374294
1.197 0.24786805138215326
1.198 0.24594998913480798
1.199 0.2467194910018127
1.2 0.2484487590198478
1.201 0.25133837443083523
1.202 0.2567632397943749
1.203 0.26475119057092356
1.204 0.27416365917156665
1.205 0.2844527694217721
1.206 0.29639682864764316
1.207 0.3087196307155443
1.208 0.32118496316636463
1.209 0.334078075983972
1.21 0.3485189024111
1.211 0.3618646799266854
1.212 0.3737443484021553
1.213 0.3854624924655165
1.214 0.3958683879282334
1.215 0.40467100945809614
1.216 0.4120374562752338
1.217 0.4191998714719479
1.218 0.4258820533268502
1.219 0.43104145379086434
1.22 0.43424878831426117
1.221 0.4360695614677019
1.222 0.43782422901881957
1.223 0.43972719978997116
1.224 0.4402428707376933
1.225 0.4406779828813887
1.226 0.4410486424645777
1.227 0.4420846775314625
1.228 0.4425244578686384
1.229 0.4424995070063983
1.23 0.44189643228631664
1.231 0.4412233864780877
1.232 0.44165418842951837
1.233 0.4425245344652979
1.234 0.4431711224000497
1.235 0.44316338408201394
1.236 0.4431022446290756
1.237 0.4434632656401069
1.238 0.44340677969962583
1.239 0.44324375423231793
1.24 0.4432438475616125
1.241 0.44397527540450105
1.242 0.44490683020536215
1.243 0.44538651575443394
1.244 0.4456489866730255
1.245 0.44503828254590294
1.246 0.44511740440212516
1.247 0.44489792756640845
1.248 0.44515611812929373
1.249 0.4457217052811739
1.25 0.4465163148116878
1.251 0.4468406277511371
1.252 0.44693253998346266
1.253 0.4472888101537103
1.254 0.44693831557444624
1.255 0.44694780720830085
1.256 0.446853126117152
1.257 0.4469256066826044
1.258 0.44716759438355064
1.259 0.44785636523909284
1.26 0.4485342992065383
1.261 0.44881363186078954
1.262 0.44884694131622954
1.263 0.4486381565076477
1.264 0.44877129849040576
1.265 0.4495135386044942
1.266 0.4502176346898661
1.267 0.4508587343387954
1.268 0.450641311384869
1.269 0.45012012565876547
1.27 0.44963014836833143
1.271 0.44994669611489524
1.272 0.450133390121507
1.273 0.45017196520621067
1.274 0.45028557255489815
1.275 0.45050215884323147
1.276 0.45069818181648225
1.277 0.4510851259956202
1.278 0.45105905645293537
1.279 0.45034184755970347
1.28 0.449705673880555
1.281 0.4502037337833791
1.282 0.450792543851973
1.283 0.4514335483793656
1.284 0.4516484684550582
1.285 0.45191150794105744
1.286 0.4514485304825849
1.287 0.450853709873367
1.288 0.45054112811078306
1.289 0.450481737728529
1.29 0.4502122361529799
1.291 0.44995892096006135
1.292 0.45034943619394474
1.293 0.4506214956984196
1.294 0.45030377913069175
1.295 0.4490917013731673
1.296 0.44808184253738637
1.297 0.44900486600254075
1.298 0.45111737052758283
1.299 0.45330493042968906
1.3 0.45362433467227686
1.301 0.45326632127419597
1.302 0.4519945004215587
1.303 0.45154495004182804
1.304 0.45129556728286346
1.305 0.45183129213832207
1.306 0.45198697568719237
1.307 0.45227495241239385
1.308 0.4522733668993486
1.309 0.45295638194269644
1.31 0.4532522404440963
1.311 0.45411033060684275
1.312 0.4546370469550241
1.313 0.4551425354058902
1.314 0.4556784429731348
1.315 0.4571967710403788
1.316 0.4583323982153151
1.317 0.4584388116129306
1.318 0.4580622965286249
1.319 0.45882538346919977
1.32 0.45972652585747203
1.321 0.46004506980876403
1.322 0.4593587128069755
1.323 0.4598644010530021
1.324 0.461062173027587
1.325 0.4621598410373571
1.326 0.46207853874622096
1.327 0.4615424010529762
1.328 0.46101570779398426
1.329 0.4608057628958838
1.33 0.46172858445803516
1.331 0.46293537375180993
1.332 0.4638573311467682
1.333 0.46365721965838225
1.334 0.4629666861412544
1.335 0.4621646261948382
1.336 0.46244032628220855
1.337 0.46360270960438354
1.338 0.4643831018326453
1.339 0.4645827521221985
1.34 0.46488625127432515
1.341 0.46553203280590666
1.342 0.46625845649034575
1.343 0.46656553985024335
1.344 0.46650607303512776
1.345 0.4663095117221331
1.346 0.46644633943012626
1.347 0.4670446561086456
1.348 0.46848361820027956
1.349 0.4694873655780963
1.35 0.46898873128238894
1.351 0.46796513397321204
1.352 0.467535931265849
1.353 0.4679178116642207
1.354 0.4695097770324159
1.355 0.47049981363821713
1.356 0.47034272087604734
1.357 0.47016326433334305
1.358 0.4708354289799403
1.359 0.470501915943064
1.36 0.4693759839290423
1.361 0.46874603605386783
1.362 0.46954226506828556
1.363 0.4706753567876369
1.364 0.47150904842101893
1.365 0.47112806088651105
1.366 0.47011385136108563
1.367 0.4680890723569712
1.368 0.4668124783318337
1.369 0.4665677414162928
1.37 0.4673515217739901
1.371 0.46750847380646104
1.372 0.4665097284379052
1.373 0.46444821950754467
1.374 0.4621999487614354
1.375 0.46096442921643577
1.376 0.46047583706317846
1.377 0.4597459534403095
1.378 0.45820766496463017
1.379 0.45681934199196395
1.38 0.4560537777897689
1.381 0.45497910295311317
1.382 0.4537816576106138
1.383 0.4524128402882047
1.384 0.45108151500912286
1.385 0.45072143090135003
1.386 0.45141944573958603
1.387 0.4519601756231486
1.388 0.45140310308116344
1.389 0.4510190470453555
1.39 0.45107995338214424
1.391 0.45169500174778376
1.392 0.4517343773738175
1.393 0.45271002473946037
1.394 0.4541257254940891
1.395 0.45557747082392763
1.396 0.4555362190455142
1.397 0.45577078930511583
1.398 0.45658149179720614
1.399 0.4575102391607391
1.4 0.45828203266163453
1.401 0.4593188346444181
1.402 0.46021625028097946
1.403 0.4607349367244442
1.404 0.4614550226032094
1.405 0.4619630778473791
1.406 0.46164401476786726
1.407 0.4618896709797928
1.408 0.4629927800995963
1.409 0.4643497555815659
1.41 0.4651493038269359
1.411 0.4664201044835575
1.412 0.4679132885950367
1.413 0.46890771615730165
1.414 0.4693670223752906
1.415 0.4691171875579359
1.416 0.46976366826984584
1.417 0.47129079967250753
1.418 0.47258477744564303
1.419 0.472735937333849
1.42 0.4717302020397646
1.421 0.47108432917156534
1.422 0.4697766340438584
1.423 0.46868692469670065
1.424 0.466668760067947
1.425 0.46473555929324734
1.426 0.46257591195603337
1.427 0.45991909247009094
1.428 0.4560738075650934
1.429 0.45156677105271575
1.43 0.4472905471761898
1.431 0.4419519786807579
1.432 0.4358867562192213
1.433 0.42988961579704515
1.434 0.4236677013684705
1.435 0.41671533439496566
1.436 0.4086121059168197
1.437 0.4019282956830168
1.438 0.3937918933516799
1.439 0.38453421950281114
1.44 0.37398326433958906
1.441 0.3651675305297182
1.442 0.3567224147593606
1.443 0.34725446521112896
1.444 0.3371857097048884
1.445 0.32740411577399103
1.446 0.31780666078500824
1.447 0.30935826003068695
1.448 0.3017636300289252
1.449 0.2955432573363719
1.45 0.28927108537819135
1.451 0.28418704299235586
1.452 0.2796241025693914
1.453 0.2756232274026753
1.454 0.27328824440519034
1.455 0.27284473005442345
1.456 0.27403485147428563
1.457 0.27577253799275725
1.458 0.2791971602421388
1.459 0.28443189616792913
1.46 0.29125172939874217
1.461 0.2986991272192609
1.462 0.3066921632691522
1.463 0.3161775578784202
1.464 0.3269276829217207
1.465 0.34025048020652354
1.466 0.3534150055351747
1.467 0.366862690324227
1.468 0.37775057251782906
1.469 0.3895179804219074
1.47 0.40123207708543424
1.471 0.4136728696637167
1.472 0.42640798405917063
1.473 0.4379015550671644
1.474 0.44908179004943083
1.475 0.4574292420094517
1.476 0.4659165108321235
1.477 0.47195669899035486
1.478 0.47749854649315504
1.479 0.4818584522422783
1.48 0.4867013866283544
1.481 0.49029115810516893
1.482 0.49323168435844905
1.483 0.4958243761504948
1.484 0.49801889955609796
1.485 0.49823140343407457
1.486 0.49817162149834116
1.487 0.4974304005895479
1.488 0.498051071787264
1.489 0.49884883784641154
1.49 0.5004649333397483
1.491 0.5012096937692828
1.492 0.5013471157032127
1.493 0.5007851916797893
1.494 0.49948793385247103
1.495 0.4986932013650544
1.496 0.49825692604052874
1.497 0.4995396360200699
1.498 0.5001971575570473
1.499 0.5009292412004989
1.5 0.5004181220601792
1.501 0.5004326106670024
1.502 0.5003329950696294
1.503 0.5000827544063338
1.504 0.5001213635024309
1.505 0.5012765333822683
1.506 0.5028527676366723
1.507 0.5030376357139122
1.508 0.5035588982963347
1.509 0.5040762754876374
1.51 0.504060668158551
1.511 0.5041821145614902
1.512 0.5044790572159507
1.513 0.5052537308352725
1.514 0.50599974029507
1.515 0.5067434209528536
1.516 0.5075059410500871
1.517 0.5079321071645817
1.518 0.5077893326988877
1.519 0.5063361282088907
1.52 0.5055825577932543
1.521 0.5053672796795754
1.522 0.505961994973614
1.523 0.5077049999845159
1.524 0.5089553701380849
1.525 0.508651407508867
1.526 0.5084792112079625
1.527 0.5085441488179028
1.528 0.5098685741160387
1.529 0.510121277987359
1.53 0.510938666745167
1.531 0.5109164589170964
1.532 0.511759482337846
1.533 0.5118031715457303
1.534 0.5112723428706772
1.535 0.5109564586385279
1.536 0.5107966508832629
1.537 0.5113228142674952
1.538 0.5123200180297324
1.539 0.5132651669212679
1.54 0.5133381000602847
1.541 0.5129587006051428
1.542 0.5124331998255794
1.543 0.5108525203899404
1.544 0.5099420826480185
1.545 0.509676665382044
1.546 0.5112455449522602
1.547 0.5115845911908453
1.548 0.5122082984531514
1.549 0.5119877007854877
1.55 0.5116723880392499
1.551 0.5108393429826074
1.552 0.5109027236659067
1.553 0.5117148654199765
1.554 0.5120757959121962
1.555 0.5131846437765769
1.556 0.5141059686774176
1.557 0.5138424187819813
1.558 0.5123351563171965
1.559 0.5110721778619511
1.56 0.5111737807297877
1.561 0.5118479117636506
1.562 0.5125392668461599
1.563 0.5132724408623689
1.564 0.5144188906539859
1.565 0.5143516532747963
1.566 0.5124087610032109
1.567 0.5110539841780294
1.568 0.5105970911228662
1.569 0.5108708213391067
1.57 0.511065557759244
1.571 0.5114425494399883
1.572 0.5122516154279487
1.573 0.512291708720769
1.574 0.5117261555747173
1.575 0.5106425386457999
1.576 0.5104509966229672
1.577 0.5106319788559154
1.578 0.5111457431232034
1.579 0.5120806600944467
1.58 0.5129920550615275
1.581 0.5135812304903289
1.582 0.5114342986628185
1.583 0.5099311560767289
1.584 0.5100840209417844
1.585 0.5113845375051175
1.586 0.5104868968924341
1.587 0.5097091302188715
1.588 0.5097892753994808
1.589 0.509206176272305
1.59 0.5086323481652105
1.591 0.5074545684047342
1.592 0.5076203618178968
1.593 0.5078546010593266
1.594 0.5082183945959615
1.595 0.5082229187722327
1.596 0.5083150044405638
1.597 0.5092442715569697
1.598 0.5085305511019836
1.599 0.5079639663215912
1.6 0.5074914986986484
1.601 0.5079425577726415
1.602 0.509303833961546
1.603 0.5113822310887138
1.604 0.5134573708269151
1.605 0.512550686200485
1.606 0.5114265980830375
1.607 0.510259187405697
1.608 0.5099779764676907
1.609 0.5102515197464308
1.61 0.5112270918032585
1.611 0.5118832861046363
1.612 0.5109182807510468
1.613 0.5112515666274533
1.614 0.5121901883598556
1.615 0.5122094613504327
1.616 0.5106742151862069
1.617 0.5100709844951912
1.618 0.5109760042838177
1.619 0.5126120058118301
1.62 0.5136554769992556
1.621 0.5138032632379435
1.622 0.5126570268904483
1.623 0.5117311036760429
1.624 0.510986080148854
1.625 0.5125218661325162
1.626 0.5146894330667896
1.627 0.516517454151204
1.628 0.5163786548802587
1.629 0.5174866444480127
1.63 0.5173344403407959
1.631 0.5149037308623589
1.632 0.5131076388954839
1.633 0.5133699140568458
1.634 0.5148882522765187
1.635 0.5158082775160764
1.636 0.517521222181061
1.637 0.5171599849152562
1.638 0.5164243490610664
1.639 0.5150289534587374
1.64 0.5151534703965367
1.641 0.5159612825975787
1.642 0.516790306826134
1.643 0.5161642428719562
1.644 0.5160043773151278
1.645 0.515608544353646
1.646 0.5155368681711361
1.647 0.5149389890348505
1.648 0.5150039601897729
1.649 0.5139560417100247
1.65 0.5143280221049507
1.651 0.5155409687400543
1.652 0.5170121826000793
1.653 0.5167434711319744
1.654 0.5153250933419397
1.655 0.5145566971542976
1.656 0.5140321291726349
1.657 0.5137514155701186
1.658 0.5135290112363217
1.659 0.5143793130472811
1.66 0.5148688195969395
1.661 0.5141761879743313
1.662 0.5131983698652788
1.663 0.5126982294962841
1.664 0.5111995237232163
1.665 0.510218147202157
1.666 0.5098325247999208
1.667 0.5104050057412971
1.668 0.5096603634064315
1.669 0.5089232893770091
1.67 0.5067728415715296
1.671 0.5046386920686541
1.672 0.5022884412346463
1.673 0.502504726005877
1.674 0.5045607941717423
1.675 0.50658167263931
1.676 0.5079872069455729
1.677 0.5083293404615672
1.678 0.5084737397612457
1.679 0.5090869204590196
1.68 0.5112185732381149
1.681 0.5115553328220569
1.682 0.510969091832013
1.683 0.5120517913514173
1.684 0.5138779083011653
1.685 0.516004590842924
1.686 0.5162540694531833
1.687 0.5155563404214144
1.688 0.5147151306434987
1.689 0.515680253255859
1.69 0.5154516882002513
1.691 0.5160847013210683
1.692 0.5167726187701105
1.693 0.5181215315383476
1.694 0.5175287574159423
1.695 0.5171083709199964
1.696 0.5152626268496148
1.697 0.5152554108163314
1.698 0.5148698345612455
1.699 0.5151948655799887
1.7 0.5155450825831641
1.701 0.5168316115147159
1.702 0.5164787191494112
1.703 0.5146067074931927
1.704 0.5125181229630418
1.705 0.5112898620419224
1.706 0.511403164782777
1.707 0.5115712761690749
1.708 0.5115261686883475
1.709 0.5113445354099623
1.71 0.5103833842121902
1.711 0.5096721829650573
1.712 0.5084386690263656
1.713 0.5070647372908808
1.714 0.5061933433289962
1.715 0.50653630924714
1.716 0.5073805784965479
1.717 0.5076433398300257
1.718 0.5091407793361756
1.719 0.5091908844313643
1.72 0.5088478914940693
1.721 0.5075040400220747
1.722 0.5086271646852245
1.723 0.5096537081212009
1.724 0.5105384182723836
1.725 0.5118977829557653
1.726 0.513818655756578
1.727 0.5152241527251763
1.728 0.5135484984559041
1.729 0.5120496963256361
1.73 0.5106846839241834
1.731 0.5113145357346359
1.732 0.5119186636933309
1.733 0.5126449131423486
1.734 0.5127286258865599
1.735 0.5121282207583505
1.736 0.5117477519906747
1.737 0.5117126363219904
1.738 0.5124128800923924
1.739 0.5129430413967782
1.74 0.5135433520844807
1.741 0.5136606214888102
1.742 0.5141047906000918
1.743 0.5151816955176458
1.744 0.5149085612864663
1.745 0.5141280617689631
1.746 0.5133905725547855
1.747 0.5133855214628932
1.748 0.5135032383338703
1.749 0.5146908995509775
1.75 0.5167368678325925
1.751 0.5170731818296375
1.752 0.5157177219640364
1.753 0.5147012829266153
1.754 0.5140202120293207
1.755 0.5144865747308676
1.756 0.5148312047269186
1.757 0.5157976999275754
1.758 0.5151218120287941
1.759 0.515302221082724
1.76 0.5150813781096544
1.761 0.5140489616222702
1.762 0.5124445412253564
1.763 0.5121422331734149
1.764 0.5129865394610436
1.765 0.5140546531962772
1.766 0.5147485900313915
1.767 0.5149076636613877
1.768 0.51330143842398
1.769 0.5120777311506909
1.77 0.5107847363220673
1.771 0.5113000724177397
1.772 0.5113536307523792
1.773 0.510701856251382
1.774 0.5111813705580167
1.775 0.513624428941177
1.776 0.5186654446714377
1.777 0.5165778327739282
1.778 0.5124621321103298
1.779 0.5090511058593243
1.78 0.511464025592626
1.781 0.5127781271609279
1.782 0.5143069977990516
1.783 0.5155913068486364
1.784 0.5156385667053666
1.785 0.5143813977770815
1.786 0.5136481360116866
1.787 0.5140663169581264
1.788 0.5149414471822925
1.789 0.5159053214933591
1.79 0.5164831019272625
1.791 0.5165688268128779
1.792 0.5158545465690306
1.793 0.5144683611072192
1.794 0.5136534508948581
1.795 0.5135533442769049
1.796 0.5128246648473977
1.797 0.512789271050417
1.798 0.5138300478600983
1.799 0.515668764402491
1.8 0.5156821143009563
1.801 0.51547159292623
1.802 0.51511259018488
1.803 0.5147084768646679
1.804 0.5146142391740995
1.805 0.5149356036158026
1.806 0.5162276230529124
1.807 0.5164959092292346
1.808 0.5167338969403132
1.809 0.5162624571445923
1.81 0.5160262580487072
1.811 0.5156775082759316
1.812 0.5157029242950818
1.813 0.5166328884540252
1.814 0.5181240202833879
1.815 0.5190620219936576
1.816 0.5187787839572475
1.817 0.5181846171903302
1.818 0.5169044209094688
1.819 0.5150828863965686
1.82 0.5138270604242617
1.821 0.5137458004636011
1.822 0.5145736388113217
1.823 0.51492109103853
1.824 0.5151281385033735
1.825 0.5146456370538167
1.826 0.5138799190580264
1.827 0.5128394615718467
1.828 0.5125503748335899
1.829 0.5123325898613615
1.83 0.5127844260425449
1.831 0.5136829382432822
1.832 0.5149981842030517
1.833 0.5146637059129898
1.834 0.5136465779478314
1.835 0.513156372052118
1.836 0.5131449106951188
1.837 0.5132219351240244
1.838 0.5138570804529269
1.839 0.5159725400973678
1.84 0.5162444146061701
1.841 0.5150913021109707
1.842 0.5130570306425187
1.843 0.5119140786167793
1.844 0.511645257624741
1.845 0.5126061874720911
1.846 0.5139586530159868
1.847 0.5144025797251449
1.848 0.5144837322745939
1.849 0.5134977669180054
1.85 0.5124730566002766
1.851 0.5112642223899094
1.852 0.5108130563794155
1.853 0.5110716219024793
1.854 0.511939828393783
1.855 0.5128255437721121
1.856 0.5124427961084906
1.857 0.5113632971798284
1.858 0.5099896574731817
1.859 0.5095863703003948
1.86 0.5094446252109373
1.861 0.5091429545902039
1.862 0.5100003740144758
1.863 0.5111896792898374
1.864 0.5126459635902075
1.865 0.5124074950111618
1.866 0.5110985848610446
1.867 0.5093562939819796
1.868 0.5091196891118549
1.869 0.5109070453315783
1.87 0.5116380671228696
1.871 0.5119715122287626
1.872 0.5116149235282589
1.873 0.512774767037337
1.874 0.5130290162063983
1.875 0.5129175311693843
1.876 0.5122034437489832
1.877 0.5125367042038741
1.878 0.5131075786457056
1.879 0.5138893191743027
1.88 0.5144007475303526
1.881 0.5133664774424838
1.882 0.5111309846491793
1.883 0.5093664143879505
1.884 0.508732435770135
1.885 0.5093744255747454
1.886 0.510154381994731
1.887 0.5109011019223776
1.888 0.5105269053856315
1.889 0.5100756336574475
1.89 0.5089634872335219
1.891 0.5077365363428546
1.892 0.5073447479553909
1.893 0.507104548056526
1.894 0.5070883544889466
1.895 0.507492793988039
1.896 0.5085809475847965
1.897 0.5093047774282972
1.898 0.5082998135663533
1.899 0.5070201756209425
1.9 0.5061020917533149
1.901 0.5070047221758229
1.902 0.5073796632838806
1.903 0.5073874041869257
1.904 0.5074686394732699
1.905 0.5074038376284754
1.906 0.5063910092555756
1.907 0.504916042554862
1.908 0.5048078966191542
1.909 0.5057316241578483
1.91 0.5069746655477425
1.911 0.508048206556779
1.912 0.5080414168017638
1.913 0.5081650683042912
1.914 0.5072857341552184
1.915 0.5061505058104884
1.916 0.5044978357942093
1.917 0.5041311276168807
1.918 0.5053120697896206
1.919 0.5058976843358941
1.92 0.5061670126743525
1.921 0.5053048720294482
1.922 0.5050721452877159
1.923 0.5041214855422702
1.924 0.5031253933492955
1.925 0.5020017217128189
1.926 0.5015904311454565
1.927 0.5020321066983491
1.928 0.5022892937816197
1.929 0.5022040975261716
1.93 0.5015174049838613
1.931 0.5004264391456853
1.932 0.49880115494481597
1.933 0.49716610330733935
1.934 0.4975703802782473
1.935 0.4986512379372598
1.936 0.4997792828160042
1.937 0.4994589569851919
1.938 0.4995884995192415
1.939 0.4989735079719677
1.94 0.49859088613425917
1.941 0.4983161744241503
1.942 0.4989444544786572
1.943 0.5004020607187085
1.944 0.50165035526303
1.945 0.5026558397439795
1.946 0.502859454137313
1.947 0.5023367522927319
1.948 0.5009541586358064
1.949 0.4998176824409389
1.95 0.5001559780996973
1.951 0.5013939036319489
1.952 0.5023477693108366
1.953 0.5022503390864178
1.954 0.5020572713989784
1.955 0.5017331036103837
1.956 0.5012658367016691
1.957 0.5009175127456341
1.958 0.5008279292590613
1.959 0.5007661037973302
1.96 0.5010432654481253
1.961 0.5010270331358093
1.962 0.5012805385676263
1.963 0.5009245684531288
1.964 0.5006046291068261
1.965 0.49966303860069927
1.966 0.500020379329267
1.967 0.5010675246000309
1.968 0.5011770060992793
1.969 0.5005639649711475
1.97 0.49940917117436323
1.971 0.4994249831610613
1.972 0.49891723319485787
1.973 0.49901950640947146
1.974 0.4985301808862589
1.975 0.4987808640573892
1.976 0.49910159722543546
1.977 0.49942843685840915
1.978 0.5000284897773817
1.979 0.5001555514433424
1.98 0.4999391726448925
1.981 0.49903462979998925
1.982 0.4987905115020747
1.983 0.4990609084400852
1.984 0.49930331459003807
1.985 0.49995453790700195
1.986 0.5003655293165883
1.987 0.5010631441984801
1.988 0.500559059596856
1.989 0.5001676717486733
1.99 0.49954885703386037
1.991 0.4996678659909517
1.992 0.4996432051666123
1.993 0.4987664685625321
1.994 0.497223641473823
1.995 0.4944507510896052
1.996 0.4914463632772782
1.997 0.4886398551929079
1.998 0.4903267359551373
1.999 0.49270156734324594
2.0 0.49424826707670316
2.001 0.49415143187625943
2.002 0.4940845621566093
2.003 0.49371662455085974
2.004 0.49302013284529456
2.005 0.49349056372200045
2.006 0.4936800389528046
2.007 0.49480450357924316
2.008 0.49499145782305026
2.009 0.4946973025652515
2.01 0.49396512380157975
2.011 0.4929624441976657
2.012 0.4925811911521702
2.013 0.49273704541412217
2.014 0.4933803086489417
2.015 0.4928289203259138
2.016 0.4923343734984944
2.017 0.4924603473809589
2.018 0.4925047846586102
2.019 0.49175151709416853
2.02 0.49034295184245424
2.021 0.49038700223215237
2.022 0.49192673611162613
2.023 0.49278612753955614
2.024 0.4919051632962714
2.025 0.4903709452567218
2.026 0.49013693916137363
2.027 0.489615432385202
2.028 0.4891762409319784
2.029 0.4884326523761188
2.03 0.48929252499697135
2.031 0.4905033149336646
2.032 0.4908836081020329
2.033 0.48992937430691497
2.034 0.4890103078985799
2.035 0.4889901805712139
2.036 0.4888207760812743
2.037 0.4884331815094912
2.038 0.48833748174865704
2.039 0.4878854891120086
2.04 0.48679399965451253
2.041 0.4854263072636817
2.042 0.4847862833997968
2.043 0.484760754589559
2.044 0.4845324471277311
2.045 0.48422889494463844
2.046 0.483514365366967
2.047 0.48362145799962036
2.048 0.48337635986388483
2.049 0.4829987997557491
2.05 0.48253672269194353
2.051 0.4817788259872194
2.052 0.48091132772942635
2.053 0.4797129884885815
2.054 0.480360494331104
2.055 0.48075016336138865
2.056 0.48163487251790077
2.057 0.4818573854540969
2.058 0.4828481074239761
2.059 0.4831675727192374
2.06 0.4823978057312023
2.061 0.48181934086850065
2.062 0.48170444209157615
2.063 0.48308534637256795
2.064 0.48319834811079715
2.065 0.4828544980304549
2.066 0.48226777909668805
2.067 0.4814454759907198
2.068 0.48137271430719997
2.069 0.4810005134885967
2.07 0.48201064288060086
2.071 0.4828273513325148
2.072 0.48452756250651785
2.073 0.48495887585046715
2.074 0.4851350225006999
2.075 0.48600077619121923
2.076 0.4859807813142427
2.077 0.48485615003506194
2.078 0.48311859738886215
2.079 0.4837153705668075
2.08 0.4852511359529769
2.081 0.48617460838238935
2.082 0.4864004312571971
2.083 0.4862769326588583
2.084 0.4868457686353807
2.085 0.48591959548305785
2.086 0.48631666017676956
2.087 0.4863448148935928
2.088 0.487392157213012
2.089 0.4859274782788543
2.09 0.4841087680802979
2.091 0.48286027088270383
2.092 0.48336229389930435
2.093 0.48428883970685
2.094 0.4834970614890377
2.095 0.48221615410829566
2.096 0.48169735710555744
2.097 0.48285410601504647
2.098 0.4838769907295372
2.099 0.4836492873078396
2.1 0.48272556503074787
2.101 0.48220621149907644
2.102 0.48185553125364844
2.103 0.481212155485642
2.104 0.48064803089512054
2.105 0.4813554532567721
2.106 0.48178412282656263
2.107 0.481659639623811
2.108 0.48125140772011527
2.109 0.4816276954707085
2.11 0.4821264622876019
2.111 0.48115157720048624
2.112 0.47996177817481833
2.113 0.48007979819878976
2.114 0.48103377729977154
2.115 0.4806006322757409
2.116 0.48003659697066337
2.117 0.4799397549792529
2.118 0.4803142255503176
2.119 0.4808471468724027
2.12 0.48147855741148377
2.121 0.48202023753388923
2.122 0.4817142130705225
2.123 0.4807459849232799
2.124 0.48025884482225395
2.125 0.48112137105718294
2.126 0.48226140928096284
2.127 0.48136384696274337
2.128 0.4799768114605696
2.129 0.47915468987290194
2.13 0.48005581010392673
2.131 0.4808057002363579
2.132 0.4803770987682244
2.133 0.4793163321772617
2.134 0.4778068670826287
2.135 0.47755544728918065
2.136 0.47695982642655105
2.137 0.47632788822942485
2.138 0.47495309344387465
2.139 0.4736043277224806
2.14 0.4721116650057811
2.141 0.4710428818272091
2.142 0.4712792342021183
2.143 0.4709685072317408
2.144 0.470496538930261
2.145 0.46930577760878645
2.146 0.4690771483374922
2.147 0.46907282320697946
2.148 0.4692398153414507
2.149 0.4692618933762422
2.15 0.46867190091673006
2.151 0.4676406613606854
2.152 0.4660390866389275
2.153 0.46509185309695783
2.154 0.4646556516055335
2.155 0.46468796088788655
2.156 0.4650572112774294
2.157 0.46397423725413206
2.158 0.463008691791887
2.159 0.46315824973253483
2.16 0.4637616709397975
2.161 0.463172423101247
2.162 0.4619740823669234
2.163 0.46173064135749026
2.164 0.46055083587994106
2.165 0.45890569372508505
2.166 0.45731171196865555
2.167 0.4572675342832461
2.168 0.4573994994936934
2.169 0.45633107483033203
2.17 0.4552563325920027
2.171 0.45452674622812406
2.172 0.45453038491975306
2.173 0.4541317733832773
2.174 0.453922585847273
2.175 0.4529216354971972
2.176 0.4507034400997
2.177 0.4481144993331828
2.178 0.4455233864940875
2.179 0.44371207153926323
2.18 0.4417344154492398
2.181 0.44022756228261445
2.182 0.43916972821663475
2.183 0.4378278021176999
2.184 0.4353466026477798
2.185 0.4319053486153149
2.186 0.4292237072098558
2.187 0.42611456211769827
2.188 0.4246281818018573
2.189 0.4218032156817417
2.19 0.42028890772843924
2.191 0.4168891575925902
2.192 0.4148532952486742
2.193 0.41152697040450054
2.194 0.4090962241254149
2.195 0.4056415612412435
2.196 0.40309788239793476
2.197 0.40013250269565037
2.198 0.3966529127598044
2.199 0.3928681540676225
2.2 0.39022220203239016
2.201 0.3868092762361552
2.202 0.38287186653136807
2.203 0.37847534806171723
2.204 0.3751955876766778
2.205 0.37272637792379393
2.206 0.37100555648766576
2.207 0.36899181947737136
2.208 0.3664705711399969
2.209 0.3636431422430048
2.21 0.36118555950805803
2.211 0.35993903718999637
2.212 0.3598306605491505
2.213 0.3598335881248701
2.214 0.3592924429674536
2.215 0.35831733935235843
2.216 0.35836039321646596
2.217 0.3592412800410941
2.218 0.3603242586880755
2.219 0.36085710958516426
2.22 0.3616600976810586
2.221 0.3627934110518245
2.222 0.3635016702101379
2.223 0.3649463402868184
2.224 0.3664324554638416
2.225 0.3674465582544624
2.226 0.36738979928352417
2.227 0.3676175643370655
2.228 0.3681187515988047
2.229 0.3691419143515888
2.23 0.37033536360193686
2.231 0.370842521237639
2.232 0.3710520647749558
2.233 0.3717363475346167
2.234 0.3726023308343702
2.235 0.3732113105397484
2.236 0.3737089882268127
2.237 0.3739188775514761
2.238 0.3740068600580698
2.239 0.3748880960201195
2.24 0.3759316794852315
2.241 0.3754903981911229
2.242 0.3741452794109933
2.243 0.3734907189958285
2.244 0.3745008016584763
2.245 0.3759291363868993
2.246 0.3769889381697563
2.247 0.3770253808662653
2.248 0.37586178454938757
2.249 0.3754405218673497
2.25 0.37567099899493234
2.251 0.37666481603119173
2.252 0.37640607981689395
2.253 0.37578721956255373
2.254 0.3753538781470202
2.255 0.3757534260874128
2.256 0.37653156036258245
2.257 0.3763146746764366
2.258 0.3761074719078364
2.259 0.3758937981094269
2.26 0.3761150312274987
2.261 0.37609813821786015
2.262 0.37674933113246295
2.263 0.37674504940257214
2.264 0.37609234832627664
2.265 0.37540927919637074
2.266 0.3760557089173533
2.267 0.3767631488909669
2.268 0.37740133446729307
2.269 0.37851651662784636
2.27 0.38059723785066507
2.271 0.38290054492055675
2.272 0.3853935588046827
2.273 0.3869730860480494
2.274 0.3881000449242167
2.275 0.38924618349495793
2.276 0.3909319217694414
2.277 0.39266235278417844
2.278 0.3938957442982523
2.279 0.39497527713691405
2.28 0.39546695460159326
2.281 0.39622399684469584
2.282 0.39772627467771127
2.283 0.4001363746592374
2.284 0.4021409759508497
2.285 0.4025549097220169
2.286 0.40291939820187156
2.287 0.4037349193577174
2.288 0.40527769426690724
2.289 0.4064339941814707
2.29 0.4073119717876635
2.291 0.40749209108525586
2.292 0.4075056770086791
2.293 0.40839717786568946
2.294 0.41020248184918745
2.295 0.4119574953335699
2.296 0.41229463277955836
2.297 0.4123372359500865
2.298 0.41263776917449535
2.299 0.4142035942137784
2.3 0.4158191176005371
2.301 0.4163036406423597
2.302 0.4165413490088035
2.303 0.41756266046289553
2.304 0.4201748014732173
2.305 0.4227999982968418
2.306 0.4248980375487362
2.307 0.42599424684870657
2.308 0.4278059938940164
2.309 0.43061138918311304
2.31 0.43292485373678263
2.311 0.4346751722862575
2.312 0.4361013604901108
2.313 0.43638883000269507
2.314 0.436080069638612
2.315 0.4359821900774998
2.316 0.43787973861718704
2.317 0.43957432832163185
2.318 0.44061855245657566
2.319 0.4406580770615497
2.32 0.4409370358234941
2.321 0.4416999041799559
2.322 0.4434312407852351
2.323 0.44475594969728144
2.324 0.4444325423341966
2.325 0.44389314946124797
2.326 0.4440228223185218
2.327 0.4441445792614208
2.328 0.44525883054466947
2.329 0.44576848987750556
2.33 0.4461691670992891
2.331 0.4452365514804037
2.332 0.4466620136318581
2.333 0.4487500264599764
2.334 0.4498935246229684
2.335 0.44922945844522927
2.336 0.4486806909998649
2.337 0.44874393352941755
2.338 0.4490007788011952
2.339 0.4494694070386475
2.34 0.44932537477340223
2.341 0.44912087229873604
2.342 0.449083105872088
2.343 0.4488322906382707
2.344 0.44928780650000416
2.345 0.4489051300773573
2.346 0.44902651612615396
2.347 0.44905605169867585
2.348 0.4505278216401717
2.349 0.4520927674171861
2.35 0.45279350756274495
2.351 0.45337137940494077
2.352 0.45323393287176994
2.353 0.45415495832734293
2.354 0.4548954730866084
2.355 0.45622844925600115
2.356 0.4571226952159613
2.357 0.45745427845687087
2.358 0.4581338944756173
2.359 0.458923026026086
2.36 0.46057022154653615
2.361 0.4605005233299976
2.362 0.460150155266476
2.363 0.45884165650596265
2.364 0.4587504010320056
2.365 0.45969672092317393
2.366 0.460722512414071
2.367 0.46154386893854044
2.368 0.461329882069763
2.369 0.4608668463272161
2.37 0.4607540821074251
2.371 0.4613300001342661
2.372 0.4619306595987451
2.373 0.46118108569408883
2.374 0.46058989991689425
2.375 0.46068517936457104
2.376 0.4616392849834987
2.377 0.4615151319450856
2.378 0.4613462102122361
2.379 0.46061752382806403
2.38 0.45948699428661266
2.381 0.0
2.382 0.0
