Microns Throughput
3.998293828 0.0
3.999645059 0.0
4.00099629 9.668136873279894e-06
4.002347521 9.722519061416405e-06
4.003698753 9.66858306968445e-06
4.005049984 1.1144190945777619e-05
4.006401216 1.1742829533008123e-05
4.007752447 1.3240535979551791e-05
4.009103679 1.4744844433765396e-05
4.01045491 1.54459990242495e-05
4.011806141 1.5478508466449297e-05
4.013157373 1.5423062752381895e-05
4.014508604 1.5099135912820737e-05
4.015859836 1.4556167452632456e-05
4.017211067 1.5335533170531703e-05
4.018562299 1.6580395511408625e-05
4.01991353 1.720725245198313e-05
4.021264761 1.6833994734594188e-05
4.022615993 1.608470432056198e-05
4.023967224 1.6044739439189723e-05
4.025318456 1.7750990004115644e-05
4.026669687 1.8772424799951606e-05
4.028020919 1.6974129735446063e-05
4.02937215 1.5592181718455542e-05
4.030723382 1.6242051835032917e-05
4.032074613 1.8339579982533508e-05
4.033425844 2.0401671656933826e-05
4.034777076 2.2075668405693205e-05
4.036128307 2.310962587602548e-05
4.037479539 2.260935264186211e-05
4.03883077 2.2711279998611868e-05
4.040182002 2.3883637570022878e-05
4.041533233 2.576683738682527e-05
4.042884465 2.74317171435679e-05
4.044235696 3.069646435112169e-05
4.045586927 3.111363198216169e-05
4.046938159 2.8639483645847663e-05
4.04828939 2.9054499319087437e-05
4.049640622 3.2066161637222996e-05
4.050991853 3.716279040673694e-05
4.052343085 4.295294834650389e-05
4.053694316 5.031301084278564e-05
4.055045547 5.665927895346289e-05
4.056396779 5.941524761922203e-05
4.05774801 6.095747559976636e-05
4.059099241999999 6.196263823433497e-05
4.060450473 6.305624428788205e-05
4.061801705 6.540486985202508e-05
4.063152936 7.089585333406594e-05
4.064504168 7.447816835424045e-05
4.065855399 7.361144136238566e-05
4.06720663 7.431398730489969e-05
4.0685578620000005 7.989051835253362e-05
4.069909093000001 9.046045845416479e-05
4.071260325 0.00010259716309343677
4.072611556 0.00011336557917910121
4.073962788 0.0001230524834737553
4.075314019 0.00013393092384833444
4.07666525 0.00014707007568154918
4.078016482 0.00016211743962704953
4.079367713 0.0001777044891537594
4.080718945 0.00019384957142309404
4.082070176 0.0002145163232795833
4.083421408 0.00023851790159633496
4.084772639 0.0002641033789160637
4.086123871 0.00029124221036139306
4.087475102 0.0003208623616806839
4.088826333 0.00035418127885786027
4.090177565 0.0003907886352315237
4.091528796 0.0004303635368080544
4.092880028 0.00047371938267624523
4.094231259 0.0005218192253046753
4.095582491 0.0005752256418044989
4.096933722 0.0006343944479723601
4.098284953 0.0006997072258305523
4.0996361850000005 0.0007721563550604227
4.100987416 0.0008519082381939654
4.102338648 0.0009389232312928032
4.103689878999999 0.001033937509959196
4.105041110999999 0.0011405841693853456
4.106392342 0.0012655026230469035
4.107743574 0.0014095366398480978
4.109094805 0.0015707055824318995
4.110446036 0.001748906298536104
4.111797268 0.001946491773450872
4.113148499 0.0021679227864127262
4.114499731 0.0024177864092842774
4.115850962000001 0.0027021556854803642
4.117202194000001 0.003027173183682922
4.118553425 0.0033971203669070937
4.119904657 0.0038177568525968753
4.121255887999999 0.004296109227777501
4.122607119 0.004841841823347618
4.123958351000001 0.005464381643724009
4.125309582 0.006176380291589127
4.126660814 0.006989022439381021
4.128012045 0.00791948072991207
4.129363277 0.008984553365757379
4.130714508 0.010213428564651239
4.132065739 0.011631937756337474
4.133416971 0.013265213249822067
4.134768202 0.015149161011784233
4.136119434 0.017328529823137647
4.137470665 0.01985189135197068
4.138821897 0.0227703514528898
4.140173128000001 0.02615279088265945
4.14152436 0.030066863760200468
4.142875591 0.03460003676118469
4.144226821999999 0.039852512118669775
4.145578054 0.0459251201575814
4.146929285000001 0.05293098847582961
4.148280517 0.061003237907811564
4.149631748 0.07026345169548665
4.15098298 0.08086940053738788
4.152334211 0.09292570612666526
4.153685442 0.10653655525303017
4.155036674 0.12185315495464841
4.156387905 0.13894149539893286
4.157739136999999 0.15787287497038713
4.159090368 0.17853425012156313
4.1604416 0.20079336192681901
4.161792831 0.22459535646568146
4.163144063 0.24975732230279468
4.164495294 0.27594969988977264
4.165846525 0.302615891134896
4.167197757 0.32901163176417425
4.168548988 0.3550220682703643
4.169900220000001 0.3802516362583272
4.171251451 0.40430500515874157
4.172602683 0.4265051962873091
4.173953914 0.44607361528944606
4.175305146 0.4636572080420474
4.1766563770000005 0.47909146464354607
4.178007608 0.4924404718009589
4.17935884 0.5036723038981474
4.180710071 0.5125648632673278
4.182061303 0.5199341839905139
4.183412534 0.5259176171250165
4.184763766 0.5307363592429513
4.186114997 0.5345548971834221
4.187466228 0.5373013997326749
4.18881746 0.5394925291316635
4.190168691 0.541235627900722
4.191519923 0.5425600442903995
4.1928711540000005 0.5435506284170836
4.194222386000001 0.5443407596325502
4.195573617 0.5449664330302185
4.196924849 0.5454791400685528
4.198276079999999 0.5459354529255245
4.199627311 0.5463692465925071
4.200978543 0.5467549889412404
4.202329774 0.547134416134124
4.203681006 0.5475140743294187
4.205032237 0.547920542866799
4.206383469 0.5482854665767737
4.2077347 0.5486417866799133
4.209085931 0.5490175535580045
4.210437163 0.5493757509861588
4.211788394 0.5496967293336561
4.213139626 0.5500132921832662
4.214490857 0.5503291686684557
4.215842089 0.550599757914251
4.217193320000001 0.5508314864289631
4.218544552 0.5510570210304769
4.219895783 0.5512728040450288
4.221247013999999 0.5514151544018908
4.222598246 0.5515255003541726
4.223949477 0.5516151150521652
4.225300709 0.5516695911341508
4.22665194 0.551646779722471
4.228003171999999 0.5516050287420731
4.229354403 0.5515411754406232
4.230705634 0.5514339523301187
4.232056866 0.5512488196948645
4.233408097000001 0.5510662868887802
4.234759329 0.5508519874760084
4.23611056 0.5505923205006172
4.237461792 0.5503032841519009
4.238813023 0.5500489889512044
4.240164255 0.5497623397932098
4.241515486 0.5494578377376835
4.242866717 0.5491413745899368
4.244217949 0.5488422097745209
4.24556918 0.5484936960945477
4.246920412000001 0.5481136027318342
4.248271643 0.5477115336919495
4.249622875 0.5473121070854067
4.250974105999999 0.5468238407020373
4.252325338 0.54630009976336
4.2536765690000005 0.5457483608748203
4.2550278 0.5451533236475904
4.256379032 0.5444337391409483
4.257730263 0.5436211792179525
4.259081495 0.5427122138726698
4.260432726 0.5416735648350327
4.261783958 0.5404406861419299
4.263135189 0.5389684246565695
4.26448642 0.5372448087915771
4.265837652 0.5351980527585443
4.267188883 0.5327635875566284
4.268540115 0.5297111375485865
4.2698913460000005 0.5260424401995493
4.271242578000001 0.5218985218237241
4.272593809 0.5174805864800227
4.273945041 0.5134275363754406
4.275296271999999 0.5113224224051788
4.276647503 0.5117309011992893
4.277998735 0.5148336045487276
4.279349966 0.5207545510038106
4.280701198 0.5273885937338624
4.282052429 0.5328371820235035
4.283403661 0.5366991616373313
4.284754892 0.5387832476843807
4.286106123 0.539254417053524
4.287457355 0.5392915184397657
4.288808586 0.5391156047254159
4.290159818 0.5389041983132951
4.291511049 0.5386423835178946
4.292862281 0.5383845113156787
4.294213512000001 0.5381632877447623
4.295564744 0.5379356317823673
4.296915975 0.5376751105720815
4.298267206 0.5374549319336126
4.299618438 0.5372372637881657
4.300969669 0.5370316588905159
4.302320901 0.5368187983257302
4.303672132 0.5366104873734426
4.305023363999999 0.5364550555083423
4.306374595 0.5362936740810084
4.307725826 0.5361277100031246
4.309077058 0.5360513803752031
4.310428289000001 0.5359777194500279
4.311779521 0.535915431128531
4.313130752 0.5358657729671944
4.314481984 0.5358371006276337
4.315833215 0.5358176596599737
4.317184447 0.5358233075795324
4.318535678 0.5357772175252835
4.319886909 0.5357748019352807
4.321238141 0.5357976981751229
4.322589372 0.5357750063967911
4.323940604000001 0.5357259965987908
4.325291835 0.5357285031595037
4.326643067 0.5356676178577646
4.327994297999999 0.5355704868319107
4.329345529999999 0.535464040962476
4.330696761 0.5353350915496086
4.332047992 0.5351941632140543
4.333399224 0.5349749537344525
4.334750455 0.534709674163741
4.336101687 0.5344565840569367
4.337452918 0.5341134442684499
4.33880415 0.5337096154337492
4.340155381 0.5332849403078975
4.341506612 0.532799900752058
4.342857844 0.5322557016263275
4.344209075 0.53168251590763
4.345560307 0.5310458478645455
4.3469115380000005 0.530382646004023
4.34826277 0.5297020716708869
4.349614001 0.5289418246293767
4.350965233 0.5281886659549573
4.352316464 0.5274537181615766
4.353667695 0.5266927688096945
4.355018927 0.5259284620940655
4.356370158 0.5252032236828769
4.35772139 0.5244969468644847
4.359072621 0.5238033314137392
4.360423853 0.5230904258864163
4.361775084 0.5224243958482034
4.363126315000001 0.5217451792680879
4.364477547000001 0.5210202836951561
4.365828778 0.5202262624131835
4.36718001 0.5193347712100043
4.368531241 0.518267338072216
4.369882473 0.51699227721906
4.371233704 0.5153902185134562
4.372584936 0.5133341359644306
4.373936167 0.5108035582845206
4.375287398 0.5077383891780516
4.37663863 0.5037614199654411
4.377989861 0.4988768183910663
4.379341093 0.49311527387470955
4.380692324 0.48642148131338625
4.382043555999999 0.47801997774397015
4.383394787 0.46846238238012
4.384746018 0.4577384537611458
4.38609725 0.44555329090058554
4.387448481000001 0.4314987838393737
4.388799713 0.41626876968278076
4.390150944 0.39994950720869354
4.391502176 0.3819594352026283
4.392853407 0.36269846741864453
4.394204639 0.3427456564165333
4.39555587 0.32230403806592706
4.396907101 0.30060458535665685
4.398258332999999 0.27896999948920587
4.399609564 0.25759867086955024
4.400960796000001 0.23645308279837435
4.402312027 0.21559316532974562
4.403663259 0.1956931201662664
4.405014489999999 0.17687823884515294
4.406365721999999 0.15894855517538933
4.407716953 0.14228247502345812
4.409068184 0.12700157708469845
4.410419416 0.11304564135463814
4.411770647 0.10032115003743432
4.413121879 0.08890800825835894
4.41447311 0.07869897896019881
4.415824342 0.06959491608112066
4.417175573000001 0.06152076530675886
4.418526804 0.05437786585726482
4.419878036 0.04806782820262428
4.421229266999999 0.04252239829560933
4.422580499 0.03763755956815576
4.4239317300000005 0.033335921755051574
4.425282962 0.0295583100659286
4.426634193 0.026246125041561773
4.427985425 0.023330669449451176
4.429336656 0.020762311294109406
4.430687887 0.018510547213149105
4.432039119 0.01652339968818599
4.43339035 0.014765767918213943
4.434741582 0.013212228583691418
4.436092813 0.011840425626980285
4.437444045 0.010624928338833014
4.438795276 0.009548305342442486
4.440146507000001 0.008596550186048012
4.441497739000001 0.007746638167298252
4.44284897 0.006987605345904797
4.444200202 0.0063128472037832185
4.445551432999999 0.005711455973800218
4.446902665 0.0051741539862664235
4.448253896 0.0046947112937712554
4.449605128 0.004267329788943966
4.450956359 0.0038809514161868394
4.45230759 0.0035314313418444727
4.453658822 0.0032168684777102137
4.455010053 0.002933614473579748
4.456361285 0.002677299567813156
4.457712516 0.0024450537732889823
4.459063747999999 0.0022375158676952484
4.460414979 0.002050970304542699
4.4617662110000005 0.0018831743143205772
4.463117442 0.001729524369987117
4.464468673000001 0.001587865655086253
4.465819905 0.0014580709990906833
4.467171136 0.0013413306471325044
4.468522368 0.0012375465188650956
4.469873599 0.001143785943462224
4.471224831000001 0.001058839380290309
4.472576062 0.000979967822781951
4.473927293 0.000907281833665723
4.475278524999999 0.0008404458643575609
4.476629756 0.0007801780731652163
4.4779809880000006 0.0007243831281445604
4.479332219 0.0006726312739799701
4.480683451 0.0006242764777026956
4.482034682 0.0005796239543766491
4.483385914 0.0005386136775298677
4.484737145 0.000501325197006909
4.486088376 0.0004688492960510971
4.487439608 0.00043883934098096726
4.488790839 0.0004108978250124175
4.490142071 0.0003828622741458649
4.491493302 0.0003564685624885119
4.492844534 0.0003315517892463817
4.494195765000001 0.00030737846267001593
4.495546996 0.0002850772746456495
4.496898228 0.0002656449613872648
4.498249458999999 0.00025104145832190514
4.499600691 0.00023799741779416335
4.5009519220000005 0.00022481573513019048
4.502303154 0.00021069050009027833
4.503654385 0.00020026219104911095
4.505005617 0.00019251622248687297
4.506356848 0.00018708873745712165
4.507708079 0.00018033531460845469
4.509059311 0.00017285192864377236
4.510410542 0.00016489031399812134
4.511761774 0.00015677196905919844
4.513113005 0.00014898182714021303
4.514464237 0.00014156579825361478
4.515815468 0.00013474499106206177
4.517166699000001 0.00012793986768933595
4.518517931 0.00012184944904307682
4.519869162 0.00011712469970584124
4.521220394 0.00011345669985180393
4.522571624999999 0.00010835352017663805
4.523922857 0.00010094073908658948
4.525274088 9.146550767416401e-05
4.52662532 8.31766346557549e-05
4.527976551 7.615211289241103e-05
4.529327782 6.922698133950917e-05
4.530679014 6.283627336847805e-05
4.532030245 5.723853627002738e-05
4.533381477 5.097893096730127e-05
4.534732708 4.304895391341512e-05
4.53608394 3.5303841680445715e-05
4.537435171 3.0200906334154807e-05
4.5387864030000005 2.8784327518068145e-05
4.540137634 2.844279985235808e-05
4.541488865 2.771470646501727e-05
4.542840097 2.728119709716874e-05
4.544191328 2.692345331123025e-05
4.54554256 2.640214091642863e-05
4.5468937910000005 2.298895645328931e-05
4.548245023000001 2.1243070063484267e-05
4.549596254 1.8932054635508866e-05
4.550947485 0.0
4.552298716 0.0
