Microns Throughput
0.5481500244140625 0.0
0.5491500244140625 0.0
0.5501500244140625 1.1560680704973279e-09
0.5511500244140625 1.6881979424634056e-09
0.5521500244140625 2.2797390015691553e-09
0.5531500244140625 3.0574834782894656e-09
0.5541500244140625 3.4014152258323788e-09
0.5551500244140625 3.887562195554867e-09
0.5561500244140625 4.085853159423267e-09
0.5571500244140625 4.672329481437142e-09
0.5581500244140625 4.173066059674192e-09
0.5591500244140625 2.6495708478924e-09
0.5601500244140625 2.438518942496277e-09
0.5611500244140625 2.536993449895491e-09
0.5621500244140625 2.3218294127973405e-09
0.5631500244140625 2.490516237979402e-09
0.5641500244140625 2.993162727472334e-09
0.5651500244140625 4.15418187955672e-09
0.5661500244140625 5.619062649621964e-09
0.5671500244140625 6.592210962171664e-09
0.5681500244140625 8.382109353858317e-09
0.5691500244140625 8.30243357417769e-09
0.5701500244140625 1.0341399542409551e-08
0.5711500244140625 1.0596506108012735e-08
0.5721500244140625 1.2308393832604536e-08
0.5731500244140625 1.0224592248475321e-08
0.5741500244140625 1.0669062803442494e-08
0.5751500244140625 1.0550860577045508e-08
0.5761500244140625 1.2154416402190518e-08
0.5771500244140625 1.257894363197742e-08
0.5781500244140625 1.2624383573352052e-08
0.5791500244140625 1.309133438600343e-08
0.5801500244140625 1.4750120760894593e-08
0.5811500244140625 1.742578073795537e-08
0.5821500244140625 2.0346060793256862e-08
0.5831500244140625 2.305281855571432e-08
0.5841500244140625 2.519561654095114e-08
0.5851500244140625 2.760717139623445e-08
0.5861500244140625 2.997253417347935e-08
0.5871500244140625 3.814376818815873e-08
0.5881500244140625 4.344675290035441e-08
0.5891500244140625 4.9254857345857056e-08
0.5901500244140625 5.6645583224375076e-08
0.5911500244140625 6.026883785704856e-08
0.5921500244140625 7.061173823114547e-08
0.5931500244140625 7.524492643581041e-08
0.5941500244140625 9.281682511464193e-08
0.5951500244140625 1.0157563960308793e-07
0.5961500244140625 1.1306903524344595e-07
0.5971500244140625 1.395976787268897e-07
0.5981500244140625 2.2259245019480564e-07
0.5991500244140625 5.933231133719394e-07
0.6001500244140625 2.1521982547675344e-06
0.6011500244140625 7.92847296474317e-06
0.6021500244140625 2.616216845310263e-05
0.6031500244140625 0.00012720867906697606
0.6041500244140625 0.0005284272321708667
0.6051500244140625 0.0016982122294557638
0.6061500244140625 0.005200605229087803
0.6071500244140625 0.012741076308981077
0.6081500244140625 0.02582662293343816
0.6091500244140625 0.04388487777389775
0.6101500244140625 0.06415615548420343
0.6111500244140625 0.08314740322936497
0.6121500244140625 0.09760377800091602
0.6131500244140625 0.10654680102371275
0.6141500244140625 0.11123474079261776
0.6151500244140625 0.11358524483028319
0.6161500244140625 0.11600452699996008
0.6171500244140625 0.11929723615245286
0.6181500244140625 0.1235728507214481
0.6191500244140625 0.1285914770944708
0.6201500244140625 0.13384981823166117
0.6211500244140625 0.13865348775308822
0.6221500244140625 0.14254720663437045
0.6231500244140625 0.14529006801906438
0.6241500244140625 0.14830119173351491
0.6251500244140625 0.15079140390504703
0.6261500244140625 0.15246248847928862
0.6271500244140625 0.15335533834232612
0.6281500244140625 0.15379348610659843
0.6291500244140625 0.15404282459544227
0.6301500244140625 0.153695333729923
0.6311500244140625 0.1531098258719442
0.6321500244140625 0.15244184202492322
0.6331500244140625 0.15269061895442215
0.6341500244140625 0.15435527689186831
0.6351500244140625 0.15724890556960291
0.6361500244140625 0.16103766920224877
0.6371500244140625 0.16495925491905905
0.6381500244140625 0.16824291220466808
0.6391500244140625 0.1708332983601986
0.6401500244140625 0.17261876601517084
0.6411500244140625 0.1741460952049274
0.6421500244140625 0.17565210655651115
0.6431500244140625 0.17732870262094322
0.6441500244140625 0.17918967271730094
0.6451500244140626 0.18066715730497637
0.6461500244140626 0.18147481087151193
0.6471500244140626 0.18200213248951988
0.6481500244140626 0.18257457470914207
0.6491500244140626 0.1834392212101658
0.6501500244140626 0.18442193929299744
0.6511500244140624 0.18528630220320316
0.6521500244140624 0.1860899894924426
0.6531500244140624 0.1867274249565683
0.6541500244140624 0.1873824698614204
0.6551500244140624 0.18802376800919238
0.6561500244140624 0.1885566997391552
0.6571500244140625 0.18878014197397666
0.6581500244140625 0.1891044229404016
0.6591500244140625 0.18989607233488873
0.6601500244140625 0.19114566744728104
0.6611500244140625 0.1927829500605663
0.6621500244140625 0.19480771297612176
0.6631500244140625 0.1972292998418266
0.6641500244140625 0.20002453151896765
0.6651500244140625 0.2030703811495565
0.6661500244140625 0.20593662201599533
0.6671500244140625 0.20790190550980858
0.6681500244140625 0.20860774171956145
0.6691500244140625 0.20832944243805607
0.6701500244140625 0.20750276701792736
0.6711500244140625 0.20623841203381005
0.6721500244140625 0.2047719600049812
0.6731500244140625 0.20338489022512557
0.6741500244140625 0.20239450069290993
0.6751500244140625 0.20193425865824713
0.6761500244140625 0.20216301253969846
0.6771500244140625 0.202973205988092
0.6781500244140625 0.20448590030498012
0.6791500244140625 0.20656495241225895
0.6801500244140625 0.20938116201184195
0.6811500244140625 0.21278029595861517
0.6821500244140625 0.21597751046152713
0.6831500244140625 0.21853581948336148
0.6841500244140625 0.2205742421665611
0.6851500244140625 0.22221407327126858
0.6861500244140625 0.2235514430408815
0.6871500244140625 0.2246553658068295
0.6881500244140625 0.2257267115954821
0.6891500244140625 0.22697124494225898
0.6901500244140625 0.22819625311826366
0.6911500244140625 0.22890912806766808
0.6921500244140625 0.22871632117705565
0.6931500244140625 0.2272057199676705
0.6941500244140625 0.22458116031002556
0.6951500244140625 0.2215576758809597
0.6961500244140625 0.21883814455087502
0.6971500244140625 0.21733856366414803
0.6981500244140625 0.21740361373854206
0.6991500244140625 0.21937267211667363
0.7001500244140625 0.22297470337232508
0.7011500244140625 0.2275434070954948
0.7021500244140625 0.23210012730759325
0.7031500244140625 0.2359582374906762
0.7041500244140625 0.2386252005431813
0.7051500244140625 0.2403425254651967
0.7061500244140625 0.24138216058824266
0.7071500244140625 0.2421851429530081
0.7081500244140625 0.24299149501239817
0.7091500244140625 0.24414053040490996
0.7101500244140625 0.2451115622252395
0.7111500244140625 0.2453647974752895
0.7121500244140625 0.24425162782225077
0.7131500244140625 0.24177827861824855
0.7141500244140625 0.23914478924154306
0.7151500244140625 0.2373430279071927
0.7161500244140625 0.23766378841196273
0.7171500244140625 0.23936258846937836
0.7181500244140625 0.24117449883263486
0.7191500244140625 0.2415170673657682
0.7201500244140625 0.2399047575589448
0.7211500244140625 0.2372852597161766
0.7221500244140625 0.2356477749524559
0.7231500244140625 0.23676903550407638
0.7241500244140625 0.24093952604986985
0.7251500244140625 0.2472181363078644
0.7261500244140625 0.2542250438606648
0.7271500244140625 0.26045375072379817
0.7281500244140625 0.2653151051353532
0.7291500244140625 0.26837378559197994
0.7301500244140625 0.27036697355025274
0.7311500244140625 0.27133305986556483
0.7321500244140625 0.27185880697759535
0.7331500244140625 0.2716372972938795
0.7341500244140625 0.270314078726911
0.7351500244140625 0.26785053533718567
0.7361500244140625 0.26500408718029195
0.7371500244140625 0.26251636659843963
0.7381500244140625 0.2610835282668016
0.7391500244140625 0.2610022692591661
0.7401500244140625 0.26216919332727967
0.7411500244140625 0.26376007523694545
0.7421500244140625 0.2648177085315739
0.7431500244140625 0.2654549174218791
0.7441500244140625 0.2665532583229272
0.7451500244140625 0.2693411352246854
0.7461500244140625 0.27352213487410143
0.7471500244140625 0.2786160584405116
0.7481500244140625 0.2828673370943637
0.7491500244140625 0.2858904892233846
0.7501500244140625 0.2874045831118101
0.7511500244140625 0.28833755535401606
0.7521500244140625 0.28929018822664837
0.7531500244140625 0.2895665853495262
0.7541500244140625 0.28843419635380346
0.7551500244140625 0.28471435190234623
0.7561500244140625 0.27883064464223895
0.7571500244140625 0.27235061835945773
0.7581500244140625 0.2674609927317732
0.7591500244140625 0.2655562647494477
0.7601500244140625 0.26626985983202756
0.7611500244140625 0.26832731361449197
0.7621500244140625 0.27022504631329586
0.7631500244140625 0.2718988858884165
0.7641500244140625 0.2742384697531602
0.7651500244140625 0.27848826004744687
0.7661500244140625 0.28401119707610895
0.7671500244140625 0.28968057859671603
0.7681500244140625 0.29317312617508523
0.7691500244140625 0.2940950723454336
0.7701500244140626 0.2921231290294951
0.7711500244140626 0.28878352344796976
0.7721500244140626 0.2843052277494262
0.7731500244140626 0.27867055867950224
0.7741500244140626 0.2710148378436989
0.7751500244140626 0.26097031004058785
0.7761500244140624 0.24809737144042185
0.7771500244140624 0.23066830789087128
0.7781500244140624 0.2071241869051952
0.7791500244140624 0.17687448001392675
0.7801500244140624 0.1427625376776575
0.7811500244140624 0.10885875388494393
0.7821500244140625 0.07915009260898023
0.7831500244140625 0.055421404333256596
0.7841500244140625 0.0377695558835908
0.7851500244140625 0.025303020925531206
0.7861500244140625 0.01673552458861806
0.7871500244140625 0.011092101495793164
0.7881500244140625 0.007375966814759429
0.7891500244140625 0.005030442931716267
0.7901500244140625 0.003442567227112098
0.7911500244140625 0.002427334571129589
0.7921500244140625 0.001772442342590312
0.7931500244140625 0.0013220843590078183
0.7941500244140625 0.000987066166854664
0.7951500244140625 0.000738444149801684
0.7961500244140625 0.0005580910499573303
0.7971500244140625 0.0004285264205525932
0.7981500244140625 0.0003320916509274546
0.7991500244140625 0.000259367844083772
0.8001500244140625 0.00020436241967205363
0.8011500244140625 0.0001622606827173714
0.8021500244140625 0.0001288350279481166
0.8031500244140625 0.00010300625554913742
0.8041500244140625 8.262816687373482e-05
0.8051500244140625 6.708673779226454e-05
0.8061500244140625 5.457843171416313e-05
0.8071500244140625 4.449167718778595e-05
0.8081500244140625 3.625499460337327e-05
0.8091500244140625 2.9798741909379897e-05
0.8101500244140625 2.492344888380386e-05
0.8111500244140625 2.085417597335097e-05
0.8121500244140625 1.7417371169959818e-05
0.8131500244140625 1.423612955099948e-05
0.8141500244140625 1.1710898235533335e-05
0.8151500244140625 9.876957614802676e-06
0.8161500244140625 8.636733823320113e-06
0.8171500244140625 7.538532622096962e-06
0.8181500244140625 6.466231681510272e-06
0.8191500244140625 5.483571047663588e-06
0.8201500244140625 4.809078187679452e-06
0.8211500244140625 4.357047928048711e-06
0.8221500244140625 3.92894572005571e-06
0.8231500244140625 3.3796769176752475e-06
0.8241500244140625 2.8031769730493743e-06
0.8251500244140625 2.2572288006612215e-06
0.8261500244140625 1.898335178041227e-06
0.8271500244140625 1.7237455441435549e-06
0.8281500244140625 1.6247296340180973e-06
0.8291500244140625 1.5498088253365405e-06
0.8301500244140625 1.4097148493323164e-06
0.8311500244140625 1.3035922655546665e-06
0.8321500244140625 1.1568526851973708e-06
0.8331500244140625 1.0225094206160414e-06
0.8341500244140625 9.133715879360686e-07
0.8351500244140625 8.236665492475148e-07
0.8361500244140625 7.903657321785537e-07
0.8371500244140625 7.765040494202147e-07
0.8381500244140625 7.432785055322824e-07
0.8391500244140625 6.778380952845876e-07
0.8401500244140625 5.771583096277035e-07
0.8411500244140625 5.174165003435189e-07
0.8421500244140625 4.708274653327679e-07
0.8431500244140625 4.147942072583432e-07
0.8441500244140625 3.8635388863468834e-07
0.8451500244140625 3.468586013767094e-07
0.8461500244140625 3.772313687038932e-07
0.8471500244140625 3.8923949105528273e-07
0.8481500244140625 3.805456679044421e-07
0.8491500244140625 3.5309164068537296e-07
0.8501500244140625 0.0
0.8511500244140625 0.0
