Microns Throughput
0.9682000122070312 0.0
0.9692000122070312 0.0
0.9702000122070312 4.9097010105972e-06
0.9712000122070312 5.8263820909601236e-06
0.9722000122070312 6.766357927924021e-06
0.9732000122070312 7.708814066674562e-06
0.9742000122070312 8.576040642710455e-06
0.9752000122070312 9.425638659286201e-06
0.9762000122070312 1.0296985871669226e-05
0.9772000122070312 1.1368357835257053e-05
0.9782000122070312 1.2742175096469795e-05
0.9792000122070312 1.4624543097089001e-05
0.9802000122070312 1.7143937533982365e-05
0.9812000122070312 2.054788172300211e-05
0.9822000122070312 2.5160202791401526e-05
0.9832000122070312 3.1289474984562646e-05
0.9842000122070312 3.920138642479327e-05
0.9852000122070312 4.929249782176956e-05
0.9862000122070312 6.160239563438406e-05
0.9872000122070312 7.632219830633456e-05
0.9882000122070312 9.35069139358144e-05
0.9892000122070312 0.000113152726347341
0.9902000122070312 0.000135462260387688
0.9912000122070312 0.000160288433185051
0.9922000122070312 0.00018829200898134698
0.9932000122070312 0.00022026611088643398
0.9942000122070312 0.000257655783777635
0.9952000122070312 0.00030220168327299
0.9962000122070312 0.000357504462386137
0.9972000122070312 0.000428301021673586
0.9982000122070313 0.010724926776538008
0.9992000122070313 0.02248273709258614
1.0002000122070311 0.03550164940596034
1.0012000122070313 0.03930477057909972
1.0022000122070311 0.043582973089517626
1.0032000122070313 0.04820491181303238
1.0042000122070311 0.05419598682232138
1.0052000122070313 0.060803541552310165
1.0062000122070311 0.06913149637604062
1.0072000122070313 0.07860130979670599
1.0082000122070311 0.09001720432766558
1.0092000122070313 0.10352866767979807
1.0102000122070312 0.11946950724768574
1.0112000122070313 0.13775892300618542
1.0122000122070312 0.15756648609137086
1.0132000122070313 0.17799595888815117
1.0142000122070312 0.19672287725465387
1.0152000122070313 0.21319437370058664
1.0162000122070312 0.2259683412261588
1.0172000122070313 0.23534882358091902
1.0182000122070312 0.24054354510318568
1.0192000122070313 0.24323324811444674
1.0202000122070312 0.24430678753752386
1.0212000122070313 0.24432662645437203
1.0222000122070312 0.24418615602020818
1.0232000122070313 0.2436675121361419
1.024199951171875 0.24322268580324705
1.025199951171875 0.24292839100667155
1.026199951171875 0.24274891135054194
1.027199951171875 0.24403897559928012
1.028199951171875 0.24477437861738088
1.029199951171875 0.24543321499434126
1.030199951171875 0.24634712150112048
1.031199951171875 0.24770206885565513
1.032199951171875 0.24972076539440657
1.033199951171875 0.2501390578786836
1.034199951171875 0.2511054499483306
1.035199951171875 0.2521295944426059
1.036199951171875 0.25355218540163876
1.037199951171875 0.25379589598185265
1.038199951171875 0.254338717774867
1.039199951171875 0.2556661879650714
1.040199951171875 0.2570284780770732
1.041199951171875 0.2575967974098819
1.042199951171875 0.25760362745229015
1.043199951171875 0.25784886334518925
1.044199951171875 0.25846408838298757
1.045199951171875 0.2590563038965638
1.046199951171875 0.25988928893764346
1.047199951171875 0.26039271763559724
1.048199951171875 0.2609552311080861
1.049199951171875 0.261203452300057
1.050199951171875 0.2616739884095617
1.051199951171875 0.26244035684707007
1.052199951171875 0.26336988628589714
1.053199951171875 0.26437591943512095
1.054199951171875 0.2651534889680747
1.055199951171875 0.2657272378424457
1.056199951171875 0.2659342020541207
1.057199951171875 0.26550605560135193
1.058199951171875 0.26638932405339255
1.059199951171875 0.26659768281103763
1.060199951171875 0.2661996984407006
1.061199951171875 0.26518559715235235
1.062199951171875 0.2643148026145756
1.063199951171875 0.2627435100900226
1.064199951171875 0.26062709572934345
1.065199951171875 0.2589379808837165
1.066199951171875 0.257998765127342
1.067199951171875 0.2560723556925548
1.068199951171875 0.2538803652849082
1.069199951171875 0.25192426995356765
1.070199951171875 0.24985381910031382
1.071199951171875 0.24743762649636827
1.072199951171875 0.2445717775773212
1.073199951171875 0.24284059948416828
1.074199951171875 0.24135541387466528
1.075199951171875 0.24022564904960061
1.076199951171875 0.23927027683075053
1.077199951171875 0.2383683023826204
1.078199951171875 0.23816709816471365
1.079199951171875 0.23712018965800616
1.080199951171875 0.2372419688654546
1.081199951171875 0.23755483206986125
1.082199951171875 0.23868123362399402
1.083199951171875 0.23926539361809737
1.084199951171875 0.2403927196284056
1.085199951171875 0.2411122769161471
1.086199951171875 0.24273011174644096
1.087199951171875 0.24418128511214343
1.088199951171875 0.24689551207347768
1.089199951171875 0.24881797148258702
1.090199951171875 0.25195747951660136
1.091199951171875 0.2544725974869606
1.092199951171875 0.2574328774651237
1.093199951171875 0.25943060916241517
1.094199951171875 0.2618772241471253
1.095199951171875 0.26447489117254114
1.096199951171875 0.2666386355026102
1.097199951171875 0.2690049374148623
1.098199951171875 0.2707776491631195
1.099199951171875 0.2727948431581155
1.100199951171875 0.2739301147012257
1.101199951171875 0.27562938377619084
1.102199951171875 0.2768378261507698
1.103199951171875 0.27804430452724804
1.104199951171875 0.2783946295774205
1.105199951171875 0.27931235480968647
1.106199951171875 0.280000358032084
1.107199951171875 0.28011735390298587
1.108199951171875 0.28011185792777354
1.109199951171875 0.28012184482032876
1.110199951171875 0.28037875252153527
1.111199951171875 0.2800526961107054
1.112199951171875 0.27999817587166403
1.113199951171875 0.279652727124188
1.114199951171875 0.27925383387954433
1.115199951171875 0.2778017253950544
1.116199951171875 0.2766215260826899
1.117199951171875 0.27576631025131765
1.118199951171875 0.2746554376946044
1.119199951171875 0.2731421608592859
1.120199951171875 0.2726173184623748
1.121199951171875 0.2718905845776239
1.122199951171875 0.2714821858999245
1.123199951171875 0.2699605163749643
1.124199951171875 0.2698188934035275
1.125199951171875 0.26945181260224177
1.126199951171875 0.2699447237228889
1.127199951171875 0.2699302990626716
1.128199951171875 0.2710677391256344
1.129199951171875 0.2717942725461242
1.130199951171875 0.27262448448817167
1.131199951171875 0.273497865668377
1.132199951171875 0.2745123367861251
1.133199951171875 0.2754210662915123
1.134199951171875 0.27650393352217423
1.135199951171875 0.27740591090597744
1.136199951171875 0.27856913104370046
1.137199951171875 0.2799416837327962
1.138199951171875 0.2806617849752228
1.139199951171875 0.28251969143526057
1.140199951171875 0.2832176144172463
1.141199951171875 0.2849922630542791
1.142199951171875 0.28687777413522214
1.143199951171875 0.2891449011235421
1.144199951171875 0.2909888714279868
1.145199951171875 0.2923141614524962
1.146199951171875 0.29359319212850854
1.147199951171875 0.2946807725896505
1.148199951171875 0.295668033700861
1.149199951171875 0.2972166200975061
1.150199951171875 0.29853126188277207
1.151199951171875 0.30005927359009865
1.152199951171875 0.3015306103966477
1.153199951171875 0.3026143092997329
1.154199951171875 0.3038885533642703
1.155199951171875 0.30543393889740666
1.156199951171875 0.3073288610923037
1.157199951171875 0.3095856290584822
1.158199951171875 0.3116111612544827
1.159199951171875 0.3149917393696014
1.160199951171875 0.3159170903132719
1.161199951171875 0.317418976762563
1.162199951171875 0.31827347354796137
1.163199951171875 0.32040936057448516
1.164199951171875 0.32144221367845965
1.165199951171875 0.323015123007711
1.166199951171875 0.3239055951556772
1.167199951171875 0.32513942619855
1.168199951171875 0.32522711690583833
1.169199951171875 0.3264180055614944
1.170199951171875 0.32761015964765156
1.171199951171875 0.32792569705354396
1.172199951171875 0.3283306059516333
1.173199951171875 0.32811381377138527
1.174199951171875 0.32874964672356566
1.175199951171875 0.3290490768874395
1.176199951171875 0.3291883389466097
1.177199951171875 0.3294781350597109
1.178199951171875 0.32922427383807096
1.179199951171875 0.32960841691364323
1.180199951171875 0.32946561098094296
1.181199951171875 0.32966092620141596
1.182199951171875 0.3298635353011058
1.183199951171875 0.3292140661329553
1.184199951171875 0.3289406639201877
1.185199951171875 0.3276638801498795
1.186199951171875 0.32696409945090055
1.187199951171875 0.32460262457305483
1.188199951171875 0.32413846040883615
1.189199951171875 0.3247592485747301
1.190199951171875 0.3250897449499507
1.191199951171875 0.3232897099096963
1.192199951171875 0.32018347901059757
1.193199951171875 0.319289852868863
1.194199951171875 0.3184275972082053
1.195199951171875 0.3174119862749144
1.196199951171875 0.3159562472944417
1.197199951171875 0.31538763192906366
1.198199951171875 0.31494145371437016
1.199199951171875 0.3149096047106193
1.200199951171875 0.31441675576512274
1.201199951171875 0.31428348387850735
1.202199951171875 0.31437358371275587
1.203199951171875 0.3132105419582939
1.204199951171875 0.31336871260005844
1.205199951171875 0.3126544793568471
1.206199951171875 0.31321429916135274
1.207199951171875 0.31337353519175376
1.208199951171875 0.3133927486824746
1.209199951171875 0.3137704014531092
1.210199951171875 0.3133917939963681
1.211199951171875 0.3143476704459984
1.212199951171875 0.31403408823913326
1.213199951171875 0.3145522180149646
1.214199951171875 0.31437349470098863
1.215199951171875 0.31502640022404405
1.216199951171875 0.3155380279481162
1.217199951171875 0.3147782842983122
1.218199951171875 0.3160553083309485
1.219199951171875 0.31653983945038877
1.220199951171875 0.3179694500027331
1.221199951171875 0.3196068404932076
1.222199951171875 0.3211525692896877
1.223199951171875 0.32329001811450636
1.224199951171875 0.32371054878474287
1.225199951171875 0.32536494199261645
1.226199951171875 0.3271667856479257
1.227199951171875 0.3294967951934248
1.228199951171875 0.3313562185129885
1.229199951171875 0.33283731443675413
1.230199951171875 0.334082566182749
1.231199951171875 0.33437534494482324
1.232199951171875 0.335213904938515
1.233199951171875 0.33549457307613634
1.234199951171875 0.33675243369105595
1.235199951171875 0.33680096226623085
1.236199951171875 0.3365330715136753
1.237199951171875 0.3362281358762092
1.238199951171875 0.33620721699779327
1.239199951171875 0.3363563478119253
1.240199951171875 0.33692681237540356
1.241199951171875 0.3374417629555249
1.242199951171875 0.339011652866178
1.243199951171875 0.3397066657374451
1.244199951171875 0.3408575474774081
1.245199951171875 0.34169574994991075
1.246199951171875 0.3420488850852491
1.247199951171875 0.3425732689808969
1.248199951171875 0.34347306884707746
1.249199951171875 0.3448587629412885
1.250199951171875 0.3464147424351715
1.251199951171875 0.3480476621974295
1.252199951171875 0.3493333468622911
1.253199951171875 0.35058341964491946
1.254199951171875 0.35153841293276616
1.255199951171875 0.35231012381157306
1.256199951171875 0.3528192502130494
1.257199951171875 0.35305577452668374
1.258199951171875 0.35284312976669563
1.259199951171875 0.35247484475618723
1.260199951171875 0.35200980881495353
1.261199951171875 0.35192203844381803
1.262199951171875 0.3514620252283512
1.263199951171875 0.35166231916781915
1.264199951171875 0.3520994226759912
1.265199951171875 0.3524149298196454
1.266199951171875 0.351468157415135
1.267199951171875 0.35173647371683814
1.268199951171875 0.3523316388626078
1.269199951171875 0.3533627573208264
1.270199951171875 0.3522649360825471
1.271199951171875 0.35048780393905743
1.272199951171875 0.346961093226135
1.273199951171875 0.343544878793087
1.274199951171875 0.33629266760510385
1.275199951171875 0.3264862176367285
1.276199951171875 0.3110919756587918
1.277199951171875 0.2927874337904985
1.278199951171875 0.26987484097526354
1.279199951171875 0.24464543550299128
1.280199951171875 0.21791683926080244
1.281199951171875 0.1909318429428728
1.282199951171875 0.16517232529773168
1.283199951171875 0.14103874917602477
1.284199951171875 0.11970721560838375
1.285199951171875 0.10129623663027765
1.286199951171875 0.08583166366615606
1.287199951171875 0.07334233034312287
1.288199951171875 0.06256313592748312
1.289199951171875 0.05396388654377249
1.290199951171875 0.046484317861330365
1.291199951171875 0.04067630601351774
1.292199951171875 0.03550707486595926
1.293199951171875 0.03155524831541442
1.294199951171875 0.027818832726006906
1.295199951171875 0.024883172126925347
1.296199951171875 0.021819880201928276
1.297199951171875 0.018766214318789734
1.298199951171875 0.015504415361231087
1.299199951171875 0.01251144393218205
1.300199951171875 0.010048913141504344
1.301199951171875 0.008017588894857819
1.302199951171875 0.006424370340278066
1.303199951171875 0.005143757062268331
1.304199951171875 0.004157739662744494
1.305199951171875 0.003355143277993069
1.306199951171875 0.00270328958210114
1.307199951171875 0.00219882249489948
1.308199951171875 0.0017991299202340702
1.309199951171875 0.001484917985117187
1.310199951171875 0.00123562039887641
1.311199951171875 0.001033386462241403
1.312199951171875 0.000868372556156053
1.313199951171875 0.000732706928090803
1.314199951171875 0.000619442205031223
1.315199951171875 0.000526794844838556
1.316199951171875 0.000447061974732167
1.317199951171875 0.000382523869776997
1.318199951171875 0.000327223905351545
1.319199951171875 0.000281002766040259
1.320199951171875 0.000240682594697201
1.321199951171875 0.00020831503645239
1.322199951171875 0.000180649477399019
1.323199951171875 0.00015790561475143198
1.324199951171875 0.000137076913588846
1.325199951171875 0.00011925376979834301
1.326199951171875 0.00010508180208997901
1.327199951171875 9.190972437138494e-05
1.328199951171875 8.129095676017182e-05
1.329199951171875 7.097731780740842e-05
1.330199951171875 6.352349335539501e-05
1.331199951171875 5.6625280808596266e-05
1.332199951171875 5.0713088110776623e-05
1.333199951171875 4.561107320361097e-05
1.334199951171875 4.128457724938868e-05
1.335199951171875 3.6949224801088194e-05
1.336199951171875 3.303667934582564e-05
1.337199951171875 2.9823646405020763e-05
1.338199951171875 2.7156183328422998e-05
1.339199951171875 2.5046667792384253e-05
1.340199951171875 2.2868948135338777e-05
1.341199951171875 2.0982331986603793e-05
1.342199951171875 1.8858368830455037e-05
1.343199951171875 1.742266277081366e-05
1.344199951171875 1.648139151665399e-05
1.345199951171875 1.53612462152049e-05
1.346199951171875 1.3833854177048342e-05
1.347199951171875 1.3115065653695261e-05
1.348199951171875 1.2169574056893987e-05
1.349199951171875 1.169676693163053e-05
1.350199951171875 1.0187808831903871e-05
1.351199951171875 9.462743688524773e-06
1.352199951171875 9.010380727824112e-06
1.353199951171875 8.732428156999034e-06
1.354199951171875 8.026537866991173e-06
1.3551999511718749 0.0
1.356199951171875 0.0
