Microns Throughput
0.398 0.0
0.399 0.0
0.4 0.0
0.401 0.0
0.402 0.0
0.403 0.0
0.404 0.0
0.405 0.0
0.406 0.0
0.407 0.0
0.408 0.0
0.409 0.0
0.41 0.0
0.411 0.0
0.412 0.0
0.413 0.0
0.414 0.0
0.415 0.0
0.416 0.0
0.417 0.0
0.418 0.0
0.419 0.0
0.42 0.0
0.421 0.0
0.422 0.0
0.423 0.0
0.424 0.0
0.425 0.0
0.426 0.0
0.427 0.0
0.428 0.0
0.429 0.0
0.43 0.0
0.431 0.0
0.432 0.0
0.433 0.0
0.434 0.0
0.435 0.0
0.436 0.0
0.437 0.0
0.438 0.0
0.439 0.0
0.44 0.0
0.441 0.0
0.442 0.0
0.443 0.0
0.444 0.0
0.445 0.0
0.446 0.0
0.447 0.0
0.448 0.0
0.449 0.0
0.45 0.0
0.451 0.0
0.452 0.0
0.453 0.0
0.454 0.0
0.455 0.0
0.456 0.0
0.457 0.0
0.458 0.0
0.459 0.0
0.46 0.0
0.461 0.0
0.462 0.0
0.463 0.0
0.464 0.0
0.465 0.0
0.466 0.0
0.467 0.0
0.468 0.0
0.469 0.0
0.47 0.0
0.471 0.0
0.472 0.0
0.473 0.0
0.474 0.0
0.475 0.0
0.476 0.0
0.477 0.0
0.478 0.0
0.479 0.0
0.48 0.0
0.481 0.0
0.482 0.0
0.483 0.0
0.484 0.0
0.485 0.0
0.486 0.0
0.487 0.0
0.488 0.0
0.489 0.0
0.49 0.0
0.491 0.0
0.492 0.0
0.493 0.0
0.494 0.0
0.495 0.0
0.496 0.0
0.497 0.0
0.498 0.0
0.499 0.0
0.5 0.0
0.501 0.0
0.502 0.0
0.503 0.0
0.504 0.0
0.505 0.0
0.506 0.0
0.507 0.0
0.508 0.0
0.509 0.0
0.51 0.0
0.511 0.0
0.512 0.0
0.513 0.0
0.514 0.0
0.515 0.0
0.516 0.0
0.517 0.0
0.518 0.0
0.519 0.0
0.52 0.0
0.521 0.0
0.522 0.0
0.523 0.0
0.524 0.0
0.525 1.977458145443425e-07
0.526 8.36774739061038e-07
0.527 1.4521252230064234e-06
0.528 1.8378606603772467e-06
0.529 1.8887637087762427e-06
0.53 1.741901491540999e-06
0.531 1.6250753933627195e-06
0.532 1.590541080090757e-06
0.533 1.6301551136589073e-06
0.534 1.7023412140397381e-06
0.535 1.9519513873186462e-06
0.536 2.405126872798967e-06
0.537 3.186097859170062e-06
0.538 4.3946980114969865e-06
0.539 6.6808505809454545e-06
0.54 1.0401419558593731e-05
0.541 1.4780339106009084e-05
0.542 1.7226901000484898e-05
0.543 1.6443923100720267e-05
0.544 1.31081424480509e-05
0.545 9.509149957253075e-06
0.546 6.731455628986427e-06
0.547 5.143019921280521e-06
0.548 4.283042690055129e-06
0.549 3.853800235766577e-06
0.55 3.8108749543858284e-06
0.551 4.103646069749715e-06
0.552 4.526184934499508e-06
0.553 5.0913583135792595e-06
0.554 5.753085338136684e-06
0.555 6.378421507513796e-06
0.556 6.569135322637004e-06
0.557 6.645837608261355e-06
0.558 5.671919050864438e-06
0.559 3.990115192453236e-06
0.56 3.948858610994842e-06
0.561 4.469698507132596e-06
0.562 4.2535533893971005e-06
0.563 3.953733853037273e-06
0.564 4.371293121140347e-06
0.565 4.972955790734853e-06
0.566 5.494843948510555e-06
0.567 5.571062399583468e-06
0.568 5.84061963597344e-06
0.569 6.1264302120245904e-06
0.57 6.0311064787838245e-06
0.571 6.361184100608769e-06
0.572 7.523848607292739e-06
0.573 8.943746562662624e-06
0.574 9.715190422793491e-06
0.575 1.0830639972933835e-05
0.576 1.3038305533253843e-05
0.577 1.4943255522303012e-05
0.578 1.570947581982328e-05
0.579 1.6436171029017463e-05
0.58 1.822133939770027e-05
0.581 2.2407334570137627e-05
0.582 3.0198881169662977e-05
0.583 4.533701758944985e-05
0.584 8.081996437686192e-05
0.585 0.00016611359624136
0.586 0.00030805032730041
0.587 0.00041491761598305
0.588 0.00038974591283706
0.589 0.00025609824561897005
0.59 0.00013585000960152001
0.591 7.662678995493413e-05
0.592 5.342068899091829e-05
0.593 4.100397779444343e-05
0.594 3.417379037227667e-05
0.595 3.343289217754075e-05
0.596 3.131501837749007e-05
0.597 3.217342139672073e-05
0.598 3.49361041551405e-05
0.599 3.6324530322442556e-05
0.6 3.942767856839911e-05
0.601 4.400612342745542e-05
0.602 5.109658660120959e-05
0.603 6.235947185492489e-05
0.604 7.599599768185933e-05
0.605 8.818966231931013e-05
0.606 0.0001015115840793
0.607 0.00011338614861084
0.608 0.00011664605014902
0.609 0.00011277197547867002
0.61 0.00010399943175030001
0.611 9.208542885714e-05
0.612 7.801844344157182e-05
0.613 6.63945250803533e-05
0.614 5.685896857675523e-05
0.615 5.115171646007522e-05
0.616 4.63437666343616e-05
0.617 4.372072888111982e-05
0.618 4.322624775357151e-05
0.619 4.03056241198819e-05
0.62 3.75123943711533e-05
0.621 3.580332562956234e-05
0.622 4.006488486050109e-05
0.623 4.309570616476342e-05
0.624 4.800316937327375e-05
0.625 5.714289320672572e-05
0.626 7.067143144232345e-05
0.627 9.233551636308e-05
0.628 0.00012949969251852
0.629 0.00019077725421972
0.63 0.00028471166248446
0.631 0.00040210077194298
0.632 0.00048970222220772
0.633 0.00049490204798187
0.634 0.00042124717970037
0.635 0.00032772071019195
0.636 0.00025444333890108
0.637 0.00021232806251841
0.638 0.00019136247551505
0.639 0.00018505083362976
0.64 0.00019562635666629
0.641 0.00021626105984523002
0.642 0.0002457911079495
0.643 0.00027688837189014
0.644 0.000302147336394
0.645 0.00030588610205376
0.646 0.00027900677439864
0.647 0.00023272853719365
0.648 0.00018232446380202
0.649 0.00014500106741934
0.65 0.00011769988058091001
0.651 9.70321277817e-05
0.652 8.394808473625742e-05
0.653 8.086023348127371e-05
0.654 7.998485320396942e-05
0.655 8.246279273561626e-05
0.656 8.912480080662504e-05
0.657 0.00010478051162838
0.658 0.00012361522076739
0.659 0.00014896768439691
0.66 0.00017941139963559
0.661 0.00021103669955727
0.662 0.00022294970488692003
0.663 0.00021270287606760003
0.664 0.00019041881950332
0.665 0.00016751759174712
0.666 0.00014425783431498
0.667 0.00012455269742304
0.668 0.00011528009597997
0.669 0.00011026352888874
0.67 0.00010919233993392
0.671 0.00011013633086364
0.672 0.00012216856126833
0.673 0.00014154133420206
0.674 0.00016811295301683
0.675 0.0001933400472129
0.676 0.00021764672294823
0.677 0.00023236697516841002
0.678 0.00023818938889203
0.679 0.00022785175161162003
0.68 0.00020338407733815002
0.681 0.00016904108326626
0.682 0.00014280896036574
0.683 0.0001335272848722
0.684 0.00012900844668195
0.685 0.00012393963903177
0.686 0.00012003190945659001
0.687 0.00012367459356633
0.688 0.00013045260043467
0.689 0.00013537857335193002
0.69 0.00014556876146046
0.691 0.00015537440484054
0.692 0.00015656208616412999
0.693 0.00014916414355317
0.694 0.00013823994608316002
0.695 0.0001245350744352
0.696 0.00010677865229388
0.697 9.440869641489001e-05
0.698 8.632740509151166e-05
0.699 8.015016346963678e-05
0.7 7.44111617379555e-05
0.701 6.758494916105938e-05
0.702 6.424708978277371e-05
0.703 6.780509331599891e-05
0.704 7.840403335666048e-05
0.705 9.167436116541e-05
0.706 0.00010823056428312
0.707 0.0001273027035087
0.708 0.00015140794806162
0.709 0.00019126859255973002
0.71 0.00026635360716882
0.711 0.00039030057594144
0.712 0.00057736464699438
0.713 0.00083208520811916
0.714 0.0011761867122016502
0.715 0.0015279056757323101
0.716 0.00173898101077101
0.717 0.0016402691000846701
0.718 0.00131985933170031
0.719 0.0009606139880042699
0.72 0.0006775705345482
0.721 0.00046797835917680996
0.722 0.00032322667013073
0.723 0.00023975346128562002
0.724 0.00017541845391194999
0.725 0.00013344920219862002
0.726 0.00010670283517428
0.727 8.985639877095867e-05
0.728 7.25756715113013e-05
0.729 5.610881735910978e-05
0.73 5.1305029787864576e-05
0.731 4.88906892315971e-05
0.732 4.6202172333653596e-05
0.733 4.2224242815793515e-05
0.734 4.649145119874641e-05
0.735 4.8313937269665075e-05
0.736 4.359667489975083e-05
0.737 4.58438491786419e-05
0.738 5.624024779160285e-05
0.739 7.083821819450195e-05
0.74 7.790155283071729e-05
0.741 9.727768690524e-05
0.742 0.00012835420960365
0.743 0.00018500578397631
0.744 0.00027589611565323
0.745 0.00041904881106867
0.746 0.0006266540498976
0.747 0.0008985754148482801
0.748 0.00118086081318351
0.749 0.00138454645770954
0.75 0.00147034631117322
0.751 0.0015272836577865901
0.752 0.00178835581501236
0.753 0.0024191861759591403
0.754 0.00311814572060439
0.755 0.0031139183996946
0.756 0.0022076550702220497
0.757 0.00108887212509498
0.758 0.00044678497598019004
0.759 0.00021979125657900001
0.76 0.00012525630830415
0.761 7.077111653274395e-05
0.762 4.240463142762567e-05
0.763 3.440106885920185e-05
0.764 2.3882762316348683e-05
0.765 1.3464682852416632e-05
0.766 1.2957020773711203e-05
0.767 1.3837950655120769e-05
0.768 1.3580009097258547e-05
0.769 9.315917986321803e-06
0.77 9.668975199817918e-06
0.771 8.0838553024717e-06
0.772 1.0190939018611597e-05
0.773 9.86127932364529e-06
0.774 4.436335522555871e-06
0.775 5.804874352301496e-06
0.776 8.401480372734707e-06
0.777 1.5304338377640277e-05
0.778 5.954820349424947e-06
0.779 6.9141069518004384e-06
0.78 9.673553221916694e-06
0.781 1.4287819920790778e-05
0.782 8.140275295756448e-06
0.783 1.5738816982580468e-05
0.784 1.5762913163349467e-05
0.785 1.216803826447525e-05
0.786 1.0497893102195203e-05
0.787 1.6366979672458525e-05
0.788 2.5449534761626853e-05
0.789 4.7147545502719176e-05
0.79 9.246594182345999e-05
0.791 0.00014084691133581
0.792 0.0001635155144208
0.793 0.00013451644694880002
0.794 8.938678873217671e-05
0.795 5.986513074037346e-05
0.796 4.403625413895879e-05
0.797 -7.575188565876987e-05
0.798 0.00031193780364810003
0.799 0.0009071596329533099
0.8 0.00192432492550863
0.801 0.00141623692854525
0.802 0.00210179082541122
0.803 0.0018816559218198898
0.804 0.00191788670901726
0.805 0.00040287901521735
0.806 0.00015518039233860002
0.807 0.0007047533975641201
0.808 0.0016124197489235101
0.809 0.0017912086135434
0.81 0.0008723939613513301
0.811 0.00110748671919675
0.812 0.00103318730071578
0.813 0.0015033990868326
0.814 0.00143248250281743
0.815 0.0016007868448770601
0.816 0.00112104533400759
0.817 0.0012588234872644801
0.818 0.00117020825363538
0.819 0.00094291995228606
0.82 0.00130680071797707
0.821 0.0021209917181832898
0.822 0.0017745439740449401
0.823 0.00052963797401766
0.824 -0.00033330322941921
0.825 0.00022407207921216
0.826 0.0014070775072833
0.827 0.00173826591763302
0.828 0.00077539483848717
0.829 4.827140076221071e-06
0.83 0.00050388164334459
0.831 0.00096890766149745
0.832 0.0012470799653506801
0.833 0.0010955590297206301
0.834 0.0010686108884912099
0.835 0.00097249066314723
0.836 0.0010348495907938201
0.837 0.0009625035753576901
0.838 0.00120389240427606
0.839 0.00124316240819913
0.84 0.0010021998223116002
0.841 0.00081723101801598
0.842 0.00098119544565447
0.843 0.00085998266844759
0.844 0.00074093513242239
0.845 0.0006690347379098101
0.846 0.00083485728991305
0.847 0.00115257537204606
0.848 0.0012730755338659799
0.849 0.0009415679832508499
0.85 0.0008199135205137
0.851 0.0010531584123969601
0.852 0.00122014605572955
0.853 0.0012428916420447
0.854 0.00144527781161097
0.855 0.00096806192841333
0.856 0.0005436950594384701
0.857 0.00033863274269289005
0.858 0.0008744763659273999
0.859 0.0010952049980354401
0.86 0.00147476747802258
0.861 0.00096987907535121
0.862 0.0007747350733780199
0.863 0.00054199090442763
0.864 0.00099670447062441
0.865 0.0010555258151771101
0.866 0.00117645469952832
0.867 0.0006699260848311901
0.868 0.00081861596019306
0.869 0.00109992326533416
0.87 0.00131888849533758
0.871 0.00104134634781894
0.872 0.00117475454059506
0.873 0.00117901177924383
0.874 0.00102210972657957
0.875 0.00100981453151367
0.876 0.00112407082000983
0.877 0.00115110704048382
0.878 0.00108018474367914
0.879 0.0010355815109521801
0.88 0.00093816305096508
0.881 0.00081177600746961
0.882 0.00078695544775815
0.883 0.0008313728125158
0.884 0.0007430386652469901
0.885 0.0006087223418966101
0.886 0.00068035566185298
0.887 0.00084968559181593
0.888 0.0007381542064076101
0.889 0.000608028384843
0.89 0.00077862901179708
0.891 0.00090146107939401
0.892 0.00087838080612336
0.893 0.0009215949578869801
0.894 0.00102444780847104
0.895 0.00105266607813441
0.896 0.00104281274592765
0.897 0.0009862371561013199
0.898 0.0009652993070680799
0.899 0.0009676418565360601
0.9 0.0010254892236920099
0.901 0.00113511104235387
0.902 0.00117216833339862
0.903 0.00113579997515613
0.904 0.0010853524689319802
0.905 0.00107740629062253
0.906 0.00095421089560716
0.907 0.0008258780682380701
0.908 0.0008504903545659
0.909 0.0009084019300272901
0.91 0.00083394628572321
0.911 0.00070407837158229
0.912 0.0007305206280147
0.913 0.00086744740640769
0.914 0.0008325417549342601
0.915 0.00072615510224622
0.916 0.00058263206066136
0.917 0.00046328449026753
0.918 0.00047924084375253
0.919 0.00061105198872726
0.92 0.00069209430341265
0.921 0.00065171988568314
0.922 0.0006176012522823899
0.923 0.00070044001047954
0.924 0.00083019828137166
0.925 0.0009264406173119101
0.926 0.0009367514465733
0.927 0.00107495892044703
0.928 0.0012223205463555
0.929 0.00134932559986602
0.93 0.00138157452167049
0.931 0.00147597157322667
0.932 0.00166339655302176
0.933 0.0018426350166516003
0.934 0.0019309439197655101
0.935 0.00197945520572493
0.936 0.00208530157439403
0.937 0.00221990896447749
0.938 0.00232706528481834
0.939 0.00241188347095839
0.94 0.00243938438103843
0.941 0.0024357607896781804
0.942 0.0024353502377734803
0.943 0.00247954026457953
0.944 0.00244514177910531
0.945 0.00240270010259382
0.946 0.00234766539854802
0.947 0.0022804646512041
0.948 0.0021838118253945304
0.949 0.00210227089237596
0.95 0.00200870752157649
0.951 0.0019083379122407699
0.952 0.00185226336369027
0.953 0.00178018849953081
0.954 0.00167119039509012
0.955 0.0016028554788311401
0.956 0.0015596256272166899
0.957 0.00150627105740286
0.958 0.0014531152952471402
0.959 0.00144308669675463
0.96 0.0014385049263372601
0.961 0.00147783374900613
0.962 0.00157351603453479
0.963 0.0016913707876614601
0.964 0.0017613345962389502
0.965 0.0018877869667493102
0.966 0.0020775664082507404
0.967 0.00230499951332598
0.968 0.00254660702664897
0.969 0.00286999097464458
0.97 0.00332331438865392
0.971 0.00383499877337748
0.972 0.0044398097937432
0.973 0.00519274349593434
0.974 0.00612586425661533
0.975 0.007180749516253321
0.976 0.00853390916224749
0.977 0.01014485317280811
0.978 0.01205131512929517
0.979 0.014250711985439401
0.98 0.017035792825252503
0.981 0.020092694506615442
0.982 0.023712679934880482
0.983 0.0277960798005588
0.984 0.0324386068010931
0.985 0.0379622412257364
0.986 0.04376271837170241
0.987 0.05004970761599739
0.988 0.0567355239056934
0.989 0.06468859411895052
0.99 0.07299006578265159
0.991 0.0815512418498971
0.992 0.09170260689272257
0.993 0.10151373759246514
0.994 0.11133872236084329
0.995 0.12121365150110862
0.996 0.13306552593535784
0.997 0.14476198901947732
0.998 0.15659121324176314
0.999 0.1682300775091465
1.0 0.17898570483067575
1.001 0.1894647713316605
1.002 0.20005717561298414
1.003 0.21078284470058287
1.004 0.2215301055519656
1.005 0.2311399102307679
1.006 0.24002068831369983
1.007 0.2474476827301505
1.008 0.2551734015912449
1.009 0.2621919057933879
1.01 0.2689074332807311
1.011 0.27582264633813014
1.012 0.28175946585573924
1.013 0.28731235611275074
1.014 0.2921195199864826
1.015 0.2967831839269405
1.016 0.29982757012501654
1.017 0.3029600808259729
1.018 0.3066940641790783
1.019 0.31012449140777104
1.02 0.31361658002240966
1.021 0.3168094835374388
1.022 0.3194485980258515
1.023 0.32073022422215497
1.024 0.322031013177106
1.025 0.32282392690861905
1.026 0.32342171595727526
1.027 0.32457729314865336
1.028 0.3264180162170236
1.029 0.3280736830802429
1.03 0.3292820029668786
1.031 0.3305699440615878
1.032 0.33147866255630337
1.033 0.3318749123996394
1.034 0.3330909266654736
1.035 0.33410301125291963
1.036 0.3352954239858927
1.037 0.33654276256143917
1.038 0.33736874966867064
1.039 0.3372571161454872
1.04 0.33678654612389725
1.041 0.33696009803733956
1.042 0.3373524462948935
1.043 0.33889003468689166
1.044 0.3403501748449176
1.045 0.34068280356935865
1.046 0.34081746552516107
1.047 0.34117123467249416
1.048 0.34211204154056696
1.049 0.34218244056520053
1.05 0.34196424023120175
1.051 0.3419156195922405
1.052 0.3427324631235566
1.053 0.3440317269722084
1.054 0.3442928889238678
1.055 0.3438034308803486
1.056 0.342757421991493
1.057 0.3424193196023962
1.058 0.3425506753787437
1.059 0.3428242682620528
1.06 0.3434498537282339
1.061 0.3437173094392641
1.062 0.3440618613025827
1.063 0.34422911847148757
1.064 0.34416177567241507
1.065 0.3438488727623899
1.066 0.3439855384890573
1.067 0.3448918008831441
1.068 0.3455669906861378
1.069 0.34614358190415057
1.07 0.3455043507612054
1.071 0.3450905863346364
1.072 0.34476842634589
1.073 0.3453409163069014
1.074 0.3462206776758662
1.075 0.34761051323763825
1.076 0.34943293493724026
1.077 0.3508965676108119
1.078 0.35216403696057375
1.079 0.35295038768987963
1.08 0.3543075872653468
1.081 0.3555091429171478
1.082 0.35625106790755534
1.083 0.35665949270243735
1.084 0.35738649739399464
1.085 0.3586849890130093
1.086 0.35997410643972383
1.087 0.3612608763894364
1.088 0.361667640257178
1.089 0.36135572997442544
1.09 0.36103179671230606
1.091 0.36223920353976075
1.092 0.3643976301486157
1.093 0.36570732820582175
1.094 0.3661607727512006
1.095 0.3658164938255817
1.096 0.36584456154088646
1.097 0.36590059101863887
1.098 0.36658873363478867
1.099 0.3674247964700962
1.1 0.36809518243872696
1.101 0.36886816524779464
1.102 0.369360567718084
1.103 0.36953822506150574
1.104 0.369489830750155
1.105 0.3694315862365113
1.106 0.36965140050769274
1.107 0.37019940170765914
1.108 0.3714045227768939
1.109 0.37148753598050244
1.11 0.37142854552758026
1.111 0.37138519145145454
1.112 0.37160700175166084
1.113 0.37146680958085776
1.114 0.3715776018753959
1.115 0.3723397386986063
1.116 0.37261268236111933
1.117 0.37296526015925163
1.118 0.37328110153961724
1.119 0.373310987255128
1.12 0.372419693342306
1.121 0.37154999496341756
1.122 0.37135853296246407
1.123 0.3709080460719803
1.124 0.37090686982081006
1.125 0.3717022428466832
1.126 0.3723433446070504
1.127 0.37186999847547964
1.128 0.37103124954694205
1.129 0.37062192716970305
1.13 0.3710703257626343
1.131 0.37236021864057134
1.132 0.37298745833843705
1.133 0.3727471466130269
1.134 0.37242729806558866
1.135 0.3723817664764221
1.136 0.3729028204423563
1.137 0.3734973884035231
1.138 0.3741430113932104
1.139 0.3743532033902057
1.14 0.3754451558469655
1.141 0.37718194076049966
1.142 0.3789999472981671
1.143 0.3801565367372844
1.144 0.38022274343330453
1.145 0.3803083134383177
1.146 0.3810624785802596
1.147 0.38240314964566235
1.148 0.38409407255008576
1.149 0.3845099575209031
1.15 0.38489480583879876
1.151 0.3853239252966977
1.152 0.3863826207960776
1.153 0.38690665424503623
1.154 0.38734800300596683
1.155 0.3880466541727211
1.156 0.3885543680826321
1.157 0.38970399925479304
1.158 0.3907904437142716
1.159 0.39176707345718836
1.16 0.3914180626741146
1.161 0.391180636833363
1.162 0.3914798505097034
1.163 0.3925837677052925
1.164 0.39339386650230734
1.165 0.3940353188966601
1.166 0.3942288124292998
1.167 0.394166435754359
1.168 0.39373304193566805
1.169 0.3939282517128191
1.17 0.3937615417627865
1.171 0.39351385867887695
1.172 0.3928743180529122
1.173 0.3930757311981681
1.174 0.3926966923396364
1.175 0.3917310765932375
1.176 0.3897906111545166
1.177 0.387482565057707
1.178 0.3853709636033681
1.179 0.3826412081775646
1.18 0.3795090340282956
1.181 0.3758706209613368
1.182 0.3710094668471166
1.183 0.36453507807658797
1.184 0.3561396330640366
1.185 0.34791493933286766
1.186 0.33857828056904876
1.187 0.32811828607077864
1.188 0.3163537305632798
1.189 0.3052416506707937
1.19 0.29457791742523437
1.191 0.2826982956399706
1.192 0.27089803299308807
1.193 0.2596117559931943
1.194 0.24958784941922546
1.195 0.2409779782088902
1.196 0.23396174286726726
1.197 0.22890362520268873
1.198 0.22711992495752897
1.199 0.2278181845085021
1.2 0.22940265693378933
1.201 0.23205839627885727
1.202 0.23705460250890986
1.203 0.24441660862459344
1.204 0.25309298846343825
1.205 0.2625778047433132
1.206 0.2735893618340835
1.207 0.28494949615157367
1.208 0.2964401550091757
1.209 0.308324593877901
1.21 0.3216363175137174
1.211 0.333936334503461
1.212 0.3448824035191099
1.213 0.3556785172751358
1.214 0.36526295178759594
1.215 0.3733673795673769
1.216 0.3801461864875958
1.217 0.38673629098741336
1.218 0.3928829270966078
1.219 0.3976244403874385
1.22 0.40056504287876377
1.221 0.4022265982527164
1.222 0.4038272024710292
1.223 0.4055646168257472
1.224 0.40602258546706566
1.225 0.40640639115176397
1.226 0.40673089682040386
1.227 0.40766912246771286
1.228 0.40805762565513304
1.229 0.4080177501612411
1.23 0.40744499666078743
1.231 0.40680794654714303
1.232 0.40718882425339314
1.233 0.40797506859852223
1.234 0.4085551403718141
1.235 0.4085321432619631
1.236 0.4084600915727777
1.237 0.40877735581751473
1.238 0.40870992895314906
1.239 0.408544477508711
1.24 0.40852955109654204
1.241 0.4091888277254072
1.242 0.41003266591724663
1.243 0.41046017875314234
1.244 0.4106876568460992
1.245 0.41011064228412863
1.246 0.4101695016252711
1.247 0.4099533806841968
1.248 0.41017757726901655
1.249 0.41068516091330737
1.25 0.4114038928910535
1.251 0.41168944698150034
1.252 0.4117610398367191
1.253 0.41207634352017936
1.254 0.41174069125018736
1.255 0.4117368543095233
1.256 0.411637222961191
1.257 0.4116917490619985
1.258 0.4119025793048297
1.259 0.41252510185886393
1.26 0.4131377751335213
1.261 0.4133834470128847
1.262 0.4134026780291686
1.263 0.413199105468485
1.264 0.41331062050502304
1.265 0.41398325141913883
1.266 0.4146208868004428
1.267 0.41520064318538
1.268 0.4149899355313754
1.269 0.4144996820227854
1.27 0.41403835835898334
1.271 0.4143198887180144
1.272 0.4144820038758073
1.273 0.41450789421511586
1.274 0.4146030368771608
1.275 0.4147931585960411
1.276 0.41496450590055933
1.277 0.41531179284240166
1.278 0.41527898027179905
1.279 0.4146100341206861
1.28 0.41401588600417466
1.281 0.41446612496535734
1.282 0.41500005687651154
1.283 0.415582183594674
1.284 0.41577221562575095
1.285 0.4160067031075188
1.286 0.4155730261027527
1.287 0.4150181666997079
1.288 0.4147232931636543
1.289 0.4146616538452327
1.29 0.41440678074849707
1.291 0.4141669797195446
1.292 0.4145199587649091
1.293 0.41476406187895165
1.294 0.41446548480038536
1.295 0.4133439111020655
1.296 0.4124086528974939
1.297 0.4132525592919361
1.298 0.4151913600521529
1.299 0.4171993518313604
1.3 0.4174881215227154
1.301 0.41715360283827907
1.302 0.41597826420368716
1.303 0.4155598577055835
1.304 0.41532583794916456
1.305 0.415814511267882
1.306 0.41595359470663684
1.307 0.41621458438459064
1.308 0.4162092601323663
1.309 0.4168341046998467
1.31 0.4171028234592209
1.311 0.41788908776339767
1.312 0.41837056343854706
1.313 0.41883266142197695
1.314 0.4193229090143613
1.315 0.42071734792699966
1.316 0.4217597703931185
1.317 0.4218552630464674
1.318 0.42150653112111036
1.319 0.42220661791099284
1.32 0.4230338993514919
1.321 0.42332524173826563
1.322 0.42269205831234774
1.323 0.42315593475953905
1.324 0.4242568093317241
1.325 0.42526572987468525
1.326 0.4251899597298227
1.327 0.4246958306686399
1.328 0.4242105584434775
1.329 0.42401691237758654
1.33 0.424865761202735
1.331 0.4259760702906824
1.332 0.42682445207968867
1.333 0.4266405123632687
1.334 0.4260054683576361
1.335 0.4252679647519639
1.336 0.42552234240160564
1.337 0.42659278338177226
1.338 0.42731189630969313
1.339 0.4274967941087823
1.34 0.42777741682966736
1.341 0.42837316730025815
1.342 0.4290432924573308
1.343 0.4293277162839841
1.344 0.42927501107126326
1.345 0.42909631618447114
1.346 0.4292245689809001
1.347 0.42977765297374426
1.348 0.43110448064143025
1.349 0.43203099766449543
1.35 0.4315751633291621
1.351 0.4306363997438755
1.352 0.43024477151277557
1.353 0.4305996976412368
1.354 0.43206837983475005
1.355 0.432983319913184
1.356 0.4328427717181333
1.357 0.4326818047592802
1.358 0.43330473704457884
1.359 0.43300232298473385
1.36 0.4319707970315801
1.361 0.4313958761196523
1.362 0.4321336587661009
1.363 0.43318165116366675
1.364 0.4339542798113454
1.365 0.433609145702218
1.366 0.4326813647998293
1.367 0.43082360694940375
1.368 0.4296545914443675
1.369 0.42943544123391153
1.37 0.43016312241283833
1.371 0.43031402899371
1.372 0.4294013348152469
1.373 0.4275105325484372
1.374 0.4254479198900777
1.375 0.424317637531576
1.376 0.423875035333884
1.377 0.42321046126454415
1.378 0.42180184828313155
1.379 0.4205313965461205
1.38 0.4198343563946426
1.381 0.4188528813756787
1.382 0.4177585019405893
1.383 0.41650646614048825
1.384 0.415289054316621
1.385 0.4149659423863065
1.386 0.41561715325210197
1.387 0.4161237331116331
1.388 0.41561971207431797
1.389 0.4152751293793669
1.39 0.4153403942489559
1.391 0.41591606535442194
1.392 0.41596183220250316
1.393 0.41686990536109475
1.394 0.4181834013173089
1.395 0.419530308194439
1.396 0.4195025378998479
1.397 0.4197289327236184
1.398 0.4204860806223932
1.399 0.421352138674971
1.4 0.42207384459458286
1.401 0.42303982181635297
1.402 0.42387762668624657
1.403 0.42436679951937667
1.404 0.4250416633222024
1.405 0.4255214170825128
1.406 0.42523946223093523
1.407 0.42547785007446515
1.408 0.42650628972797167
1.409 0.42776881386594756
1.41 0.42851804139152994
1.411 0.4297016253502402
1.412 0.43109032203986886
1.413 0.4320197421078463
1.414 0.43245633914352066
1.415 0.43223972770598545
1.416 0.4328491440112101
1.417 0.43427023306219215
1.418 0.4354767278604671
1.419 0.43563034506590953
1.42 0.43471800809365646
1.421 0.43413740852608723
1.422 0.4329469926580005
1.423 0.43195755743911585
1.424 0.43011248726340706
1.425 0.42834575708138484
1.426 0.4263703366308415
1.427 0.42393665647378237
1.428 0.42040743257682667
1.429 0.4162680829179209
1.43 0.412341359385605
1.431 0.4074351206759866
1.432 0.40185873626124136
1.433 0.3963448460695968
1.434 0.3906234365840683
1.435 0.3842282216928318
1.436 0.37677146687479823
1.437 0.37062312646349677
1.438 0.3631349263585527
1.439 0.3546122373649511
1.44 0.3448962936727036
1.441 0.33678001112045985
1.442 0.3290050040725348
1.443 0.32028607240502804
1.444 0.31101235721877474
1.445 0.3020028539419314
1.446 0.2931625525192929
1.447 0.28538159497869114
1.448 0.27838770043902045
1.449 0.2726611524866648
1.45 0.26688640775718736
1.451 0.2622074839357815
1.452 0.25800905645965944
1.453 0.25432898410055843
1.454 0.25218592678311536
1.455 0.2517882608225468
1.456 0.2528982810575949
1.457 0.2545138508110733
1.458 0.25768663149209464
1.459 0.26253054007649
1.46 0.2688381201144422
1.461 0.2757257013809702
1.462 0.2831177463197557
1.463 0.2918883283481205
1.464 0.3018275077514418
1.465 0.31414305165423473
1.466 0.3263138027189565
1.467 0.33874735363429404
1.468 0.3488185388393129
1.469 0.35970308067169854
1.47 0.3705396365372663
1.471 0.38204858816428033
1.472 0.39383071156566735
1.473 0.40446746139786344
1.474 0.41481605175469255
1.475 0.42254911507714366
1.476 0.43041232022794085
1.477 0.43601579895100423
1.478 0.44115962636285894
1.479 0.4452121210550864
1.48 0.4497115387264836
1.481 0.45305362998550147
1.482 0.4557962870422147
1.483 0.45821796218773747
1.484 0.46027208488391735
1.485 0.4604947066726565
1.486 0.4604658416020583
1.487 0.45980723947882246
1.488 0.46040768385813235
1.489 0.461172081939068
1.49 0.4626933018171583
1.491 0.4634092458056089
1.492 0.4635638726597618
1.493 0.46307200376274743
1.494 0.46190024278906416
1.495 0.46119324215824875
1.496 0.46081784260604786
1.497 0.4620324792679551
1.498 0.4626691469415823
1.499 0.46337503024749943
1.5 0.4629310934855484
1.501 0.46297353006577985
1.502 0.46291056681251086
1.503 0.4627083922212957
1.504 0.46277363553569484
1.505 0.46387229684985165
1.506 0.4653609347692942
1.507 0.46556221862162944
1.508 0.4660750478682439
1.509 0.46658451311574844
1.51 0.46660083564363813
1.511 0.466744202569708
1.512 0.46705022960756576
1.513 0.46779877931088015
1.514 0.4685210542423911
1.515 0.4692414361801868
1.516 0.4699795284429561
1.517 0.47040638342675783
1.518 0.4703065195364202
1.519 0.4689930244497197
1.52 0.4683275929323675
1.521 0.4681608960168655
1.522 0.46874475352557166
1.523 0.4703927584500096
1.524 0.47158470021709853
1.525 0.4713366713046282
1.526 0.47121088190306926
1.527 0.47130500994206526
1.528 0.4725666615113947
1.529 0.47283527609356363
1.53 0.47362754545400976
1.531 0.4736417552980653
1.532 0.4744583002291723
1.533 0.47453400585195726
1.534 0.47407716818880424
1.535 0.4738197511951999
1.536 0.4737072058480009
1.537 0.47423102033082043
1.538 0.4751919848588968
1.539 0.4761049766641999
1.54 0.4762091457565345
1.541 0.4758938497602079
1.542 0.4754431172356818
1.543 0.47401339519175567
1.544 0.4732055737889463
1.545 0.47299639176761604
1.546 0.47448976363396156
1.547 0.4748420325457105
1.548 0.47545876126381853
1.549 0.4752919640105409
1.55 0.4750373730110328
1.551 0.4743022053422353
1.552 0.47439946244373427
1.553 0.47519222119328236
1.554 0.47556623438795126
1.555 0.47663512524704715
1.556 0.477530176941294
1.557 0.477324874941394
1.558 0.4759642849187493
1.559 0.4748305958222973
1.56 0.47496480432464755
1.561 0.4756312193311204
1.562 0.47631391967667003
1.563 0.477035768658155
1.564 0.4781420386330137
1.565 0.47812047015624404
1.566 0.4763553821857216
1.567 0.4751369388746822
1.568 0.4747533031330195
1.569 0.47504915921410923
1.57 0.47527177134713144
1.571 0.4756640936376479
1.572 0.47645853430863144
1.573 0.47653797659667513
1.574 0.4760541716985626
1.575 0.47508845358065066
1.576 0.47495276584062834
1.577 0.47516386818566053
1.578 0.47568486921491354
1.579 0.47659810070936054
1.58 0.4774897697748436
1.581 0.4780818202421541
1.582 0.47612692799761763
1.583 0.47477124204969623
1.584 0.4749574388781478
1.585 0.4762125538992502
1.586 0.4754209047611037
1.587 0.4747409232827286
1.588 0.47486010988378485
1.589 0.47436162483730643
1.59 0.47387184796275805
1.591 0.4728194126166934
1.592 0.47301893125728983
1.593 0.4732824385996138
1.594 0.4736669072006413
1.595 0.4737167376329778
1.596 0.4738483664073971
1.597 0.47476067660280435
1.598 0.4741414474213338
1.599 0.47365946100081163
1.6 0.47326531418736845
1.601 0.4737325811089337
1.602 0.475049102210982
1.603 0.477035003764789
1.604 0.47901842627212127
1.605 0.47822030690862205
1.606 0.4772193312905353
1.607 0.4761778910342687
1.608 0.4759634978851074
1.609 0.47626703190768754
1.61 0.47722613031905264
1.611 0.4778874224549491
1.612 0.47703532982150487
1.613 0.47739554352872704
1.614 0.4783213042307963
1.615 0.47838877656183676
1.616 0.47700440190387966
1.617 0.4764905607999016
1.618 0.4773858796202265
1.619 0.4789645516417706
1.62 0.4799900255613424
1.621 0.4801788122928886
1.622 0.47915833802917324
1.623 0.4783437518523541
1.624 0.4776982726468892
1.625 0.4791852766202228
1.626 0.48126351556988917
1.627 0.4830248391277673
1.628 0.4829472253002244
1.629 0.48403595703433344
1.63 0.48394623029311906
1.631 0.48172496540410875
1.632 0.48009717094519255
1.633 0.4803953400556593
1.634 0.48186925426468136
1.635 0.4827836542258185
1.636 0.48444065843400463
1.637 0.4841563841794787
1.638 0.48352166888362746
1.639 0.4822691844570208
1.64 0.48243997980782377
1.641 0.48325095650432764
1.642 0.4840821524933053
1.643 0.4835505548502601
1.644 0.4834557946471141
1.645 0.4831400712867071
1.646 0.48312822134048583
1.647 0.4826233548026223
1.648 0.4827398623527227
1.649 0.4818132735843078
1.65 0.4822178891931256
1.651 0.4834113203353866
1.652 0.48484739577802155
1.653 0.4846521032818178
1.654 0.4833785369657577
1.655 0.4827145968295409
1.656 0.48227943292045783
1.657 0.48207315037046966
1.658 0.4819217053173967
1.659 0.48277719210308273
1.66 0.48329437995089797
1.661 0.4827020817482221
1.662 0.481842045908009
1.663 0.48143051466734943
1.664 0.4800812700714585
1.665 0.4792177606859794
1.666 0.47891383119404535
1.667 0.4795101016949032
1.668 0.4788691340072172
1.669 0.4782352859746424
1.67 0.4762731356834967
1.671 0.4743259847823254
1.672 0.47217536992057896
1.673 0.47243735108768925
1.674 0.47442947539107466
1.675 0.47638916757173694
1.676 0.47777077214508146
1.677 0.4781526152763769
1.678 0.47834869978358585
1.679 0.47898606207180927
1.68 0.48105262065804705
1.681 0.4814306743765026
1.682 0.48094023270356906
1.683 0.4820208915440533
1.684 0.4838018998693066
1.685 0.4858665423806466
1.686 0.48616409277579115
1.687 0.48556977252194655
1.688 0.48484031258320726
1.689 0.48581254144408575
1.69 0.48566049354409613
1.691 0.4863204612774526
1.692 0.487032513651441
1.693 0.48836795755021306
1.694 0.48787349591729295
1.695 0.48754160264044377
1.696 0.4858657515029764
1.697 0.4859234890836494
1.698 0.4856245403411049
1.699 0.485996012264535
1.7 0.4863915124986974
1.701 0.48767076918350716
1.702 0.48740340808332405
1.703 0.4857023489579631
1.704 0.4837965608476566
1.705 0.4827026436977704
1.706 0.4828753218207456
1.707 0.4830999714403586
1.708 0.4831234688730089
1.709 0.4830181761364797
1.71 0.4821765835111915
1.711 0.4815710937568476
1.712 0.4804720195636326
1.713 0.4792400938099675
1.714 0.4784830184718603
1.715 0.47887393970412423
1.716 0.4797391278077708
1.717 0.4800548180006128
1.718 0.48153850399842646
1.719 0.4816537108948432
1.72 0.4813972243714195
1.721 0.4801938314760806
1.722 0.4813248152507511
1.723 0.48236487625822766
1.724 0.4832711415449593
1.725 0.4846272001250282
1.726 0.486515484764558
1.727 0.48791641903645006
1.728 0.4863996589904386
1.729 0.4850501557154867
1.73 0.4838271825950392
1.731 0.4844942477635664
1.732 0.48513729566737857
1.733 0.48589644762721684
1.734 0.48604688888225434
1.735 0.485548929260412
1.736 0.4852595430330583
1.737 0.48529776456106627
1.738 0.48603366741801024
1.739 0.4866086050443368
1.74 0.48725043869650514
1.741 0.48743425284891384
1.742 0.4879285450051511
1.743 0.4890237621992587
1.744 0.488837791871943
1.745 0.4881701853427492
1.746 0.4875433910250417
1.747 0.4876122434760454
1.748 0.4877979072316416
1.749 0.48900033404639304
1.75 0.49101888415624734
1.751 0.491413406084468
1.752 0.490200152656015
1.753 0.48930899238720044
1.754 0.4887365994520443
1.755 0.4892553607153309
1.756 0.4896586701682457
1.757 0.490653824072756
1.758 0.49008689241206865
1.759 0.49033476139506543
1.76 0.49020100677111467
1.761 0.4892948875133489
1.762 0.4878441094503712
1.763 0.4876328425666644
1.764 0.4885135907092861
1.765 0.4896079489856004
1.766 0.49034638333877684
1.767 0.49057563266133997
1.768 0.48912297767576696
1.769 0.4880345876484316
1.77 0.486879974441007
1.771 0.4874491371784969
1.772 0.48757834319535115
1.773 0.48703511266978794
1.774 0.48757091257422774
1.775 0.4899802080279891
1.776 0.49486921546295315
1.777 0.49295730690103645
1.778 0.48910927910321766
1.779 0.48593284017727556
1.78 0.4883158957538351
1.781 0.48965064056455176
1.782 0.4911911083766233
1.783 0.4924986441953672
1.784 0.49262494289413516
1.785 0.4915050376303536
1.786 0.4908856222753021
1.787 0.49136677029919296
1.788 0.4922850928403176
1.789 0.4932887453613066
1.79 0.49392367401715487
1.791 0.4940883443508368
1.792 0.4934879229653786
1.793 0.49224459042191776
1.794 0.4915476996439478
1.795 0.4915349008075246
1.796 0.49092054337430563
1.797 0.49096993416153434
1.798 0.4920500664974043
1.799 0.4938949845603831
1.8 0.49399211325486003
1.801 0.493874954895078
1.802 0.49361564301584193
1.803 0.49331317808087954
1.804 0.49330782634402176
1.805 0.493701108019828
1.806 0.4950254861505605
1.807 0.4953686377368629
1.808 0.4956830165149882
1.809 0.4953170319001811
1.81 0.4951768279803042
1.811 0.49492872520007275
1.812 0.4950398815208603
1.813 0.4960197065992848
1.814 0.4975389214073498
1.815 0.49852759701117416
1.816 0.4983436613446633
1.817 0.49786110017847585
1.818 0.4967193011467935
1.819 0.49505697764329215
1.82 0.4939380456459083
1.821 0.493948189406654
1.822 0.4948327309842574
1.823 0.4952557226029948
1.824 0.49554397208978845
1.825 0.4951690450619243
1.826 0.49452160795388567
1.827 0.4936096716021399
1.828 0.4934209050330382
1.829 0.493300895273445
1.83 0.49382587816388457
1.831 0.494781465124118
1.832 0.4961390472155618
1.833 0.49590769689570546
1.834 0.4950185424574691
1.835 0.4946371401129538
1.836 0.4947173224672091
1.837 0.4948830313882458
1.838 0.49558725205664256
1.839 0.49771985503362537
1.84 0.4980747262075208
1.841 0.49705481437022675
1.842 0.4951842329843394
1.843 0.49417355611143593
1.844 0.49400666969049917
1.845 0.495027472924482
1.846 0.49642701374876413
1.847 0.4969495429977363
1.848 0.4971219119667182
1.849 0.49626321837719717
1.85 0.4953669215092284
1.851 0.49429244603563954
1.852 0.49395039133250146
1.853 0.4942948128916491
1.854 0.49522928106476233
1.855 0.4961812219169649
1.856 0.49590617313946167
1.857 0.49495679603799747
1.858 0.49372246840235806
1.859 0.4934274202892094
1.86 0.49338572920224244
1.861 0.49318928118639094
1.862 0.49411591947324757
1.863 0.49536470418474765
1.864 0.4968729152596064
1.865 0.49673896077768714
1.866 0.4955672160731975
1.867 0.4939748924523032
1.868 0.4938426218238186
1.869 0.4956740888703852
1.87 0.4964814122002214
1.871 0.4969033548039635
1.872 0.4966557822154656
1.873 0.4978806724346295
1.874 0.49822676050877474
1.875 0.49821790993001946
1.876 0.49762378231869475
1.877 0.4980473321559626
1.878 0.49870217103032194
1.879 0.49956243680096957
1.88 0.5001603967763409
1.881 0.4992555632649894
1.882 0.4971820995852617
1.883 0.49556613576825
1.884 0.49504987548238377
1.885 0.4957754841075093
1.886 0.4966358748053777
1.887 0.4974644305092845
1.888 0.4972018417410279
1.889 0.4968642428656148
1.89 0.4958827919022513
1.891 0.49478923620046444
1.892 0.49450943911704115
1.893 0.49437748612721305
1.894 0.4944640837679373
1.895 0.4949611393485282
1.896 0.4961255470334195
1.897 0.49693514056175836
1.898 0.49605809053508354
1.899 0.4949127356319262
1.9 0.49412007170082206
1.901 0.4951052330980326
1.902 0.49557557218918613
1.903 0.49568755301861245
1.904 0.4958715726554049
1.905 0.4959131169712761
1.906 0.4950281020548413
1.907 0.4936910240270793
1.908 0.4936902725477256
1.909 0.4946990601727428
1.91 0.49602086966202136
1.911 0.4971775478835226
1.912 0.4972774576400624
1.913 0.49750529311956987
1.914 0.49675124727756165
1.915 0.4957464202524302
1.916 0.49423442219966535
1.917 0.4939820205056524
1.918 0.49524650842341694
1.919 0.49592812687845705
1.92 0.4963000987855271
1.921 0.4955627561152244
1.922 0.49544268330870844
1.923 0.494618336544166
1.924 0.4937492205517724
1.925 0.4927546711586279
1.926 0.49245927419779245
1.927 0.49300154712763194
1.928 0.4933630267615733
1.929 0.49338847052233736
1.93 0.4928230344647737
1.931 0.49186017198233245
1.932 0.49037176986888975
1.933 0.48887327705806416
1.934 0.48938005181689637
1.935 0.49055282217243174
1.936 0.49177272597328486
1.937 0.49156786706757
1.938 0.49180595391715376
1.939 0.49131122466502547
1.94 0.4910453028258408
1.941 0.4908857393768388
1.942 0.49161600991270643
1.943 0.49316412015438804
1.944 0.494506781314624
1.945 0.49561082582950383
1.946 0.4959247415430109
1.947 0.4955225166869569
1.948 0.494271865744065
1.949 0.493263710732516
1.95 0.4937110396874551
1.951 0.49504699559968357
1.952 0.49610321845055055
1.953 0.4961216418935628
1.954 0.4960457618362421
1.955 0.4958404665627522
1.956 0.4954938049519228
1.957 0.4952647630665017
1.958 0.4952916750228152
1.959 0.49534623752004353
1.96 0.4957364027040341
1.961 0.49583657690278526
1.962 0.4962039850022511
1.963 0.49596830165627637
1.964 0.49576837097690907
1.965 0.4949527360842426
1.966 0.495423887038804
1.967 0.4965790676234156
1.968 0.4968054928709162
1.969 0.4963158166901357
1.97 0.49528880601793335
1.971 0.49542271160973145
1.972 0.49503737221043975
1.973 0.49525745403271654
1.974 0.49489054332994387
1.975 0.4952584205488153
1.976 0.49569622858615414
1.977 0.4961404959299888
1.978 0.4968566402573704
1.979 0.4971032089391567
1.98 0.49700865256415383
1.981 0.49622993667241366
1.982 0.4961078972572449
1.983 0.49649785382492384
1.984 0.4968603297464264
1.985 0.49763008241358353
1.986 0.49816122195623586
1.987 0.4989782366748937
1.988 0.49859884351822453
1.989 0.4983317307132638
1.99 0.49783802223520274
1.991 0.4980797323752721
1.992 0.4981784976782824
1.993 0.4974277075313397
1.994 0.49601226086930417
1.995 0.49336892162403834
1.996 0.4904933991543447
1.997 0.48781416816274165
1.998 0.4896206967213173
1.999 0.49211544421833653
2.0 0.49378427218766446
2.001 0.4938117174464361
2.002 0.49386931241194887
2.003 0.49362610731573076
2.004 0.4930543859622373
2.005 0.4936498578970233
2.006 0.4939646979119136
2.007 0.49521564813159946
2.008 0.495528891146133
2.009 0.4953607238711533
2.01 0.49475393252582517
2.011 0.4938760133302082
2.012 0.4936205665498663
2.013 0.49390355193402463
2.014 0.494675555958526
2.015 0.49425004608585005
2.016 0.49388152175669964
2.017 0.49413562351085594
2.018 0.4943082067084956
2.019 0.4936802310919145
2.02 0.4923940755856193
2.021 0.4925665073615099
2.022 0.4942419366507462
2.023 0.49523470326080166
2.024 0.49447871424864837
2.025 0.49306567150715475
2.026 0.492959772990332
2.027 0.4925647718105025
2.028 0.4922525811217596
2.029 0.49163401900650217
2.03 0.4926297129108061
2.031 0.49397952380010945
2.032 0.49449363225891196
2.033 0.4936635019868071
2.034 0.4928685615360968
2.035 0.49297965702433255
2.036 0.49294046299938815
2.037 0.49268134675214154
2.038 0.4927167907508359
2.039 0.4923928558959382
2.04 0.4914233552661354
2.041 0.49017461456331374
2.042 0.48966037125887796
2.043 0.4897668771172369
2.044 0.48966869844299593
2.045 0.4894945897323314
2.046 0.48890501335319303
2.047 0.4891463108661161
2.048 0.4890316147889092
2.049 0.4887829941687772
2.05 0.48844887154935557
2.051 0.48781522628387286
2.052 0.4870704145932513
2.053 0.4859902097545593
2.054 0.4867801097289718
2.055 0.48730927634832777
2.056 0.48834085412744915
2.057 0.48870158709367223
2.058 0.4898420432832606
2.059 0.4903021510251415
2.06 0.48965707894749577
2.061 0.48920607073018546
2.062 0.4892258031507913
2.063 0.49076531744767665
2.064 0.491017461513323
2.065 0.4908055609201284
2.066 0.4903467928529304
2.067 0.48964835767806925
2.068 0.48971224479913983
2.069 0.48947164399899346
2.07 0.49063816868083193
2.071 0.491608603900128
2.072 0.49347960499418264
2.073 0.49405914993451966
2.074 0.4943791865095317
2.075 0.4954025441839432
2.076 0.49552353613154426
2.077 0.49451814004470973
2.078 0.49288704590054944
2.079 0.4936374158447891
2.08 0.4953469363870168
2.081 0.49643242062539034
2.082 0.49680614840866977
2.083 0.49682338734480336
2.084 0.49754838408254953
2.085 0.4967456768638066
2.086 0.4972958091531486
2.087 0.49746910659610466
2.088 0.4986855020107203
2.089 0.49733182428791983
2.09 0.49561510485113575
2.091 0.49448151216101993
2.092 0.49514062509693196
2.093 0.49623531323729847
2.094 0.49556960942710715
2.095 0.49440221814058455
2.096 0.49401593270650035
2.097 0.4953485156275956
2.098 0.4965447121365396
2.099 0.49645810372955135
2.1 0.49565697501891126
2.101 0.4952708897823149
2.102 0.4950580645079827
2.103 0.49454450243991965
2.104 0.49411229984488386
2.105 0.4949875911777792
2.106 0.4955768690060049
2.107 0.49559753652927696
2.108 0.4953263648834592
2.109 0.49586293316549557
2.11 0.49652615822474516
2.111 0.49567185626237437
2.112 0.49459576732475385
2.113 0.49486732536567046
2.114 0.4960012145266807
2.115 0.4957052700562373
2.116 0.4952742972242891
2.117 0.4953254288500529
2.118 0.49586335898550804
2.119 0.4965654458004175
2.12 0.497369900377675
2.121 0.4980823263428424
2.122 0.4979191672776806
2.123 0.4970714153278152
2.124 0.4967209177205049
2.125 0.49776676300124906
2.126 0.4991006561990841
2.127 0.4983261739081192
2.128 0.49704453198335474
2.129 0.4963474765225507
2.13 0.4974358164636296
2.131 0.49836828048914394
2.132 0.4980796064742289
2.133 0.4971352856912647
2.134 0.49572504808573
2.135 0.49561975791380464
2.136 0.4951572677807876
2.137 0.494656971209709
2.138 0.49338487360644157
2.139 0.492139219457344
2.14 0.49074340026942864
2.141 0.48978764254204293
2.142 0.49018897959057195
2.143 0.4900215586390958
2.144 0.48968641177608546
2.145 0.4886029010138265
2.146 0.48852090994296105
2.147 0.4886727412546583
2.148 0.4890034011770638
2.149 0.48918340591601683
2.15 0.48872546551247525
2.151 0.4878071538670175
2.152 0.4862933267063957
2.153 0.4854617199100916
2.154 0.4851633598794466
2.155 0.4853543518121991
2.156 0.48589770632238494
2.157 0.4849238166749073
2.158 0.484072262249794
2.159 0.48438656373408306
2.16 0.485176089544655
2.161 0.48471818127313854
2.162 0.48362253652141485
2.163 0.48352634673445816
2.164 0.4824494051272893
2.165 0.48088432985055496
2.166 0.4793720491712871
2.167 0.47948406946087285
2.168 0.4797811234538897
2.169 0.4788190271364042
2.17 0.47784985918010875
2.171 0.47724265047930375
2.172 0.47740536082750634
2.173 0.47714574215910693
2.174 0.4770852376498675
2.175 0.47619244733788685
2.176 0.4740190416004233
2.177 0.4714543194295482
2.178 0.4688857842291176
2.179 0.4671366810356952
2.18 0.4652114117730994
2.181 0.4637810290157276
2.182 0.46282307548372276
2.183 0.4615651719144571
2.184 0.4591051599897259
2.185 0.4556308764696289
2.186 0.45295603254519295
2.187 0.4498282609476629
2.188 0.44841220137602616
2.189 0.4455813166009588
2.19 0.44413369820918885
2.191 0.4406921788414571
2.192 0.438690737972439
2.193 0.4353230230029712
2.194 0.4329008621107631
2.195 0.4293933417095983
2.196 0.42684823731685356
2.197 0.4238548495403192
2.198 0.42031468096073477
2.199 0.4164487466029463
2.2 0.41378787975186315
2.201 0.4103117598173614
2.202 0.40627684326961133
2.203 0.4017519356197622
2.204 0.39840988694537044
2.205 0.3959266684512341
2.206 0.3942371259291446
2.207 0.3922351964493935
2.208 0.3896923539806246
2.209 0.3868221873606648
2.21 0.3843437180019049
2.211 0.38315282543172396
2.212 0.38317323094972516
2.213 0.3833123813176549
2.214 0.382872015407162
2.215 0.38196889695929825
2.216 0.3821510486291461
2.217 0.38322726790677697
2.218 0.3845200835235262
2.219 0.38522671091397237
2.22 0.3862224944766664
2.221 0.3875720459218518
2.222 0.3884684865965206
2.223 0.3901530151595287
2.224 0.39188325158948223
2.225 0.3931099291259737
2.226 0.3931915962319383
2.227 0.3935781091217784
2.228 0.3942579101978839
2.229 0.3954976195789805
2.23 0.3969209145781367
2.231 0.39760959283918595
2.232 0.39797973471528236
2.233 0.3988596984800671
2.234 0.39993551044027004
2.235 0.4007363283083637
2.236 0.40141835492728667
2.237 0.4017918179803888
2.238 0.4020346893860552
2.239 0.4031309303311424
2.24 0.4044028015482916
2.241 0.4040778792773501
2.242 0.40277988146583277
2.243 0.4022247807317165
2.244 0.4034628212776322
2.245 0.4051527279265905
2.246 0.40644674481068416
2.247 0.40663817143669967
2.248 0.4055351413076045
2.249 0.40523270177908016
2.25 0.40563393513787116
2.251 0.40686018261032525
2.252 0.4067340596437127
2.253 0.40621873407343634
2.254 0.4059038166449004
2.255 0.406489859678582
2.256 0.4074862373644953
2.257 0.4074063229124353
2.258 0.4073370154435663
2.259 0.4072608251393986
2.26 0.4076561361317024
2.261 0.4077937366458773
2.262 0.4086562904361207
2.263 0.40880842826394237
2.264 0.40825699113459757
2.265 0.4076723342926148
2.266 0.40853172312389235
2.267 0.4094582625883891
2.268 0.41031040820867704
2.269 0.41168218847506116
2.27 0.41410576393819576
2.271 0.41677368392988656
2.272 0.41965043540483754
2.273 0.4215345439624439
2.274 0.42292713137064447
2.275 0.42434190638639774
2.276 0.4263464619323138
2.277 0.42840154148379983
2.278 0.42991593588792587
2.279 0.43126372078590475
2.28 0.431970644583975
2.281 0.4329682953279082
2.282 0.43478159804267064
2.283 0.4375893271879187
2.284 0.4399558501617533
2.285 0.44058351602508894
2.286 0.4411577435134122
2.287 0.44222666287468193
2.288 0.4440935432104398
2.289 0.4455384576062143
2.29 0.4466795082401826
2.291 0.4470560626766174
2.292 0.44725034825963755
2.293 0.4484089215325187
2.294 0.4505723672942384
2.295 0.4526825011191791
2.296 0.45323587347961286
2.297 0.4534659889702737
2.298 0.4539802719102017
2.299 0.4558878081451329
2.3 0.45785182574312877
2.301 0.45857181890491766
2.302 0.4588336622983627
2.303 0.45995866963783416
2.304 0.4628360267815072
2.305 0.46572776532248034
2.306 0.4680388228822714
2.307 0.46924633260236975
2.308 0.47124203010979804
2.309 0.474332263042864
2.31 0.4768806184853276
2.311 0.4788086505334192
2.312 0.48037964260481353
2.313 0.4806962994975136
2.314 0.48035619004868724
2.315 0.48024837257127184
2.316 0.482338583178035
2.317 0.48420522811504735
2.318 0.4853554745077203
2.319 0.4853990121284015
2.32 0.4857062941561707
2.321 0.48654661813044076
2.322 0.4884537409578908
2.323 0.4899129503329981
2.324 0.48955670674476465
2.325 0.48896254818667284
2.326 0.48910538700002304
2.327 0.4892395061796759
2.328 0.49046688972330305
2.329 0.4910282958328434
2.33 0.49146965464994036
2.331 0.4904423486191031
2.332 0.49201254092048174
2.333 0.4943125540527463
2.334 0.4955721539729117
2.335 0.4948406637689606
2.336 0.49423617881853305
2.337 0.49430584249422027
2.338 0.49458876580297256
2.339 0.49510497484430394
2.34 0.49494631868229527
2.341 0.4947210526441854
2.342 0.4946794517133484
2.343 0.49440317068490686
2.344 0.49490493602362173
2.345 0.49448340566440024
2.346 0.4946171162922978
2.347 0.4946496506731955
2.348 0.4962708524912722
2.349 0.4979946904820851
2.35 0.4987665782384181
2.351 0.4994031226158845
2.352 0.4992517208490849
2.353 0.5002662599431176
2.354 0.5010819607127731
2.355 0.5025502767371348
2.356 0.5035353173574247
2.357 0.5039005669374372
2.358 0.5046491857902357
2.359 0.505518439515462
2.36 0.5073328782379756
2.361 0.5072561034159172
2.362 0.506870161751013
2.363 0.5054288083779856
2.364 0.5053282875451316
2.365 0.5063706892716437
2.366 0.5075006315154159
2.367 0.5084053820835689
2.368 0.5081696686810013
2.369 0.5076596199522656
2.37 0.5075354065456831
2.371 0.5081697987328401
2.372 0.5088314444074817
2.373 0.5080057646984801
2.374 0.5073545545943827
2.375 0.507459507963414
2.376 0.508510485918889
2.377 0.5083737273631391
2.378 0.5081876546538883
2.379 0.507384983218958
2.38 0.5061396686515689
2.381 0.0
2.382 0.0
