Microns Throughput
1.5985000000000005 0.0
1.5995 0.0
1.6005 5.500553593272282e-07
1.6015 8.011596950903099e-07
1.6025 4.7557579030653297e-07
1.6035 1.0379233562804137e-06
1.6045 2.048721037783527e-06
1.6055 3.9619460065356295e-08
1.6065 9.635646916798836e-07
1.6075 1.4012838214724785e-06
1.6085 3.0798406565143293e-07
1.6095 1.3836281369246768e-06
1.6105 1.3581851679692832e-06
1.6115 1.0923990706181379e-06
1.6125 2.9474836586366943e-06
1.6135 1.2601907079542174e-06
1.6145 2.236200819581224e-06
1.6155 1.2875075522345545e-06
1.6165 2.581947697092194e-06
1.6175 2.5895038189422327e-06
1.6185 2.6214760400360863e-06
1.6195 1.159249338583571e-06
1.6205 2.9819176770674863e-06
1.6215 1.4480147009974072e-06
1.6225 3.260689723657168e-06
1.6235 4.077091896649517e-06
1.6245 3.8439482988428285e-06
1.6255 5.5493322299082585e-06
1.6265 5.453165371453007e-06
1.6275 4.234458718969872e-06
1.6285 6.5727687783334676e-06
1.6295 8.14581644466834e-06
1.6305 8.305458992819202e-06
1.6315 9.01057488849459e-06
1.6325 7.820975747997833e-06
1.6335 1.0201763502989353e-05
1.6345 9.35615108667027e-06
1.6355 1.18728315748997e-05
1.6365 1.2247703399823183e-05
1.6375 1.3276564895673405e-05
1.6385 1.5153332353082574e-05
1.6395 1.620502762522619e-05
1.6405 1.4341662301888383e-05
1.6415 1.826158877005335e-05
1.6425 1.8082306440803408e-05
1.6435 2.0791128779195652e-05
1.6445 2.1873932457489818e-05
1.6455 2.451739332126338e-05
1.6465 2.566483826856439e-05
1.6475 2.6550846251296823e-05
1.6485 2.6623107003275458e-05
1.6495 2.9120549003794017e-05
1.6505 3.0124972313680916e-05
1.6515 3.291793719682283e-05
1.6525 3.5469646856653584e-05
1.6535 4.0520336930536393e-05
1.6545 4.3981091937996636e-05
1.6555 4.319534924745745e-05
1.6565 4.785638149390635e-05
1.6575 5.599706193379206e-05
1.6585 6.041351856591205e-05
1.6595 6.645065896055573e-05
1.6605 7.570142884066762e-05
1.6615 8.435285370615143e-05
1.6625 9.559566669223799e-05
1.6635 0.000109334186508834
1.6645 0.000124275420869762
1.6655 0.00014424968950388999
1.6665 0.000163945484783864
1.6675 0.000194506251685146
1.6685 0.00022308091341015398
1.6695 0.00025661866442092796
1.6705 0.000296864781182256
1.6715 0.000339303303527812
1.6725 0.00038793292909150996
1.6735 0.00044085375401819
1.6745 0.000507872061735696
1.6755 0.0005832321994499659
1.6765 0.000661908577673136
1.6775 0.000744914425583628
1.6785 0.0008186826713397839
1.6795 0.0009334807657062019
1.6805 0.0010471552471634459
1.6815 0.001174035508585854
1.6825 0.001310821432380622
1.6835 0.0014488156291862838
1.6845 0.001611983842313608
1.6855 0.0017670366019288178
1.6865 0.001977611998971086
1.6875 0.002171754883337006
1.6885 0.002397492901167548
1.6895 0.002722552853285266
1.6905 0.0029910556267542876
1.6915 0.0033773982323453636
1.6925 0.003764781827734422
1.6935 0.004283466594551734
1.6945 0.004924409700559624
1.6955 0.005522492525569602
1.6965 0.0064419387837573415
1.6975 0.007708410630883287
1.6985 0.00911668267396813
1.6995 0.011054581476314083
1.7005 0.012900846600864027
1.7015 0.015676224685328154
1.7025 0.01907180368791712
1.7035 0.022649389549489817
1.7045 0.025501298718853704
1.7055 0.028013223166835816
1.7065 0.031184735127287276
1.7075 0.03428943259369895
1.7085 0.03866338588702134
1.7095 0.044343416975661396
1.7105 0.04774026994272773
1.7115 0.05612169048525611
1.7125 0.06268071153992921
1.7135 0.0740694293532876
1.7145 0.08374308347343329
1.7155 0.10115866201360262
1.7165 0.11878323205949849
1.7175 0.14097477833762131
1.7185 0.16893377588560368
1.7195 0.18883416343950113
1.7205 0.22113518968681278
1.7215 0.25223494500368404
1.7225 0.2856808173260154
1.7235 0.31216570921940356
1.7245 0.3300437695468026
1.7255 0.3559737859474456
1.7265 0.36481774080572543
1.7275 0.3708628211143126
1.7285 0.3805925480067307
1.7295 0.3867340643084894
1.7305 0.38636850315794125
1.7315 0.402437814573155
1.7325 0.40550213598715007
1.7335 0.4119201104948028
1.7345 0.4200136728817729
1.7355 0.42796495770740445
1.7365 0.4369061918030203
1.7375 0.4505019519179429
1.7385 0.4509101988250359
1.7395 0.45891548194363846
1.7405 0.467430916057269
1.7415 0.4671743835119348
1.7425 0.47926941377122173
1.7435 0.4836992690603347
1.7445 0.4762945540663793
1.7455 0.486276051903277
1.7465 0.4842101861904832
1.7475 0.4819945791975342
1.7485 0.4816525675608998
1.7495 0.47459533803561277
1.7505 0.4954871512377824
1.7515 0.4833919617579962
1.7525 0.4854318104504671
1.7535 0.4832897305590766
1.7545 0.48489577559076563
1.7555 0.4847857948893733
1.7565 0.4937451497727437
1.7575 0.4905974665122163
1.7585 0.4924748273283855
1.7595 0.48848961022241294
1.7605 0.4921186914563022
1.7615 0.49664352317556276
1.7625 0.4956007125777378
1.7635 0.4946551772445863
1.7645 0.48682831305433555
1.7655 0.49256503275413244
1.7665 0.49991631830468064
1.7675 0.49724065686463303
1.7685 0.49621074784149266
1.7695 0.48826197008624306
1.7705 0.49246199210990954
1.7715 0.4983689756627148
1.7725 0.4913095340051515
1.7735 0.48446578863718814
1.7745 0.4891775537206292
1.7755 0.48791901265519866
1.7765 0.48202975504557016
1.7775 0.49428285343177547
1.7785 0.47863644216142665
1.7795 0.489003352860032
1.7805 0.4874497071566749
1.7815 0.4829563749004801
1.7825 0.4797187400069399
1.7835 0.4844528789571828
1.7845 0.4866949651477567
1.7855 0.48243669406615436
1.7865 0.47536004283766603
1.7875 0.4772736327776272
1.7885 0.48385176018948306
1.7895 0.47434465937665826
1.7905 0.4746752554368373
1.7915 0.4732186508211758
1.7925 0.4752854875859703
1.7935 0.4754143384151979
1.7945 0.465997958159696
1.7955 0.47665239197640485
1.7965 0.4735515383298974
1.7975 0.4689940220866569
1.7985 0.4677433609265445
1.7995 0.47439497599361413
1.8005 0.4743909190723563
1.8015 0.4738626898699074
1.8025 0.48032935350993317
1.8035 0.4768838521622209
1.8045 0.46878134252253817
1.8055 0.4745466629221439
1.8065 0.4825347093659785
1.8075 0.49236884896518396
1.8085 0.4845009691352604
1.8095 0.4875940640629533
1.8105 0.49098447836806075
1.8115 0.49223022816922857
1.8125 0.4868019204861754
1.8135 0.4965491132867943
1.8145 0.4875076899755048
1.8155 0.49612269116277063
1.8165 0.4982236752690055
1.8175 0.4998295985726147
1.8185 0.4954113326762628
1.8195 0.5088918585039429
1.8205 0.5002504600959256
1.8215 0.500048451910969
1.8225 0.501658856450937
1.8235 0.504413859179539
1.8245 0.5017106672929109
1.8255 0.5012904553326568
1.8265 0.507948462203538
1.8275 0.5012781823666279
1.8285 0.5013580631825643
1.8295 0.49954446097097693
1.8305 0.49828170287718093
1.8315 0.5147287450328331
1.8325 0.49983594470117143
1.8335 0.49685569252063255
1.8345 0.506474230370893
1.8355 0.4968110926436046
1.8365 0.5015823962397945
1.8375 0.5006252762834966
1.8385 0.49421399522950593
1.8395 0.4967917917008614
1.8405 0.4987522024423768
1.8415 0.4927256700504188
1.8425 0.4937043233906426
1.8435 0.49932898452949265
1.8445 0.48917105715759696
1.8455 0.4940821502210698
1.8465 0.4824853763110264
1.8475 0.4936673457378395
1.8485 0.485684277471522
1.8495 0.4871715939045919
1.8505 0.4859482656985031
1.8515 0.48366498418752235
1.8525 0.4812398333144729
1.8535 0.4824542774395534
1.8545 0.47694280957683466
1.8555 0.4782658123010133
1.8565 0.48266852347538647
1.8575 0.4806098353626422
1.8585 0.48263249261823227
1.8595 0.4842767905934436
1.8605 0.48127068882518986
1.8615 0.481550111663351
1.8625 0.4819930159741023
1.8635 0.4813530331639852
1.8645 0.48686617275132527
1.8655 0.48662103278316426
1.8665 0.49123443253781873
1.8675 0.49239196165351934
1.8685 0.4946390529011001
1.8695 0.4978274737126603
1.8705 0.5001356752857583
1.8715 0.4951919398564797
1.8725 0.5018528465489616
1.8735 0.5043110919425674
1.8745 0.5103697231686903
1.8755 0.5124097619189392
1.8765 0.5016676745197671
1.8775 0.5152771130006558
1.8785 0.5077910706585004
1.8795 0.5121290038074544
1.8805 0.5090742868096311
1.8815 0.5121248200439454
1.8825 0.5114925140098923
1.8835 0.510857308489678
1.8845 0.5138475732271238
1.8855 0.5096396520246924
1.8865 0.5095040147701707
1.8875 0.5159603306445167
1.8885 0.5084079999401699
1.8895 0.51123172630429
1.8905 0.5072184559177554
1.8915 0.5061813757472109
1.8925 0.5137225371254108
1.8935 0.5035068259075619
1.8945 0.5039724993356917
1.8955 0.5052865204130695
1.8965 0.5023852571959927
1.8975 0.5069450961693354
1.8985 0.5011812287336798
1.8995 0.4961091585099267
1.9005 0.49956045900658663
1.9015 0.5002707712732023
1.9025 0.4962587167303304
1.9035 0.48841602314269256
1.9045 0.49812912969199713
1.9055 0.48942809303169205
1.9065 0.49246649889096134
1.9075 0.48575419094148364
1.9085 0.4953671464169093
1.9095 0.49346187035486005
1.9105 0.4872465987133183
1.9115 0.4934350493264847
1.9125 0.48604070594288507
1.9135 0.48740339130284027
1.9145 0.4857836558322833
1.9155 0.49056178197897576
1.9165 0.4939257049598562
1.9175 0.4904680573214288
1.9185 0.48856970499644214
1.9195 0.4940098890595575
1.9205 0.48748049177162395
1.9215 0.4998110123786664
1.9225 0.49423957715050465
1.9235 0.49540082241844
1.9245 0.49569637438279396
1.9255 0.5014935948652607
1.9265 0.49859480707100684
1.9275 0.5027187043543346
1.9285 0.5039789310867269
1.9295 0.5094720209555871
1.9305 0.5026095798735234
1.9315 0.5112120998047889
1.9325 0.49660817225447285
1.9335 0.512328617182994
1.9345 0.5134114208580628
1.9355 0.5022958270315478
1.9365 0.50978617972299
1.9375 0.502551097495249
1.9385 0.5128085577222481
1.9395 0.5096760687992626
1.9405 0.5054921856907055
1.9415 0.5092704966495637
1.9425 0.5021533683938031
1.9435 0.5148045489596053
1.9445 0.5103623429238349
1.9455 0.5165238846837908
1.9465 0.5119171207898388
1.9475 0.5083713447229529
1.9485 0.5138545918041345
1.9495 0.5110699786917355
1.9505 0.5064827111301755
1.9515 0.5166107908048193
1.9525 0.5095856923046324
1.9535 0.4993715152487489
1.9545 0.5057513685279478
1.9555 0.4938325947620918
1.9565 0.4870969311412455
1.9575 0.47340580516014397
1.9585 0.4546065516346422
1.9595 0.44441918978774864
1.9605 0.42066438493188224
1.9615 0.4048572352753514
1.9625 0.3877885156697741
1.9635 0.361011433994017
1.9645 0.3348050241696658
1.9655 0.3095485318652546
1.9665 0.2882192875802362
1.9675 0.2594227489561125
1.9685 0.23991641505782085
1.9695 0.21509256856596126
1.9705 0.1943678747136701
1.9715 0.1753581527355372
1.9725 0.15765655079864063
1.9735 0.1436232215207983
1.9745 0.12759509312131584
1.9755 0.1149565643255001
1.9765 0.10771164308499286
1.9775 0.09456627781694099
1.9785 0.08771239935342914
1.9795 0.07908105922300798
1.9805 0.0715612487220084
1.9815 0.06433464876826885
1.9825 0.05798323263846912
1.9835 0.05065134901944791
1.9845 0.046096811156093515
1.9855 0.04045680668834232
1.9865 0.03512799996426021
1.9875 0.03000612509260167
1.9885 0.02734286060892672
1.9895 0.023072416227116012
1.9905 0.020929904468423022
1.9915 0.017952806830231836
1.9925 0.015729281810478182
1.9935 0.01367051822446575
1.9945 0.011878148351721803
1.9955 0.010406331247029723
1.9965 0.008797979814932553
1.9975 0.0080827205570637
1.9985 0.00679496449911323
1.9995 0.006102967342155316
2.0005 0.005368006265907892
2.0015 0.0048294865691667225
2.0025 0.004166835181707018
2.0035 0.003709577850011922
2.0045 0.0033172778166860217
2.0055 0.002939847254827102
2.0065 0.0025885107751894318
2.0075 0.002319369611437726
2.0085 0.0020423094924785297
2.0095 0.00187755572886499
2.0105 0.001650507178807554
2.0115 0.001506605615819902
2.0125 0.00135532678724787
2.0135 0.001210567265978778
2.0145 0.001098765998405102
2.0155 0.0009711884529444941
2.0165 0.0009207998156350679
2.0175 0.000838139336566198
2.0185 0.00074777437133182
2.0195 0.000673904363520588
2.0205 0.0006312616173079179
2.0215 0.0005688768169752879
2.0225 0.000526714846055938
2.0235 0.000485323552522612
2.0245 0.000448149292540832
2.0255 0.000401316537288756
2.0265 0.000378681712371504
2.0275 0.000346813658789224
2.0285 0.00032609800621683394
2.0295 0.00030395210917859197
2.0305 0.00028536356955900197
2.0315 0.000258348143815356
2.0325 0.000251671484911428
2.0335 0.00022898554393853198
2.0345 0.00021484460454359997
2.0355 0.000196550178357808
2.0365 0.0001901913408874
2.0375 0.000172437891122278
2.0385 0.000160025100615412
2.0395 0.000151443241355448
2.0405 0.000149455777373266
2.0415 0.00014164770375117198
2.0425 0.000130968781382644
2.0435 0.00012269154054847398
2.0445 0.000118457156884888
2.0455 0.000103866134397204
2.0465 9.654806178867e-05
2.0475 9.088810662946352e-05
2.0485 9.028672475152856e-05
2.0495 7.65284844574464e-05
2.0505 7.74457712381489e-05
2.0515 7.44549690016301e-05
2.0525 6.429438442092457e-05
2.0535 5.905058184793949e-05
2.0545 6.348061108736349e-05
2.0555 5.138984367598265e-05
2.0565 5.5870958403998496e-05
2.0575 5.42933556064993e-05
2.0585 3.5650408432915465e-05
2.0595 4.03771549817293e-05
2.0605 4.326824243869927e-05
2.0615 3.886932280692966e-05
2.0625 4.117778994745223e-05
2.0635 3.890171244550868e-05
2.0645 1.767153324400518e-05
2.0655 3.364502175551472e-05
2.0665 3.1419700637695226e-05
2.0675 2.605896350604129e-05
2.0685 1.9068721941654872e-05
2.0695 2.3386449567844197e-05
2.0705 2.3992687172888277e-05
2.0715 2.2731729550590058e-05
2.0725 1.2160791922754902e-05
2.0735 1.5542025384959164e-05
2.0745 1.1109301442035707e-05
2.0755 1.321681236883032e-05
2.0765 3.8875164862921e-06
2.0775 1.7741450121482332e-05
2.0785 1.9487942502865116e-05
2.0795 1.3346097247685122e-05
2.0805 3.618478350893105e-06
2.0815 1.122885294272469e-05
2.0825 1.0644732911544482e-05
2.0835 1.2045396343764294e-05
2.0845 8.770627923733272e-06
2.0855 9.513100256581276e-06
2.0865 9.486816854040494e-06
2.0875 1.8730895339902753e-06
2.0885 4.304762036325478e-06
2.0895 1.5706297237005623e-05
2.0905 6.009774062352515e-06
2.0915 6.8431129629161356e-06
2.0925 1.998188225005876e-06
2.0935 1.0274500377408011e-05
2.0945 3.73417904372977e-06
2.0955 2.993737746765872e-06
2.0965 6.656433977484616e-06
2.0975 6.249328098508777e-06
2.0985 5.4290473579496606e-11
2.0995 1.0215936488279349e-05
2.1005 2.495195396874793e-06
2.1015 0.0
2.1025 0.0
