Microns Throughput
2.0483000488281253 0.0
2.049300048828125 0.0
2.050300048828125 7.401443006543655e-06
2.051300048828125 4.239666520624562e-06
2.052300048828125 6.436515337922476e-06
2.053300048828125 3.8906530818662e-06
2.054300048828125 6.0747459233829346e-06
2.055300048828125 5.125440986990415e-06
2.056300048828125 5.392277088867896e-06
2.057300048828125 5.671079057082149e-06
2.058300048828125 7.287094886763053e-06
2.059300048828125 7.039320369559133e-06
2.060300048828125 9.709538249083048e-06
2.061300048828125 8.186836957668394e-06
2.062300048828125 7.555713796037189e-06
2.063300048828125 1.3281791491937394e-05
2.064300048828125 1.106130282860338e-05
2.065300048828125 1.085080271689721e-05
2.066300048828125 1.2840109342581622e-05
2.067300048828125 1.4644138358513884e-05
2.068300048828125 1.572300881544766e-05
2.069300048828125 1.8467962149335594e-05
2.070300048828125 1.6844655006922318e-05
2.071300048828125 2.312935589823582e-05
2.072300048828125 2.669123174971075e-05
2.073300048828125 3.664934757191384e-05
2.074300048828125 4.0012233079497627e-05
2.075300048828125 4.621576124433502e-05
2.076300048828125 5.821189665863729e-05
2.077300048828125 7.075055799953709e-05
2.078300048828125 9.3805840231568e-05
2.079300048828125 0.00012149815696174199
2.080300048828125 0.000163740204232534
2.081300048828125 0.000213992546567286
2.082300048828125 0.000289265924127886
2.083300048828125 0.000405959245938836
2.084300048828125 0.0005694643847498401
2.085300048828125 0.000826645407136754
2.086300048828125 0.001212000749481576
2.087300048828125 0.0018608874155688082
2.088300048828125 0.002834951512851376
2.089300048828125 0.004372819432201382
2.090300048828125 0.006857727250759662
2.091300048828125 0.010261321966528403
2.092300048828125 0.015079626624527095
2.093300048828125 0.02139644851296969
2.094300048828125 0.029015432791438693
2.095300048828125 0.03817052416401616
2.096300048828125 0.04889516609232684
2.097300048828125 0.060622426166835434
2.098300048828125 0.0714153602776568
2.099300048828125 0.08076861812706164
2.100300048828125 0.0887981659484139
2.101300048828125 0.09765834586229485
2.102300048828125 0.10894327597495297
2.103300048828125 0.12256880634656576
2.104300048828125 0.13689471342532453
2.105300048828125 0.15567187858468123
2.106300048828125 0.17673724625298315
2.107300048828125 0.20227748189305758
2.108300048828125 0.22806749008637575
2.109300048828125 0.2638895132020427
2.110300048828125 0.2988175183200135
2.111300048828125 0.3352937190754124
2.112300048828125 0.37207177340945347
2.113300048828125 0.4016352054838276
2.114300048828125 0.4282645992793566
2.115300048828125 0.4449530585576343
2.116300048828125 0.4559134943891035
2.117300048828125 0.4677073270131578
2.118300048828125 0.46818729366295725
2.119300048828125 0.4697806942322167
2.120300048828125 0.47092094283528907
2.121300048828125 0.46657050177791903
2.122300048828125 0.468362662667082
2.123300048828125 0.46632557940417707
2.124300048828125 0.4614056994325247
2.125300048828125 0.45407491664429417
2.126300048828125 0.44300637044046365
2.127300048828125 0.4253575090376606
2.128300048828125 0.3994061900997794
2.129300048828125 0.3683697425593775
2.130300048828125 0.3339006729635278
2.131300048828125 0.2981636423235803
2.132300048828125 0.26079866584737504
2.133300048828125 0.2283942726843282
2.134300048828125 0.19649053856206652
2.135300048828125 0.1684525120627968
2.136300048828125 0.14650083725445465
2.137300048828125 0.12668375089093323
2.138300048828125 0.11077321626141585
2.139300048828125 0.09680221864414734
2.140300048828125 0.08417414540953916
2.141300048828125 0.07189397803897735
2.142300048828125 0.060263808528485036
2.143300048828125 0.05038789853421338
2.144300048828125 0.04089944480561522
2.145300048828125 0.0330615921881491
2.146300048828125 0.026154316655483133
2.147300048828125 0.02000987106980352
2.148300048828125 0.015106403949771075
2.149300048828125 0.011088522123898875
2.150300048828125 0.007812066762514523
2.151300048828125 0.0053289850661743235
2.152300048828125 0.003588825232323586
2.153300048828125 0.002342925359729368
2.154300048828125 0.001543112731654488
2.155300048828125 0.0010370980518816118
2.156300048828125 0.000703421149059296
2.157300048828125 0.00048739186250480797
2.158300048828125 0.00035317302408966004
2.159300048828125 0.000254432077809104
2.160300048828125 0.00019248507349873
2.161300048828125 0.000143844850762328
2.162300048828125 0.00011083413800760001
2.163300048828125 8.624763908257599e-05
2.164300048828125 6.641340619206809e-05
2.165300048828125 5.2158800310461725e-05
2.166300048828125 4.233694047817648e-05
2.167300048828125 3.4806184912761344e-05
2.168300048828125 2.9875388971038048e-05
2.169300048828125 2.6128294660181367e-05
2.170300048828125 2.3971929228266163e-05
2.171300048828125 1.669149700429154e-05
2.172300048828125 1.724149266772266e-05
2.173300048828125 1.6727398963476135e-05
2.174300048828125 1.2848902961122443e-05
2.175300048828125 1.1037707308542414e-05
2.176300048828125 9.687479037704219e-06
2.177300048828125 9.460181548017414e-06
2.178300048828125 9.087078490768377e-06
2.179300048828125 7.655319274904402e-06
2.180300048828125 9.438483873350523e-06
2.181300048828125 9.19314488287737e-06
2.182300048828125 6.032999131028754e-06
2.183300048828125 1.099398683765181e-05
2.184300048828125 9.284970407804498e-06
2.185300048828125 6.986436879594599e-06
2.186300048828125 1.159036897204768e-05
2.187300048828125 6.504818234576271e-06
2.188300048828125 6.867629598574435e-06
2.189300048828125 9.830375553037144e-06
2.190300048828125 6.909296589480969e-06
2.191300048828125 9.83297123743624e-06
2.192300048828125 7.560230961933818e-06
2.193300048828125 9.26665958372994e-06
2.194300048828125 8.263993251413013e-06
2.195300048828125 3.428138058165517e-06
2.196300048828125 5.125349144732044e-06
2.197300048828125 1.0267891583930686e-05
2.198300048828125 9.944901490521431e-06
2.199300048828125 8.428286687496237e-06
2.200300048828125 3.380581153346392e-06
2.201300048828125 1.335443376914621e-05
2.202300048828125 8.499354664506132e-06
2.203300048828125 8.732580002628986e-06
2.204300048828125 1.0646224533680578e-05
2.205300048828125 6.4609378521835825e-06
2.206300048828125 7.075374456268521e-06
2.207300048828125 8.393863516813117e-06
2.208300048828125 9.687010863326635e-06
2.209300048828125 4.987182616911093e-06
2.210300048828125 4.499608595388226e-06
2.211300048828125 7.309527988972284e-06
2.212300048828125 1.004579256578305e-05
2.213300048828125 8.333688712081075e-06
2.214300048828125 7.012054038443397e-06
2.215300048828125 7.926190549445617e-06
2.216300048828125 1.2261866631318627e-05
2.217300048828125 7.632290699681504e-06
2.218300048828125 6.612515935549298e-06
2.219300048828125 7.160477855230136e-06
2.220300048828125 1.2119548531076642e-05
2.221300048828125 7.978468786392272e-06
2.222300048828125 7.340856013394529e-06
2.223300048828125 6.583022382761689e-06
2.224300048828125 6.062853040248417e-06
2.225300048828125 6.3395393042110276e-06
2.226300048828125 7.036326956199935e-06
2.227300048828125 6.049879228429306e-06
2.228300048828125 8.1725125787471e-06
2.229300048828125 1.3655023351363861e-05
2.230300048828125 8.050444381740031e-06
2.231300048828125 9.581927363079288e-06
2.232300048828125 1.261276918910068e-05
2.233300048828125 7.824005414346673e-06
2.234300048828125 7.227151899754287e-06
2.235300048828125 1.0325016193554014e-05
2.236300048828125 7.618259012206167e-06
2.237300048828125 1.0726943871312632e-05
2.238300048828125 8.360880852881364e-06
2.239300048828125 7.767270600323452e-06
2.240300048828125 3.124038046459427e-06
2.241300048828125 5.938250505857304e-06
2.242300048828125 8.97677329871703e-06
2.243300048828125 1.0454403621352354e-05
2.244300048828125 1.1203628585897035e-05
2.245300048828125 1.1308762523131882e-05
2.246300048828125 8.74135214982639e-06
2.247300048828125 1.1002434004678976e-05
2.248300048828125 3.063042415455442e-06
2.249300048828125 1.0965659858298552e-05
2.250300048828125 4.972676597144625e-06
2.2513000488281247 0.0
2.2523000488281246 0.0
