Microns Throughput
0.398 0.0
0.399 0.0
0.4 0.0
0.401 0.0
0.402 0.0
0.403 0.0
0.404 0.0
0.405 0.0
0.406 0.0
0.407 0.0
0.408 0.0
0.409 0.0
0.41 0.0
0.411 0.0
0.412 0.0
0.413 0.0
0.414 0.0
0.415 0.0
0.416 0.0
0.417 0.0
0.418 0.0
0.419 0.0
0.42 0.0
0.421 0.0
0.422 0.0
0.423 0.0
0.424 0.0
0.425 0.0
0.426 0.0
0.427 0.0
0.428 0.0
0.429 0.0
0.43 0.0
0.431 0.0
0.432 0.0
0.433 0.0
0.434 0.0
0.435 0.0
0.436 0.0
0.437 0.0
0.438 0.0
0.439 0.0
0.44 0.0
0.441 0.0
0.442 0.0
0.443 0.0
0.444 0.0
0.445 0.0
0.446 0.0
0.447 0.0
0.448 0.0
0.449 0.0
0.45 0.0
0.451 0.0
0.452 0.0
0.453 0.0
0.454 0.0
0.455 0.0
0.456 0.0
0.457 0.0
0.458 0.0
0.459 0.0
0.46 0.0
0.461 0.0
0.462 0.0
0.463 0.0
0.464 0.0
0.465 0.0
0.466 0.0
0.467 0.0
0.468 0.0
0.469 0.0
0.47 0.0
0.471 0.0
0.472 0.0
0.473 0.0
0.474 0.0
0.475 0.0
0.476 0.0
0.477 0.0
0.478 0.0
0.479 0.0
0.48 0.0
0.481 0.0
0.482 0.0
0.483 0.0
0.484 0.0
0.485 0.0
0.486 0.0
0.487 0.0
0.488 0.0
0.489 0.0
0.49 0.0
0.491 0.0
0.492 0.0
0.493 0.0
0.494 0.0
0.495 0.0
0.496 0.0
0.497 0.0
0.498 0.0
0.499 0.0
0.5 0.0
0.501 0.0
0.502 0.0
0.503 0.0
0.504 0.0
0.505 0.0
0.506 0.0
0.507 0.0
0.508 0.0
0.509 0.0
0.51 0.0
0.511 0.0
0.512 0.0
0.513 0.0
0.514 0.0
0.515 0.0
0.516 0.0
0.517 0.0
0.518 0.0
0.519 0.0
0.52 0.0
0.521 0.0
0.522 0.0
0.523 0.0
0.524 0.0
0.525 1.500249456587265e-07
0.526 6.348406667695963e-07
0.527 1.1016921302390094e-06
0.528 1.3943402359071383e-06
0.529 1.4329591421404754e-06
0.53 1.3215383456457064e-06
0.531 1.2329052230124729e-06
0.532 1.2067048784745821e-06
0.533 1.2367590833996224e-06
0.534 1.2915249241427198e-06
0.535 1.4808980988332832e-06
0.536 1.8247113306820236e-06
0.537 2.417215045925476e-06
0.538 3.334150620990789e-06
0.539 5.068599037961732e-06
0.54 7.891304337577874e-06
0.541 1.1213484221175913e-05
0.542 1.3069631296223814e-05
0.543 1.2475604984542602e-05
0.544 9.944829239431028e-06
0.545 7.21436106693258e-06
0.546 5.106991858562755e-06
0.547 3.90188427497078e-06
0.548 3.2494404410538775e-06
0.549 2.9237846185655696e-06
0.55 2.891218250365203e-06
0.551 3.115301376106204e-06
0.552 3.438236281574492e-06
0.553 3.869987878998903e-06
0.554 4.375710122600103e-06
0.555 4.8543601848993635e-06
0.556 5.0026177019084665e-06
0.557 5.064171814330346e-06
0.558 4.324716133550601e-06
0.559 3.044255998366211e-06
0.56 3.01463513184163e-06
0.561 3.4143506463157436e-06
0.562 3.2512306660813558e-06
0.563 3.0239083022928746e-06
0.564 3.345304829623858e-06
0.565 3.808064018164378e-06
0.566 4.210252811724273e-06
0.567 4.271233363996918e-06
0.568 4.480597856540451e-06
0.569 4.702681865346048e-06
0.57 4.632287176334692e-06
0.571 4.888730766802781e-06
0.572 5.785717014388921e-06
0.573 6.881687044300978e-06
0.574 7.479703089851843e-06
0.575 8.343419543432623e-06
0.576 1.0050029931087511e-05
0.577 1.1525160482078775e-05
0.578 1.2123229629128892e-05
0.579 1.26914572340201e-05
0.58 1.4078120027998528e-05
0.581 1.732237433682857e-05
0.582 2.3359323334320148e-05
0.583 3.5089232438711456e-05
0.584 6.258790651791228e-05
0.585 0.000128714400010581
0.586 0.00023883235124210001
0.587 0.00032187127250901703
0.588 0.000302517232139892
0.589 0.00019889446694856198
0.59 0.00010556566004245801
0.591 5.957854191317501e-05
0.592 4.155892612139523e-05
0.593 3.191727222201993e-05
0.594 2.6615659351818053e-05
0.595 2.6053236543128603e-05
0.596 2.4416500589517112e-05
0.597 2.5099806377411443e-05
0.598 2.727026350414037e-05
0.599 2.8369780065143487e-05
0.6 3.08104211914525e-05
0.601 3.440720341372269e-05
0.602 3.9973056341235197e-05
0.603 4.8810861284281886e-05
0.604 5.951723035651833e-05
0.605 6.910460628285005e-05
0.606 7.958690658364601e-05
0.607 8.8945115894173e-05
0.608 9.1551950586789e-05
0.609 8.8559182424405e-05
0.61 8.171421394952201e-05
0.611 7.239209973611858e-05
0.612 6.136638578271852e-05
0.613 5.225139982273017e-05
0.614 4.4770962076636456e-05
0.615 4.029849655764191e-05
0.616 3.653007294717381e-05
0.617 3.448074022677863e-05
0.618 3.410877332844752e-05
0.619 3.182093891397582e-05
0.62 2.963127265648878e-05
0.621 2.829609286760568e-05
0.622 3.1680643453488e-05
0.623 3.4094984361102635e-05
0.624 3.7997254330573165e-05
0.625 4.525533144662315e-05
0.626 5.599845528140273e-05
0.627 7.32023445732672e-05
0.628 0.000102718439479194
0.629 0.000151401143336135
0.63 0.00022606333169520102
0.631 0.00031943426576738597
0.632 0.00038922418726013906
0.633 0.00039355693841279196
0.634 0.00033515471421509
0.635 0.000260874509847413
0.636 0.000202645846895338
0.637 0.00016918907398354502
0.638 0.000152559559349505
0.639 0.000147601528501812
0.64 0.000156114691989795
0.641 0.000172667569639103
0.642 0.000196342400271402
0.643 0.00022129294453812701
0.644 0.00024159947410529702
0.645 0.000244709466054977
0.646 0.000223315582635299
0.647 0.00018636597441438902
0.648 0.000146074390734503
0.649 0.000116228315358309
0.65 9.4390399466517e-05
0.651 7.7853451181429e-05
0.652 6.738807877523717e-05
0.653 6.49406602078168e-05
0.654 6.426852687550032e-05
0.655 6.629136741496703e-05
0.656 7.168120843669734e-05
0.657 8.431299790382701e-05
0.658 9.9515951972052e-05
0.659 0.00011998280825946801
0.66 0.000144571491161559
0.661 0.000170135817690839
0.662 0.000179824673112315
0.663 0.000171640520829701
0.664 0.00015373044615266799
0.665 0.000135304883981267
0.666 0.000116572194003111
0.667 0.00010069564503298301
0.668 9.324237959359401e-05
0.669 8.9226088764505e-05
0.67 8.8400062769403e-05
0.671 8.920535398082001e-05
0.672 9.899634897937402e-05
0.673 0.00011474714593727
0.674 0.00013635094780769
0.675 0.000156883283865154
0.676 0.0001766868961011
0.677 0.00018872240572631602
0.678 0.00019353869752609698
0.679 0.000185222446012065
0.68 0.000165406864655186
0.681 0.000137538309321105
0.682 0.00011624685330427401
0.683 0.000108740068200841
0.684 0.00010510686091205301
0.685 0.00010102200570385
0.686 9.788019361928501e-05
0.687 0.00010089518660975601
0.688 0.00010647166743136
0.689 0.000110540675810796
0.69 0.00011891338633867
0.691 0.000126979007177176
0.692 0.00012800544696909202
0.693 0.000122009937767025
0.694 0.00011312347919403301
0.695 0.00010195272321203201
0.696 8.7453872854733e-05
0.697 7.7355927498465e-05
0.698 7.076471940204437e-05
0.699 6.572922959835253e-05
0.7 6.104888900788332e-05
0.701 5.547211772694152e-05
0.702 5.2754901302420254e-05
0.703 5.570007754282765e-05
0.704 6.443406659480313e-05
0.705 7.53716831010286e-05
0.706 8.9021100505799e-05
0.707 0.000104752141345852
0.708 0.00012463951093132
0.709 0.00015751867082297501
0.71 0.000219446070387544
0.711 0.000321698328029309
0.712 0.000476079765331863
0.713 0.0006863992494359
0.714 0.0009706536011086529
0.715 0.001261429810430097
0.716 0.0014362811898378021
0.717 0.001355306021224694
0.718 0.001091005870683883
0.719 0.000794374086965382
0.72 0.0005605404315365469
0.721 0.00038730581750707
0.722 0.00026761521786468703
0.723 0.000198583619411947
0.724 0.000145354434437058
0.725 0.000110622383618362
0.726 8.8486408315536e-05
0.727 7.454572633699795e-05
0.728 6.023341604640322e-05
0.729 4.658539623404029e-05
0.73 4.261381628451434e-05
0.731 4.0624498340025505e-05
0.732 3.840565481533738e-05
0.733 3.5112773758208735e-05
0.734 3.867643383231791e-05
0.735 4.0208268232576774e-05
0.736 3.629656167352351e-05
0.737 3.818228752907296e-05
0.738 4.6859366251040204e-05
0.739 5.9045213760487475e-05
0.74 6.495770014577795e-05
0.741 8.1145564655001e-05
0.742 0.000107109567562074
0.743 0.000154443496913475
0.744 0.00023040699035823702
0.745 0.000350090235513018
0.746 0.000523730820577349
0.747 0.0007512756049722001
0.748 0.000987660118517534
0.749 0.0011584571399049879
0.75 0.0012307087421918519
0.751 0.0012788456981241481
0.752 0.001498010124824752
0.753 0.002027178859268794
0.754 0.002613850395062676
0.755 0.002611275392581856
0.756 0.001851984650713736
0.757 0.000913783573745966
0.758 0.000375080873664882
0.759 0.00018458493425864802
0.76 0.00010523119890668001
0.761 5.947844712541082e-05
0.762 3.565127961646318e-05
0.763 2.8932876643726795e-05
0.764 2.0093781671390774e-05
0.765 1.133261905751097e-05
0.766 1.0909276585004837e-05
0.767 1.1655175258570895e-05
0.768 1.1442025814641345e-05
0.769 7.852066154112275e-06
0.77 8.152555631648545e-06
0.771 6.818463007463003e-06
0.772 8.598771239532085e-06
0.773 8.323563383925264e-06
0.774 3.745879974041669e-06
0.775 4.9031518572007986e-06
0.776 7.0988988979302425e-06
0.777 1.293605918093854e-05
0.778 5.035098450704165e-06
0.779 5.848262710636137e-06
0.78 8.185173559891457e-06
0.781 1.2093681672348897e-05
0.782 6.8925824060804146e-06
0.783 1.3331066101788922e-05
0.784 1.3356073955433463e-05
0.785 1.0313641912629948e-05
0.786 8.901073623526617e-06
0.787 1.3882164023581598e-05
0.788 2.159317350193941e-05
0.789 4.0016889826775026e-05
0.79 7.8507884726194e-05
0.791 0.00011962602204460599
0.792 0.00013892607764458498
0.793 0.00011432633834036799
0.794 7.599586480372519e-05
0.795 5.091384597758994e-05
0.796 3.746427267146008e-05
0.797 -6.446811565945319e-05
0.798 0.00026556067043352003
0.799 0.00077254414936314
0.8 0.001639311437437982
0.801 0.001206874410854343
0.802 0.001791671505861006
0.803 0.001604543394481181
0.804 0.001635973243226784
0.805 0.000343771221377584
0.806 0.00013245640752374802
0.807 0.00060174736102173
0.808 0.001377195671100942
0.809 0.0015303961641920491
0.81 0.000745607290092049
0.811 0.000946837508751519
0.812 0.000883598676270156
0.813 0.0012861421985643
0.814 0.0012258642488030401
0.815 0.0013703280516741971
0.816 0.000959957146076467
0.817 0.00107827808513733
0.818 0.001002688448309086
0.819 0.0008081914226887271
0.82 0.001120430639962942
0.821 0.0018190742702143552
0.822 0.001522417319150959
0.823 0.000454528588185749
0.824 -0.000286125388653412
0.825 0.000192415056163946
0.826 0.001208657945092521
0.827 0.00149360355258037
0.828 0.0006664620299561071
0.829 4.1502613083099104e-06
0.83 0.000433357945148898
0.831 0.0008335524939691951
0.832 0.001073190599815488
0.833 0.0009430831541844021
0.834 0.0009201637107834711
0.835 0.00083764867287948
0.836 0.000891629258077789
0.837 0.000829544526217792
0.838 0.001037898668322593
0.839 0.001072073937117491
0.84 0.0008645307373692221
0.841 0.000705179807238445
0.842 0.000846913623976189
0.843 0.0007425086643877211
0.844 0.000639911490949808
0.845 0.000577984172945872
0.846 0.0007214508396879629
0.847 0.000996301354768258
0.848 0.0011007840007244852
0.849 0.000814377632366683
0.85 0.00070936227266212
0.851 0.0009114215478378781
0.852 0.001056240051560617
0.853 0.001076239600621031
0.854 0.0012518479855118162
0.855 0.000838740529924066
0.856 0.00047119836643333304
0.857 0.000293562724808276
0.858 0.0007583038892452101
0.859 0.000949977987605416
0.86 0.0012795706472910901
0.861 0.000841745054749368
0.862 0.000672571009178068
0.863 0.00047065051916344
0.864 0.000865753477262443
0.865 0.0009171020613450851
0.866 0.0010224560971072141
0.867 0.000582393711466336
0.868 0.000711852483189694
0.869 0.00095673546484362
0.87 0.001147511200704253
0.871 0.0009062814726263761
0.872 0.001022665883201809
0.873 0.001026651850671832
0.874 0.0008902678078742141
0.875 0.0008797971414179639
0.876 0.000979607431991419
0.877 0.001003439654161868
0.878 0.0009418688339879281
0.879 0.000903219281452026
0.88 0.000818471287088301
0.881 0.000708397851075376
0.882 0.0006869209442374511
0.883 0.000725884808877151
0.884 0.0006489306251825321
0.885 0.000531766233268347
0.886 0.0005945000105915641
0.887 0.0007426567930130581
0.888 0.000645343196205862
0.889 0.000531717454072651
0.89 0.000681084134033996
0.891 0.0007887329355011261
0.892 0.000768737985118334
0.893 0.0008067663909768541
0.894 0.0008970351173191101
0.895 0.0009219807046164331
0.896 0.000913584722722056
0.897 0.000864240968593079
0.898 0.0008461087260200961
0.899 0.0008483776422895619
0.9 0.0008993231203133099
0.901 0.000995709831649687
0.902 0.001028475431233096
0.903 0.000996815961088871
0.904 0.000952780413311034
0.905 0.000946041363352008
0.906 0.0008380757784152601
0.907 0.0007255424956549001
0.908 0.000747349970408965
0.909 0.000798435962920134
0.91 0.0007331743096548641
0.911 0.000619151583895614
0.912 0.000642561942667645
0.913 0.0007631886578446129
0.914 0.00073265703694106
0.915 0.000639189672310574
0.916 0.000512979605228244
0.917 0.00040799848910174204
0.918 0.000422152534903099
0.919 0.000538391548265109
0.92 0.000609943422205964
0.921 0.0005744988554101721
0.922 0.000544552796957246
0.923 0.0006177405549518281
0.924 0.000732352307889587
0.925 0.0008174450763467451
0.926 0.000826737909965352
0.927 0.000948937366968899
0.928 0.001079276469182989
0.929 0.001191697391648995
0.93 0.001220463774690699
0.931 0.0013041562811320119
0.932 0.00147010456321267
0.933 0.0016288918531062102
0.934 0.001707351001081803
0.935 0.0017506477588336662
0.936 0.0018446824928609
0.937 0.0019642072131554177
0.938 0.002059490565060467
0.939 0.002135041813523542
0.94 0.002159876149636359
0.941 0.002157155805291795
0.942 0.002157278916389366
0.943 0.0021969175199402203
0.944 0.0021669259655378724
0.945 0.0021297898796586723
0.946 0.002081470600907929
0.947 0.002022339398204202
0.948 0.001937056343370148
0.949 0.001865141502012789
0.95 0.001782524921615669
0.951 0.0016938295565269539
0.952 0.001644418739780971
0.953 0.001580777160317432
0.954 0.001484312355026732
0.955 0.001423928483133387
0.956 0.001385824848706452
0.957 0.001338705395328455
0.958 0.001291741429191521
0.959 0.00128310235345138
0.96 0.001279302734214505
0.961 0.00131455991044147
0.962 0.001399969384498146
0.963 0.001505145507549299
0.964 0.0015677382583632771
0.965 0.00168064674677746
0.966 0.0018499920842983582
0.967 0.002052943650133684
0.968 0.002268606099147927
0.969 0.002557221818928546
0.97 0.0029617591800998743
0.971 0.003418485383394774
0.972 0.003958428304434296
0.973 0.004630681892841928
0.974 0.005463926447128226
0.975 0.006406139481606172
0.976 0.007614887747051585
0.977 0.00905419561652529
0.978 0.010757885276208223
0.979 0.012723808612735144
0.98 0.015213556658133833
0.981 0.017947095377974225
0.982 0.02118477983757497
0.983 0.024837846249477567
0.984 0.028992081081203165
0.985 0.03393560514705623
0.986 0.03912860323321388
0.987 0.044758718624302224
0.988 0.05074776974343884
0.989 0.05787288604200465
0.99 0.06531252377703207
0.991 0.07298747159037342
0.992 0.08208885516309332
0.993 0.09088911180857531
0.994 0.09970513978334779
0.995 0.10856925760801259
0.996 0.1192077958490778
0.997 0.1297111062668884
0.998 0.1403373523890036
0.999 0.15079694847312428
1.0 0.1604685851163927
1.001 0.16989580945375463
1.002 0.17942815908214005
1.003 0.18908355221774895
1.004 0.19876184566724978
1.005 0.20742291564801116
1.006 0.21543276338104506
1.007 0.22214037517287386
1.008 0.22911857593289148
1.009 0.2354641105645364
1.01 0.24153971298092497
1.011 0.24779681049517727
1.012 0.25317692144244186
1.013 0.2582138107696551
1.014 0.26258206684564833
1.015 0.26682274708493353
1.016 0.2696087365299267
1.017 0.2724748336904362
1.018 0.2758828533064324
1.019 0.27901882919334225
1.02 0.2822112542414927
1.021 0.28513538390458343
1.022 0.28756187960802976
1.023 0.2887668672091647
1.024 0.2899893699845808
1.025 0.2907547132365588
1.026 0.29134438539176366
1.027 0.2924366500806155
1.028 0.29414653678732305
1.029 0.29569006117619717
1.03 0.29683069232764087
1.031 0.29804333536928274
1.032 0.298914258920343
1.033 0.2993231080653569
1.034 0.30047141154365004
1.035 0.30143594656744277
1.036 0.30256336347267193
1.037 0.3037405644594049
1.038 0.30453764497031954
1.039 0.30448830365225243
1.04 0.3041146575014307
1.041 0.30432244673647174
1.042 0.30472777098167964
1.043 0.3061677179189862
1.044 0.3075379907376441
1.045 0.3078895658616198
1.046 0.30806214439877977
1.047 0.30843268952912356
1.048 0.30933397754996694
1.049 0.30944824668892695
1.05 0.30930134752492594
1.051 0.3093076360594816
1.052 0.31009680832317726
1.053 0.3113226182712971
1.054 0.31160909702957573
1.055 0.3112160237470783
1.056 0.3103187746905721
1.057 0.31006208101911836
1.058 0.3102302995828478
1.059 0.31052723898559464
1.06 0.3111429848931928
1.061 0.3114342622509624
1.062 0.3117953276727347
1.063 0.3119956439341887
1.064 0.3119831883474057
1.065 0.31174792490044795
1.066 0.3119200811392706
1.067 0.3127900868089111
1.068 0.3134505948907277
1.069 0.31402168854601176
1.07 0.31348962520846935
1.071 0.31316183774797063
1.072 0.3129169248739181
1.073 0.3134838911310564
1.074 0.3143298297313344
1.075 0.31563901569161484
1.076 0.31734128425900054
1.077 0.3187180064457233
1.078 0.3199167690065078
1.079 0.3206785904348439
1.08 0.3219591982386359
1.081 0.3230985595623297
1.082 0.32382029682952057
1.083 0.32423889069142264
1.084 0.3249470997902259
1.085 0.3261750342296555
1.086 0.327394628342071
1.087 0.32861226859911336
1.088 0.3290294969231514
1.089 0.32879276200417046
1.09 0.3285448479707114
1.091 0.3296904359233234
1.092 0.33170186757483716
1.093 0.33294101178090113
1.094 0.3334006883553855
1.095 0.33313386901928427
1.096 0.33320593208225807
1.097 0.3333033152771972
1.098 0.3339764344663425
1.099 0.33478434905247545
1.1 0.3354413361772499
1.101 0.3361918414051114
1.102 0.3366866213690589
1.103 0.3368944239999239
1.104 0.3368960016052856
1.105 0.3368884268517982
1.106 0.3371342788402747
1.107 0.337679384569784
1.108 0.3388239420916056
1.109 0.3389448250232375
1.11 0.33893598899780897
1.111 0.3389412513748409
1.112 0.33918837746380365
1.113 0.33910493422258875
1.114 0.3392504490774976
1.115 0.3399905884599718
1.116 0.34028400192053476
1.117 0.3406500570796574
1.118 0.3409824804403558
1.119 0.3410535743209319
1.12 0.34028282903337176
1.121 0.3395314537834823
1.122 0.33939958801019876
1.123 0.33903075887836276
1.124 0.339072417275886
1.125 0.33984219412606526
1.126 0.34047093215439467
1.127 0.3400804823957263
1.128 0.33935556219868374
1.129 0.3390231113827502
1.13 0.33947510313953805
1.131 0.34069698022143924
1.132 0.3413126124284919
1.133 0.3411342560183258
1.134 0.34088289150546563
1.135 0.34088241463806973
1.136 0.34140049481835466
1.137 0.34198584722107744
1.138 0.34261792889704057
1.139 0.3428512079621319
1.14 0.3438920341397276
1.141 0.3455236516847648
1.142 0.34722990224473166
1.143 0.34833034397935564
1.144 0.34843166355260563
1.145 0.34855058774442593
1.146 0.3492822092692171
1.147 0.35055148846091516
1.148 0.3521420092559544
1.149 0.35256362493682
1.15 0.3529567095616313
1.151 0.35339031977105667
1.152 0.3544013276217926
1.153 0.35492193466167987
1.154 0.3553666346693708
1.155 0.3560473526567114
1.156 0.35655284457276265
1.157 0.3576473963742932
1.158 0.3586840282254511
1.159 0.3596199179170844
1.16 0.3593388500953191
1.161 0.35916000538736276
1.162 0.3594737211993128
1.163 0.3605263322336984
1.164 0.36130914897799016
1.165 0.3619370589583919
1.166 0.3621534248336376
1.167 0.36213459344005866
1.168 0.3617746893489635
1.169 0.36199218576640874
1.17 0.36187694883280647
1.171 0.36168709832599955
1.172 0.361136841071545
1.173 0.3613594043631042
1.174 0.361048177543791
1.175 0.36019736429249666
1.176 0.35844974580916644
1.177 0.3563635484319614
1.178 0.35445745240961346
1.179 0.3519821862116845
1.18 0.3491360505650001
1.181 0.3458234169818434
1.182 0.341384859766719
1.183 0.33546069986553495
1.184 0.3277672050520142
1.185 0.3202292114331836
1.186 0.31166601698414015
1.187 0.30206686455298815
1.188 0.2912646116507268
1.189 0.2810609264282872
1.19 0.2712680197666525
1.191 0.26035333217916024
1.192 0.24950953906912574
1.193 0.2391370242095889
1.194 0.2299253627168046
1.195 0.2220146255048358
1.196 0.21557067239963834
1.197 0.21092978566123372
1.198 0.20930552932072793
1.199 0.2099683762953604
1.2 0.21144810514433676
1.201 0.21391552504073721
1.202 0.21854098081469686
1.203 0.22534841175940246
1.204 0.23336891510732624
1.205 0.24213625791422455
1.206 0.2523130735081567
1.207 0.2628130884312279
1.208 0.27343524428184185
1.209 0.2844224069381277
1.21 0.2967281265427679
1.211 0.30810242669628046
1.212 0.318229257243209
1.213 0.3282193227132258
1.214 0.3370927344817543
1.215 0.34460153948254413
1.216 0.3508878821349025
1.217 0.3570009461419596
1.218 0.36270548257682195
1.219 0.36711351745279996
1.22 0.36985927141233266
1.221 0.37142422544168574
1.222 0.3729329915737906
1.223 0.374568201028618
1.224 0.37502176181133273
1.225 0.375406731130106
1.226 0.3757368223456979
1.227 0.37663380581906597
1.228 0.37702286026551113
1.229 0.37701598752660653
1.23 0.3765165264309145
1.231 0.37595740716981185
1.232 0.3763388480978434
1.233 0.3770948741816356
1.234 0.377660277423125
1.235 0.3776681016960994
1.236 0.37763041688302323
1.237 0.3779525269199734
1.238 0.3779188184198805
1.239 0.3777943005553247
1.24 0.37780881225030466
1.241 0.3784467193496781
1.242 0.3792552720906476
1.243 0.3796786828006287
1.244 0.3799169510439209
1.245 0.3794108262382796
1.246 0.37949278746237386
1.247 0.37932017087264913
1.248 0.37955481741275376
1.249 0.38005158976018805
1.25 0.38074368846692064
1.251 0.3810348050936144
1.252 0.3811277625787015
1.253 0.38144617205946507
1.254 0.3811618580698517
1.255 0.38118454217268516
1.256 0.38111838124002684
1.257 0.38119479343745954
1.258 0.38141579576533563
1.259 0.38201791910165195
1.26 0.38261084605860424
1.261 0.3828637902991826
1.262 0.3829068756534214
1.263 0.3827434298873212
1.264 0.38287169003969046
1.265 0.3835196371076503
1.266 0.3841350903595677
1.267 0.38469684068485727
1.268 0.3845260703360526
1.269 0.38409608218928554
1.27 0.38369269471462353
1.271 0.38397755419341356
1.272 0.3841516180445771
1.273 0.3841992851184321
1.274 0.38431099658662365
1.275 0.38451061277501725
1.276 0.38469269454852073
1.277 0.38503775911430294
1.278 0.38503029801140914
1.279 0.3844328495971524
1.28 0.3839045355052577
1.281 0.384344492186996
1.282 0.3848619623967197
1.283 0.3854240370935146
1.284 0.3856223617353069
1.285 0.38586179035478413
1.286 0.385481310849435
1.287 0.3849882222704648
1.288 0.38473611375325073
1.289 0.38470020733046734
1.29 0.3844848638794956
1.291 0.38428333008146176
1.292 0.38463166189690506
1.293 0.3848788491721783
1.294 0.3846223068579542
1.295 0.3836018084850309
1.296 0.38275397046749665
1.297 0.38355721195159
1.298 0.38537665758436446
1.299 0.3872603663239016
1.3 0.38754818800567215
1.301 0.38725726907938035
1.302 0.38618557032737116
1.303 0.385816369223984
1.304 0.3856181794113803
1.305 0.3860908532608917
1.306 0.38623880771676683
1.307 0.38649982996625964
1.308 0.3865134149556413
1.309 0.38711208700978045
1.31 0.38737991817039313
1.311 0.3881283126257072
1.312 0.38859353161563515
1.313 0.38904064468120525
1.314 0.38951379760669785
1.315 0.3908267954586983
1.316 0.3918127401138691
1.317 0.39191889038925315
1.318 0.39161218092489913
1.319 0.3922797709894855
1.32 0.39306545316614955
1.321 0.3933530594083586
1.322 0.3927814358177614
1.323 0.3932290865223848
1.324 0.39426859755113675
1.325 0.3952225872396796
1.326 0.3951684019058915
1.327 0.3947252265333742
1.328 0.3942900976040187
1.329 0.39412585223896646
1.33 0.39493048710823536
1.331 0.39597808366197074
1.332 0.3967821208507778
1.333 0.3966263725337915
1.334 0.3960510775284985
1.335 0.3953803308230457
1.336 0.39563159157638117
1.337 0.3966414891903861
1.338 0.39732463879981483
1.339 0.3975109450799405
1.34 0.39778612924952805
1.341 0.3983542285076254
1.342 0.3989913837398492
1.343 0.3992697363368399
1.344 0.399234421989183
1.345 0.3990817791126679
1.346 0.39921446372926184
1.347 0.39974214965378013
1.348 0.4009894147609554
1.349 0.4018642531782232
1.35 0.40145312917117937
1.351 0.4005925925009185
1.352 0.40024083258078313
1.353 0.4005834156687279
1.354 0.401962021273426
1.355 0.40282538866779105
1.356 0.4027066575466947
1.357 0.4025687727192105
1.358 0.40316009505997114
1.359 0.4028903072010893
1.36 0.40194192828874464
1.361 0.4014182232868589
1.362 0.40211585896295443
1.363 0.40310205413489264
1.364 0.4038319047907012
1.365 0.40352144375562504
1.366 0.4026685864585492
1.367 0.4009500452652438
1.368 0.3998722698196651
1.369 0.39967833918308643
1.37 0.40036549647968545
1.371 0.40051570689158605
1.372 0.399675805759337
1.373 0.3979252991167392
1.374 0.39601464095716543
1.375 0.3949716000310677
1.376 0.3945685020761738
1.377 0.3939586130522225
1.378 0.3926559270462212
1.379 0.3914816592214494
1.38 0.3908410116175026
1.381 0.38993539782470643
1.382 0.38892449375310867
1.383 0.38776663021001045
1.384 0.3866408158461522
1.385 0.38634744147119054
1.386 0.38696106111599876
1.387 0.3874399025133397
1.388 0.38697766536761224
1.389 0.3866637254132517
1.39 0.38673125176508977
1.391 0.38727389812538054
1.392 0.38732300293399663
1.393 0.38817492003527676
1.394 0.38940424706454096
1.395 0.39066458530394643
1.396 0.3906447100768352
1.397 0.39086137862634157
1.398 0.3915721703591703
1.399 0.39238426495251066
1.4 0.3930618121318995
1.401 0.39396672123962395
1.402 0.39475214832617905
1.403 0.3952127738361969
1.404 0.395846206069278
1.405 0.39629780223528766
1.406 0.396039862976599
1.407 0.39626639491433796
1.408 0.3972286092911612
1.409 0.3984087212545408
1.41 0.39911064515547245
1.411 0.4002169939206035
1.412 0.40151426271119517
1.413 0.40238364280406863
1.414 0.40279387604377026
1.415 0.40259556404794666
1.416 0.40316648901972757
1.417 0.4044932986516424
1.418 0.4056201040772087
1.419 0.40576608414881926
1.42 0.4049190375962629
1.421 0.4043808364497593
1.422 0.40327446410535295
1.423 0.40235514382153437
1.424 0.40063866973221596
1.425 0.3989950087972486
1.426 0.39715680007242843
1.427 0.39489157212107695
1.428 0.3916056976112248
1.429 0.3877513320145981
1.43 0.3840948644778943
1.431 0.3795258212255532
1.432 0.3743323775805319
1.433 0.36919699164589354
1.434 0.3638681500170934
1.435 0.3579115082300738
1.436 0.35096589169467673
1.437 0.345238939148322
1.438 0.3382637661804465
1.439 0.3303248343891738
1.44 0.32127425993006264
1.441 0.313713679937482
1.442 0.3064709030590096
1.443 0.29834876294599083
1.444 0.2897097586485823
1.445 0.28131679910751717
1.446 0.2730813896570138
1.447 0.26583270435531786
1.448 0.2593171142603471
1.449 0.25398200044444397
1.45 0.24860194148025153
1.451 0.24424257988291156
1.452 0.2403307441527337
1.453 0.236901697071269
1.454 0.23490428919933914
1.455 0.2345325965197934
1.456 0.23556517952708086
1.457 0.2370685661188333
1.458 0.2400223165485038
1.459 0.24453250686745612
1.46 0.2504058678648848
1.461 0.25681928688922434
1.462 0.26370238774245713
1.463 0.2718692776883901
1.464 0.28112437730261725
1.465 0.29259256237881576
1.466 0.30392558001276415
1.467 0.31550304662519835
1.468 0.324879936713442
1.469 0.33501405575403426
1.47 0.34510315611059794
1.471 0.3558181511154442
1.472 0.3667871990771605
1.473 0.37668915866283287
1.474 0.386322389191382
1.475 0.39351941623697945
1.476 0.4008373278597611
1.477 0.40605048812880057
1.478 0.4108353159853342
1.479 0.4146035707403392
1.48 0.41878777012495116
1.481 0.4218939783904711
1.482 0.42444175336071605
1.483 0.42669041061892343
1.484 0.42859659584474114
1.485 0.4287971435355845
1.486 0.428763366265903
1.487 0.42814307306894545
1.488 0.42869497841356885
1.489 0.42939937703732894
1.49 0.4308082729369996
1.491 0.4314672030030757
1.492 0.43160334560767893
1.493 0.4311374246146257
1.494 0.4300383812700438
1.495 0.4293719264083217
1.496 0.42901406675750453
1.497 0.43013634451415883
1.498 0.4307203729809339
1.499 0.43136866629427534
1.5 0.43094640940999324
1.501 0.43097678356031266
1.502 0.4309088969503134
1.503 0.4307112826658435
1.504 0.4307624511702673
1.505 0.4317753838169684
1.506 0.4331511088198992
1.507 0.43332840147397206
1.508 0.4337955075952507
1.509 0.434259313962631
1.51 0.43426398481780176
1.511 0.43438674566598534
1.512 0.43466073352470574
1.513 0.4353463846402554
1.514 0.4360074025909627
1.515 0.43666647782643786
1.516 0.43734185184379176
1.517 0.43772742698435335
1.518 0.43762271924247964
1.519 0.4363886102126928
1.52 0.4357574154049218
1.521 0.4355901456949484
1.522 0.43612105609003793
1.523 0.4376418460972149
1.524 0.43873810371297917
1.525 0.4384945146606114
1.526 0.43836451116574815
1.527 0.4384389497512388
1.528 0.439599310899573
1.529 0.43983572158669765
1.53 0.44055906342665674
1.531 0.4405584992655527
1.532 0.4413040567083449
1.533 0.44136036983037286
1.534 0.440921232922088
1.535 0.44066744421392623
1.536 0.4405482552031329
1.537 0.4410207221072619
1.538 0.44189953246500313
1.539 0.44273352520554876
1.54 0.4428152083383974
1.541 0.44250670077269405
1.542 0.4420721361951702
1.543 0.4407272113065556
1.544 0.43996044324000316
1.545 0.43975014475062346
1.546 0.4411225407270181
1.547 0.4414338700552822
1.548 0.4419908732013003
1.549 0.44181934142907753
1.55 0.4415660671131665
1.551 0.44086596632156316
1.552 0.44093948448899156
1.553 0.44165927186234366
1.554 0.4419896752326525
1.555 0.44296569684795684
1.556 0.44377994084316175
1.557 0.44357142846909087
1.558 0.44228923486540134
1.559 0.4412178363196639
1.56 0.44132447425083515
1.561 0.4419254477916768
1.562 0.4425413548658906
1.563 0.44319343432127156
1.564 0.44420244512721013
1.565 0.44416348500545605
1.566 0.44250475824273106
1.567 0.4413538042792855
1.568 0.44097822069521353
1.569 0.44123364660526854
1.57 0.4414208759246352
1.571 0.4417655573474522
1.572 0.44248350527789065
1.573 0.44253725761318646
1.574 0.44206782188305854
1.575 0.441150794030122
1.576 0.44100440598768087
1.577 0.4411798723504955
1.578 0.441642896692185
1.579 0.44246987427413076
1.58 0.4432766089663904
1.581 0.4438049823755089
1.582 0.44196893594580694
1.583 0.4406891117648445
1.584 0.44084039244082746
1.585 0.44198359889724254
1.586 0.44122699185145997
1.587 0.44057394445580966
1.588 0.44066243104403696
1.589 0.44017760216298185
1.59 0.4397007565219499
1.591 0.4387017553599479
1.592 0.438864266948563
1.593 0.4390859813552127
1.594 0.43941974247169097
1.595 0.43944289604328046
1.596 0.43954177750992307
1.597 0.4403646243025919
1.598 0.4397667327234215
1.599 0.43929604538179773
1.6 0.43890672567670347
1.601 0.43931613511674067
1.602 0.44051286721286137
1.603 0.442330003681053
1.604 0.444144493925036
1.605 0.4433797413611007
1.606 0.4424268606758708
1.607 0.4414364281745095
1.608 0.44121262449356263
1.609 0.44146878505926457
1.61 0.442332400877708
1.611 0.44291975517994175
1.612 0.4421043277189777
1.613 0.4424123180449223
1.614 0.44324419892903805
1.615 0.44328053501003595
1.616 0.4419715016663537
1.617 0.44146902805981064
1.618 0.4422719781155043
1.619 0.4437077361023604
1.62 0.4446307273476983
1.621 0.4447784549761086
1.622 0.4438059755294821
1.623 0.44302415452892285
1.624 0.44239889426977935
1.625 0.44374834593786344
1.626 0.4456449591761887
1.627 0.44724774449172594
1.628 0.4471475574992954
1.629 0.44812705355002647
1.63 0.44801531299932246
1.631 0.4459302845413245
1.632 0.4443947141019514
1.633 0.4446418187078235
1.634 0.44597691268453304
1.635 0.4467938795282525
1.636 0.4482977912076473
1.637 0.44800502977085194
1.638 0.4473879062455863
1.639 0.44619915203913796
1.64 0.4463271501976739
1.641 0.447047203909972
1.642 0.44778571504675335
1.643 0.4472634516624195
1.644 0.4471451395043877
1.645 0.44682234197537096
1.646 0.4467804525469023
1.647 0.44628252754388875
1.648 0.4463590692835686
1.649 0.44547103461018067
1.65 0.4458136845011026
1.651 0.44688535159756787
1.652 0.4481810125883549
1.653 0.44796845136710545
1.654 0.4467591849855844
1.655 0.4461133464396664
1.656 0.4456788674247941
1.657 0.4454557995315965
1.658 0.4452832847139938
1.659 0.44604095812116507
1.66 0.44648583829686156
1.661 0.4459055946698817
1.662 0.4450779795908141
1.663 0.44466459330134395
1.664 0.44338508426779477
1.665 0.4425541935022249
1.666 0.44224001016188336
1.667 0.4427569295774294
1.668 0.44213130308178855
1.669 0.44151219833064925
1.67 0.43966683288191366
1.671 0.4378354516880132
1.672 0.4358164122976382
1.673 0.4360241873054366
1.674 0.43782845173361457
1.675 0.4396023593495466
1.676 0.4408424353797615
1.677 0.4411597545775203
1.678 0.44130550289850956
1.679 0.44185815375973003
1.68 0.4437288771546541
1.681 0.44404177945829815
1.682 0.4435535018539141
1.683 0.4445140061262377
1.684 0.44612000707347993
1.685 0.44798711788349105
1.686 0.44822458172679386
1.687 0.44763965445678167
1.688 0.4469301017544955
1.689 0.4477890190933042
1.69 0.44761144832978345
1.691 0.44818209342430027
1.692 0.4488004889402195
1.693 0.4499930369447058
1.694 0.4494992602942111
1.695 0.4491551861009258
1.696 0.4475729847340108
1.697 0.44758772646891914
1.698 0.4472737979739276
1.699 0.44757719694468945
1.7 0.4479025205488669
1.701 0.4490413900504455
1.702 0.44875592790689894
1.703 0.4471504652288771
1.704 0.4453566731611646
1.705 0.44431034679672704
1.706 0.4444298088205319
1.707 0.44459693009388834
1.708 0.4445787687576864
1.709 0.44444195734362363
1.71 0.44362758729858387
1.711 0.4430304228781634
1.712 0.4419791770137935
1.713 0.44080577703808715
1.714 0.4400691715669268
1.715 0.440388288903278
1.716 0.44114331102068743
1.717 0.4413928024961194
1.718 0.4427159292040164
1.719 0.4427806287490296
1.72 0.44250350436578983
1.721 0.4413559620808481
1.722 0.4423538583430919
1.723 0.44326786452395994
1.724 0.4440586091468843
1.725 0.44526231211758743
1.726 0.446954584183928
1.727 0.44819870364753994
1.728 0.4467625048538318
1.729 0.4454800438585151
1.73 0.4443138769133297
1.731 0.44488329985515285
1.732 0.4454304105349394
1.733 0.44608385513960036
1.734 0.4461782409327306
1.735 0.4456773011489453
1.736 0.4453677366771427
1.737 0.4453587292033321
1.738 0.4459897729623781
1.739 0.44647285167184175
1.74 0.4470170552314682
1.741 0.4471408409424101
1.742 0.4475492343545954
1.743 0.448508532808217
1.744 0.44829256222872294
1.745 0.4476348401814921
1.746 0.4470145198408879
1.747 0.4470319279120106
1.748 0.4471562597936452
1.749 0.4482123683371329
1.75 0.4500160794923461
1.751 0.4503310061744186
1.752 0.4491725031037439
1.753 0.4483091931227217
1.754 0.44773793790381367
1.755 0.4481661657478272
1.756 0.4484884064888048
1.757 0.4493524519309296
1.758 0.4487857180505658
1.759 0.44896500709272885
1.76 0.4487947164025597
1.761 0.44791726011279703
1.762 0.4465412930990921
1.763 0.44629991646727996
1.764 0.44705778494763593
1.765 0.4480107988739697
1.766 0.44863780403908515
1.767 0.44879869630224206
1.768 0.4474208930835761
1.769 0.4463764098099236
1.77 0.4452714391548906
1.771 0.4457428483844788
1.772 0.44581173154094944
1.773 0.4452656801636065
1.774 0.4457059776571909
1.775 0.44785846254815337
1.776 0.4522766002545747
1.777 0.45047871852131943
1.778 0.4469120029680189
1.779 0.4439595166364996
1.78 0.4460862533387453
1.781 0.4472548107702989
1.782 0.4486108381478344
1.783 0.4497536867486064
1.784 0.4498175276226214
1.785 0.4487434164746133
1.786 0.44812629166568
1.787 0.44851373583810994
1.788 0.4492999372345312
1.789 0.45016367142064734
1.79 0.4506905998313329
1.791 0.4507882031465619
1.792 0.4501876678326527
1.793 0.4490006866358447
1.794 0.44831220727381704
1.795 0.4482475821693004
1.796 0.4476343001854065
1.797 0.4476261598925576
1.798 0.4485575001834548
1.799 0.4501855654317583
1.8 0.4502201648727274
1.801 0.45005932385024017
1.802 0.44976883891928393
1.803 0.44943895269610235
1.804 0.4493796458522724
1.805 0.4496832888421736
1.806 0.4508346792253157
1.807 0.4510921083153652
1.808 0.4513231194860029
1.809 0.45093451680299707
1.81 0.4507513769241252
1.811 0.45046991851121526
1.812 0.450515319298667
1.813 0.4513509928970823
1.814 0.4526770553732784
1.815 0.4535199875798981
1.816 0.4532959373305
1.817 0.45280018737337197
1.818 0.45170490791551404
1.819 0.45013645300753974
1.82 0.44906225914212433
1.821 0.4490145453967374
1.822 0.4497614404500061
1.823 0.4500885307222442
1.824 0.45029294134321535
1.825 0.4498946006015303
1.826 0.449248641768547
1.827 0.4483624373458436
1.828 0.4481330984631419
1.829 0.4479660989850801
1.83 0.4483846260912583
1.831 0.4491938157731102
1.832 0.4503675449493743
1.833 0.4500986522588774
1.834 0.449232709218917
1.835 0.4488275626553327
1.836 0.44884114494918803
1.837 0.44893215002035575
1.838 0.44951141711766623
1.839 0.45138578158820003
1.84 0.45164746413998674
1.841 0.45066244832510727
1.842 0.44890636631608827
1.843 0.4479300322501955
1.844 0.44771852903067083
1.845 0.4485831821724237
1.846 0.4497905995684266
1.847 0.45020301613566266
1.848 0.4502979816593849
1.849 0.4494589412300284
1.85 0.4485859171102888
1.851 0.4475516416514683
1.852 0.4471805610671357
1.853 0.44743081413797936
1.854 0.44821486896037677
1.855 0.44901435856736766
1.856 0.4487032676018772
1.857 0.44778204459688004
1.858 0.4466031614595338
1.859 0.44627396579363277
1.86 0.4461738152369931
1.861 0.4459336037305934
1.862 0.44670863261989463
1.863 0.44777448001388265
1.864 0.44907433520663576
1.865 0.44888967985394174
1.866 0.44776722495100274
1.867 0.44626496970983315
1.868 0.446081828905387
1.869 0.4476721451239656
1.87 0.4483370128777719
1.871 0.4486535677087931
1.872 0.4483654514608948
1.873 0.44940635774464177
1.874 0.4496536741888044
1.875 0.4495804672995488
1.876 0.4489790545947505
1.877 0.4492957154077488
1.878 0.4498207391853116
1.879 0.45053071013230805
1.88 0.45100378298110405
1.881 0.45012165544719346
1.882 0.44818615874999435
1.883 0.44666342344503523
1.884 0.44613201303437483
1.885 0.44671958591860156
1.886 0.4474282484003089
1.887 0.4481078595660659
1.888 0.4478043654509431
1.889 0.44743325042305965
1.89 0.4464823718583983
1.891 0.445430693834518
1.892 0.44511163940187
1.893 0.44492557320646103
1.894 0.4449360591954062
1.895 0.44531566651826
1.896 0.4462953184445664
1.897 0.4469553788551293
1.898 0.4460982970913487
1.899 0.4450000671571123
1.9 0.4442190827302946
1.901 0.445036211634484
1.902 0.4453902360284506
1.903 0.44542196744065915
1.904 0.44551824757847436
1.905 0.44548634484095584
1.906 0.4446220739536486
1.907 0.4433519387600565
1.908 0.4432819162534415
1.909 0.4441180685513155
1.91 0.44523476555627906
1.911 0.44620274478363275
1.912 0.446221982426193
1.913 0.44635582090064907
1.914 0.44560865770104097
1.915 0.4446366385520594
1.916 0.443209951217918
1.917 0.4429129288326463
1.918 0.44397568768701806
1.919 0.44451549618263564
1.92 0.44477746361492454
1.921 0.44404518699652007
1.922 0.44386599011404115
1.923 0.4430558286547664
1.924 0.44220566690415775
1.925 0.44124329336069373
1.926 0.44090702908822726
1.927 0.4413205655260763
1.928 0.44157198585089086
1.929 0.4415224459163309
1.93 0.44094407664536744
1.931 0.4400101991311901
1.932 0.43860640051178446
1.933 0.43719387470573357
1.934 0.4375746414089701
1.935 0.43855051071956413
1.936 0.4395680191666723
1.937 0.4393117185080723
1.938 0.4394511282902754
1.939 0.43893562876687564
1.94 0.43862451583030093
1.941 0.4384083281066686
1.942 0.438986619351855
1.943 0.44029471140451726
1.944 0.4414188001220101
1.945 0.4423293755076061
1.946 0.4425344074446591
1.947 0.442100266336927
1.948 0.440909274938974
1.949 0.4399347990692851
1.95 0.44025839010741263
1.951 0.4413739826644517
1.952 0.4422396604492315
1.953 0.44217990693824966
1.954 0.4420359675848344
1.955 0.44177660264232665
1.956 0.4413912259238384
1.957 0.44111057071359777
1.958 0.44105776928237567
1.959 0.4410294336878917
1.96 0.44129968696420274
1.961 0.4413115722676081
1.962 0.44156108735335986
1.963 0.44127375933711893
1.964 0.4410181648115018
1.965 0.4402148762204126
1.966 0.44055597470612773
1.967 0.44150494617115194
1.968 0.44162780507172145
1.969 0.44111399305395554
1.97 0.440122705982626
1.971 0.44016302730136436
1.972 0.4397419158530616
1.973 0.4398584820130906
1.974 0.43945359487540336
1.975 0.43970104092501766
1.976 0.4400102993648514
1.977 0.44032500516262707
1.978 0.4408806704639724
1.979 0.4410193624795256
1.98 0.4408552458465053
1.981 0.4400842638130955
1.982 0.4398956595472511
1.983 0.4401608501997416
1.984 0.44040141095386426
1.985 0.44100263937259726
1.986 0.4413920498189934
1.987 0.44203439183629195
1.988 0.441616643652746
1.989 0.44129830389707075
1.99 0.4407792811142097
1.991 0.44091128393432805
1.992 0.4409165468390717
1.993 0.440169866272395
1.994 0.4388352489856414
1.995 0.4364148096900845
1.996 0.4337897615620842
1.997 0.43133909226349104
1.998 0.4328548601766282
1.999 0.43497819474404986
2.0 0.43637066341366754
2.001 0.43631216870254974
2.002 0.4362801539188871
2.003 0.4359823011075592
2.004 0.4353942872695018
2.005 0.43583682074236235
2.006 0.43603128943311864
2.007 0.437051668898591
2.008 0.4372440661719181
2.009 0.43701150720806536
2.01 0.4363919766210608
2.011 0.4355334084400002
2.012 0.4352238268711228
2.013 0.43538882948657126
2.014 0.4359845888005307
2.015 0.43552470896481627
2.016 0.43511503486778513
2.017 0.435253775477763
2.018 0.435320492427745
2.019 0.4346821176358473
2.02 0.43346440581353574
2.021 0.4335307655225291
2.022 0.4349195174077422
2.023 0.43570693516839615
2.024 0.4349556128092156
2.025 0.43362656270385513
2.026 0.43344720043166907
2.027 0.43301357982970795
2.028 0.4326527366791632
2.029 0.43202263461422824
2.03 0.43281084591271746
2.031 0.4339096158090599
2.032 0.4342738333512036
2.033 0.4334574246690503
2.034 0.4326720562431506
2.035 0.4326820407080752
2.036 0.4325599595943332
2.037 0.43224480214209193
2.038 0.4321879658921058
2.039 0.431815805390441
2.04 0.4308775863314251
2.041 0.4296947831956876
2.042 0.4291560234149351
2.043 0.4291612389708548
2.044 0.4289869520596742
2.045 0.42874604887989565
2.046 0.4281412326330646
2.047 0.42826394288754627
2.048 0.42807480109301543
2.049 0.4277683493038903
2.05 0.4273870298746367
2.051 0.42674366322079765
2.052 0.4260031544389348
2.053 0.42496949214303364
2.054 0.425571033848909
2.055 0.42594424131657177
2.056 0.4267561618901129
2.057 0.4269814369842461
2.058 0.42788753904857246
2.059 0.4281989014254041
2.06 0.4275449583446361
2.061 0.42706051989215094
2.062 0.42698695678411264
2.063 0.42823939510121223
2.064 0.42836800150013943
2.065 0.42809161776227617
2.066 0.42759988987911746
2.067 0.42689923417180187
2.068 0.42686318104861337
2.069 0.42656160500944923
2.07 0.4274859817993454
2.071 0.4282389605858063
2.072 0.42977573800814506
2.073 0.4301871656011974
2.074 0.43037231683471255
2.075 0.4311693289559053
2.076 0.43118061028391513
2.077 0.43021178352765793
2.078 0.4286989774770267
2.079 0.42925752070751877
2.08 0.43064950585619244
2.081 0.4314982783735704
2.082 0.4317279658478584
2.083 0.43164763873073214
2.084 0.4321819311605771
2.085 0.4313890913459087
2.086 0.43177099850500594
2.087 0.43182543519531374
2.088 0.4327849101232862
2.089 0.43151382118607556
2.09 0.4299281824348751
2.091 0.4288487897370246
2.092 0.42932410000171145
2.093 0.43017659683288023
2.094 0.4295028125346209
2.095 0.4283944326309941
2.096 0.42796302839652234
2.097 0.42902033567195386
2.098 0.42995887426330537
2.099 0.4297862631474905
2.1 0.42899511397962814
2.101 0.4285632733518771
2.102 0.42828132585871476
2.103 0.42773920183995195
2.104 0.4272674854736758
2.105 0.4279261452000547
2.106 0.4283371011797538
2.107 0.42825632547576387
2.108 0.42792326616723236
2.109 0.4282878288609726
2.11 0.428761398800704
2.111 0.42792443925804574
2.112 0.42689624364553586
2.113 0.4270312433162808
2.114 0.42790993453568765
2.115 0.42755476232537903
2.116 0.42708312273700283
2.117 0.4270271368675085
2.118 0.4273905582648416
2.119 0.4278950674215311
2.12 0.42848733231168656
2.121 0.428999855631193
2.122 0.42875797271982435
2.123 0.4279266426813024
2.124 0.42752349082121244
2.125 0.42832186692760055
2.126 0.4293674669473334
2.127 0.4285990034314379
2.128 0.42739461459026135
2.129 0.4266931512291388
2.13 0.4275263007578021
2.131 0.4282249138465506
2.132 0.42787397543424005
2.133 0.42695990932651384
2.134 0.4256460317120642
2.135 0.42545278899509476
2.136 0.42495288409734794
2.137 0.42442058287158235
2.138 0.42322628765791215
2.139 0.4220550508263194
2.14 0.4207554356469866
2.141 0.41983346459014437
2.142 0.4200747274648033
2.143 0.41982838657317795
2.144 0.41943830211569355
2.145 0.4184073599801653
2.146 0.41823414994336694
2.147 0.4182609570707236
2.148 0.4184405748517519
2.149 0.41849101973507147
2.15 0.4179956193450995
2.151 0.4171066170425758
2.152 0.4157087785721976
2.153 0.41489448804125756
2.154 0.4145360234125376
2.155 0.41459554824834904
2.156 0.41495576008196705
2.157 0.4140201919616713
2.158 0.4131893146230485
2.159 0.4133535433389028
2.16 0.4139229213338698
2.161 0.4134278441855055
2.162 0.41238901270774825
2.163 0.4122025338396395
2.164 0.4111800770420471
2.165 0.40974201970673
2.166 0.408349466141576
2.167 0.40834071775517433
2.168 0.40848931256920207
2.169 0.4075658548348676
2.17 0.40663665175920893
2.171 0.406015662986489
2.172 0.4060496355704419
2.173 0.4057242772913498
2.174 0.4055681521616996
2.175 0.40470456697086293
2.176 0.40275314511739035
2.177 0.40047013618293087
2.178 0.3981848748746186
2.179 0.3965962962334112
2.18 0.394858822032163
2.181 0.39354199346452934
2.182 0.3926264316774905
2.183 0.3914567625999863
2.184 0.38926826100064876
2.185 0.3862209535597371
2.186 0.38385253068033365
2.187 0.3811014348475942
2.188 0.37980140430687764
2.189 0.3773038408788787
2.19 0.3759784037343073
2.191 0.37296600349124903
2.192 0.3711734554208797
2.193 0.36822598446159777
2.194 0.3660794979235458
2.195 0.36301638941448855
2.196 0.3607681585013808
2.197 0.3581421639311247
2.198 0.3550555086245333
2.199 0.3516952173502855
2.2 0.34935397178916616
2.201 0.3463256904046332
2.202 0.34282733831222756
2.203 0.3389173457938521
2.204 0.33600688404983864
2.205 0.3338219426995943
2.206 0.3323070147476256
2.207 0.3305294965110593
2.208 0.32829708281167175
2.209 0.32579003826651787
2.21 0.3236140012658771
2.211 0.3225228189222652
2.212 0.32245140974098907
2.213 0.3224797711605673
2.214 0.3220205370155685
2.215 0.32117228956950605
2.216 0.32123662153970933
2.217 0.32205209537192564
2.218 0.323048918147192
2.219 0.32355267681169503
2.22 0.324298779994537
2.221 0.32534126127193647
2.222 0.32600273843826894
2.223 0.3273248517551982
2.224 0.3286843881726951
2.225 0.3296207562953332
2.226 0.3295966074470387
2.227 0.3298277645077885
2.228 0.3303043285199032
2.229 0.331249398889442
2.23 0.33234747681603016
2.231 0.33282982443851433
2.232 0.33304515615984776
2.233 0.33368670444333737
2.234 0.3344915085563043
2.235 0.335065744431954
2.236 0.3355401757850316
2.237 0.3357563042389496
2.238 0.3358630298409204
2.239 0.33668221938164267
2.24 0.3376473944012196
2.241 0.33727900613041145
2.242 0.3360986658506528
2.243 0.33553855278568684
2.244 0.33647399766697644
2.245 0.33778544849849734
2.246 0.3387659870113474
2.247 0.3388270483262456
2.248 0.3378096091165007
2.249 0.33745927185114627
2.25 0.3376947684423162
2.251 0.33861657352222135
2.252 0.3384124473297258
2.253 0.33788452252833157
2.254 0.3375233667439359
2.255 0.33791119581542883
2.256 0.33863961522176866
2.257 0.33847323252352157
2.258 0.3383155689423408
2.259 0.33815209472269225
2.26 0.338379903488747
2.261 0.33839353517301257
2.262 0.33900836713354765
2.263 0.33903347926491023
2.264 0.33847507010584404
2.265 0.3378892703652444
2.266 0.33850013389557215
2.267 0.3391660625504245
2.268 0.33976979516859357
2.269 0.34080314142104506
2.27 0.34270611745679896
2.271 0.34480990430990416
2.272 0.34708494402969087
2.273 0.348537661246486
2.274 0.34958301716914547
2.275 0.35064587250067897
2.276 0.352195084659302
2.277 0.35378487499050904
2.278 0.3549271167930585
2.279 0.35593094990025304
2.28 0.35640520924107444
2.281 0.357118767838547
2.282 0.35850423698929634
2.283 0.36070836004065665
2.284 0.3625473386475306
2.285 0.36295250243851446
2.286 0.36331319557242603
2.287 0.3640807283292094
2.288 0.365504322098661
2.289 0.3665796336708319
2.29 0.36740412694945174
2.291 0.36759927143142596
2.292 0.3676442511886553
2.293 0.36848139260431945
2.294 0.370143291407702
2.295 0.371760148407343
2.296 0.37209770030794
2.297 0.37216951542105364
2.298 0.3724742133304787
2.299 0.37392125027685325
2.3 0.3754134623184499
2.301 0.37588479743555425
2.302 0.37609942674081737
2.303 0.37702157925538
2.304 0.37938010797980554
2.305 0.3817504249310433
2.306 0.3836447659413532
2.307 0.38463454448383866
2.308 0.3862703893447673
2.309 0.3888034093259082
2.31 0.39089226003542554
2.311 0.39247264048177916
2.312 0.39376036033761125
2.313 0.39401991948857124
2.314 0.39374113661093313
2.315 0.39365276015824346
2.316 0.3953660760623847
2.317 0.3968961383669297
2.318 0.3978389789744126
2.319 0.39787466614282524
2.32 0.39812654085034527
2.321 0.3988153424596614
2.322 0.4003785839152586
2.323 0.4015746770848914
2.324 0.40128266928266626
2.325 0.40079564596364453
2.326 0.4009127289072721
2.327 0.4010226644911821
2.328 0.40202873332413797
2.329 0.4024889099269383
2.33 0.4028506854716219
2.331 0.4020086173300869
2.332 0.4032956816258127
2.333 0.4051809696759702
2.334 0.40621344581454283
2.335 0.40561385369875413
2.336 0.4051183659828128
2.337 0.4051754683069085
2.338 0.405407376518918
2.339 0.4058305057277704
2.34 0.40570045752842626
2.341 0.4055158101610712
2.342 0.40548171046977716
2.343 0.40525524684046166
2.344 0.40566653675172004
2.345 0.4053210143119258
2.346 0.4054306150117732
2.347 0.40545728298104056
2.348 0.40678615905206716
2.349 0.4081991645340346
2.35 0.40883186994891396
2.351 0.4093536363212001
2.352 0.40922953444642574
2.353 0.41006113771145314
2.354 0.4107297560301761
2.355 0.41193331379067394
2.356 0.4127407375763476
2.357 0.4130401274619369
2.358 0.4136537596875554
2.359 0.4143662746022466
2.36 0.4158535442153248
2.361 0.41579061298569436
2.362 0.41547426209243415
2.363 0.4142928052337306
2.364 0.4142104097368034
2.365 0.4150648516053688
2.366 0.41599104919079477
2.367 0.4167326603627417
2.368 0.41653944943933935
2.369 0.4161213697511
2.37 0.41601955378848027
2.371 0.41653955604098175
2.372 0.4170818975895329
2.373 0.4164050996761638
2.374 0.41587131201635685
2.375 0.4159573408001419
2.376 0.4168188124816036
2.377 0.416706713438648
2.378 0.4165541922854902
2.379 0.41589625392711804
2.38 0.41487548728902757
2.381 0.0
2.382 0.0
