Microns Throughput
0.9682000122070312 0.0
0.9692000122070312 0.0
0.9702000122070312 5.054359612894583e-06
0.9712000122070312 6.0001306789477215e-06
0.9722000122070312 6.970551708026886e-06
0.9732000122070312 7.944196532746803e-06
0.9742000122070312 8.84095636894571e-06
0.9752000122070312 9.720150652883958e-06
0.9762000122070312 1.0622381721402221e-05
0.9772000122070312 1.1731644252751054e-05
0.9782000122070312 1.3153879727334729e-05
0.9792000122070312 1.510224592261821e-05
0.9802000122070312 1.7709998559680834e-05
0.9812000122070312 2.1233594141050433e-05
0.9822000122070312 2.6008714198668297e-05
0.9832000122070312 3.235572216320374e-05
0.9842000122070312 4.0551050621184055e-05
0.9852000122070312 5.100692685288613e-05
0.9862000122070312 6.376661579276084e-05
0.9872000122070312 7.903034164576321e-05
0.9882000122070312 9.685760374938779e-05
0.9892000122070312 0.00011724702008440248
0.9902000122070312 0.00014041118056062307
0.9912000122070312 0.0001662003465210326
0.9922000122070312 0.00019530249257946429
0.9932000122070312 0.00022854384184130486
0.9942000122070312 0.00026742836307548705
0.9952000122070312 0.0003137689519924168
0.9962000122070312 0.0003713127487978747
0.9972000122070312 0.0004449924037334086
0.9982000122070313 0.011146607379035684
0.9992000122070313 0.023374494076666568
1.0002000122070311 0.03692206870391541
1.0012000122070313 0.04089093176882392
1.0022000122070311 0.04535682316859877
1.0032000122070313 0.05018349348900381
1.0042000122070311 0.05643913364775045
1.0052000122070313 0.06334108327270106
1.0062000122070311 0.07204034062456902
1.0072000122070313 0.08193558557961957
1.0082000122070311 0.09386659573164648
1.0092000122070313 0.10799128998951124
1.0102000122070312 0.12466011497856823
1.0112000122070313 0.14379120589027122
1.0122000122070312 0.16451987205665336
1.0132000122070313 0.18591155000617832
1.0142000122070312 0.20553822565793384
1.0152000122070313 0.22282030832857205
1.0162000122070312 0.23624776884644386
1.0172000122070313 0.24613480317446806
1.0182000122070312 0.25164909316110284
1.0192000122070313 0.25454528677774296
1.0202000122070312 0.25575133098801
1.0212000122070313 0.25585458719604176
1.0222000122070312 0.25578983303593256
1.0232000122070313 0.25532861612232777
1.024199951171875 0.25494432373682224
1.025199951171875 0.25471747771375786
1.026199951171875 0.25461076344443306
1.027199951171875 0.2560456780508896
1.028199951171875 0.25689922422115397
1.029199951171875 0.25767278066955956
1.030199951171875 0.2587145557808185
1.031199951171875 0.26022017316204415
1.032199951171875 0.26242411018742556
1.033199951171875 0.26294694320699213
1.034199951171875 0.26404630144962127
1.035199951171875 0.26520695011328793
1.036199951171875 0.26678742349496587
1.037199951171875 0.26712793164826
1.038199951171875 0.26778342297131397
1.039199951171875 0.26926555751646425
1.040199951171875 0.27078515081564236
1.041199951171875 0.2714688132295494
1.042199951171875 0.27156083632236294
1.043199951171875 0.27190416267274486
1.044199951171875 0.2726378262802795
1.045199951171875 0.2733475119891577
1.046199951171875 0.2743116136434416
1.047199951171875 0.27492820464523954
1.048199951171875 0.27560742342651073
1.049199951171875 0.2759548637742314
1.050199951171875 0.27653730447560126
1.051199951171875 0.27743267962978857
1.052199951171875 0.27850098379408333
1.053199951171875 0.27965071097627037
1.054199951171875 0.2805592481815789
1.055199951171875 0.28125245476490096
1.056199951171875 0.28155759383684753
1.057199951171875 0.2811901322694399
1.058199951171875 0.28221159456241207
1.059199951171875 0.28251830647763
1.060199951171875 0.2821822980503994
1.061199951171875 0.2811926200642007
1.062199951171875 0.2803541867767628
1.063199951171875 0.2787718573166117
1.064199951171875 0.276609863655984
1.065199951171875 0.27490004983189603
1.066199951171875 0.27398541732732334
1.067199951171875 0.27202140171606093
1.068199951171875 0.26977384695711115
1.069199951171875 0.2677755308756589
1.070199951171875 0.26565428115140627
1.071199951171875 0.2631638987919663
1.072199951171875 0.26019350518477113
1.073199951171875 0.25842870192117967
1.074199951171875 0.2569245652727181
1.075199951171875 0.25579785235249325
1.076199951171875 0.25485608135857046
1.077199951171875 0.25397050411474925
1.078199951171875 0.25383112171515343
1.079199951171875 0.25278992533375977
1.080199951171875 0.25299426112377277
1.081199951171875 0.25340240916123197
1.082199951171875 0.2546787228856307
1.083199951171875 0.25537689090863497
1.084199951171875 0.25665523874717444
1.085199951171875 0.25749871212451
1.086199951171875 0.2593021430095006
1.087199951171875 0.260928391678827
1.088199951171875 0.263905516810023
1.089199951171875 0.26603766580226706
1.090199951171875 0.26947256000465813
1.091199951171875 0.27224130920689543
1.092199951171875 0.27548789530403694
1.093199951171875 0.27770585306085455
1.094199951171875 0.28040558156196305
1.095199951171875 0.28326849796263115
1.096199951171875 0.2856680156240926
1.097199951171875 0.2882858313823535
1.098199951171875 0.29026867322044264
1.099199951171875 0.2925146476546741
1.100199951171875 0.29381580197378654
1.101199951171875 0.2957226521749154
1.102199951171875 0.2971036708014354
1.103199951171875 0.2984832057605047
1.104199951171875 0.29894401340954607
1.105199951171875 0.30001437575051776
1.106199951171875 0.300838363906376
1.107199951171875 0.30104898010078057
1.108199951171875 0.3011278712572544
1.109199951171875 0.30122329438981427
1.110199951171875 0.30158420542485004
1.111199951171875 0.30131792712180244
1.112199951171875 0.3013435748538935
1.113199951171875 0.30105588115599374
1.114199951171875 0.30071031508205753
1.115199951171875 0.2992299409559164
1.116199951171875 0.29804154762949
1.117199951171875 0.2972025807602253
1.118199951171875 0.2960873841423368
1.119199951171875 0.2945374876979935
1.120199951171875 0.2940527310763455
1.121199951171875 0.2933497249099788
1.122199951171875 0.29298973035366793
1.123199951171875 0.29142758518565876
1.124199951171875 0.2913546233679437
1.125199951171875 0.2910379479632579
1.126199951171875 0.2916500864969617
1.127199951171875 0.2917141270977274
1.128199951171875 0.2930232103134351
1.129199951171875 0.29388854294594535
1.130199951171875 0.2948663286203085
1.131199951171875 0.2958911940229887
1.132199951171875 0.2970691429315489
1.133199951171875 0.29813311204420145
1.134199951171875 0.2993860482014723
1.135199951171875 0.30044359116572894
1.136199951171875 0.30178456059950615
1.137199951171875 0.30335293194228913
1.138199951171875 0.3042147816754218
1.139199951171875 0.306310553719227
1.140199951171875 0.30714928581414375
1.141199951171875 0.3091563253754019
1.142199951171875 0.31128456825146256
1.143199951171875 0.3138279746939445
1.144199951171875 0.31591316768610167
1.145199951171875 0.31743604626639255
1.146199951171875 0.3189093183597319
1.147199951171875 0.32017519039361586
1.148199951171875 0.32133253746346785
1.149199951171875 0.32310053789184356
1.150199951171875 0.32461491606641274
1.151199951171875 0.3263619953408286
1.152199951171875 0.32804816290661254
1.153199951171875 0.32931320547291926
1.154199951171875 0.3307861498779858
1.155199951171875 0.33255490965726875
1.156199951171875 0.3347050919533909
1.157199951171875 0.33725040030134096
1.158199951171875 0.3395448916404336
1.159199951171875 0.3433172953144373
1.160199951171875 0.34441476954040234
1.161199951171875 0.3461413386179016
1.162199951171875 0.3471624685124593
1.163199951171875 0.3495820046689348
1.164199951171875 0.3507988331108089
1.165199951171875 0.35260563572127
1.166199951171875 0.3536680395157988
1.167199951171875 0.35510581051866646
1.168199951171875 0.3552920413015223
1.169199951171875 0.35668367361072567
1.170199951171875 0.35807721517283914
1.171199951171875 0.35851289914677503
1.172199951171875 0.3590463545100432
1.173199951171875 0.358899864231457
1.174199951171875 0.35968597839201855
1.175199951171875 0.36010415496943043
1.176199951171875 0.3603470316217455
1.177199951171875 0.36075467242662507
1.178199951171875 0.36056692146437896
1.179199951171875 0.3610778130196613
1.180199951171875 0.3610113746645324
1.181199951171875 0.36131530979104715
1.182199951171875 0.3616272110536843
1.183199951171875 0.3610047264394457
1.184199951171875 0.3607942365197849
1.185199951171875 0.35948264401760066
1.186199951171875 0.3588034147439164
1.187199951171875 0.35629971452582
1.188199951171875 0.3558776971765409
1.189199951171875 0.3566467768711458
1.190199951171875 0.35709718295510945
1.191199951171875 0.35520676184715566
1.192199951171875 0.35187973875610323
1.193199951171875 0.35098314978349116
1.194199951171875 0.3501204427279165
1.195199951171875 0.3490884831237807
1.196199951171875 0.34757168136098987
1.197199951171875 0.34703010054785893
1.198199951171875 0.3466228398796295
1.199199951171875 0.34667132972231135
1.200199951171875 0.3462120532980833
1.201199951171875 0.34614841947842995
1.202199951171875 0.34633066263713125
1.203199951171875 0.34513196472156726
1.204199951171875 0.34538873762830535
1.205199951171875 0.34468368787206666
1.206199951171875 0.3453830377602824
1.207199951171875 0.34564071998832546
1.208199951171875 0.3457438781529122
1.209199951171875 0.3462424498903263
1.210199951171875 0.3459063653028396
1.211199951171875 0.3470432375397254
1.212199951171875 0.34677864991865265
1.213199951171875 0.34743241948738446
1.214199951171875 0.347316450734708
1.215199951171875 0.3481192479872552
1.216199951171875 0.3487660960410804
1.217199951171875 0.34800749418051397
1.218199951171875 0.3495006704897022
1.219199951171875 0.3501178125448811
1.220199951171875 0.35178064543444887
1.221199951171875 0.35367400581779657
1.222199951171875 0.3554666153297768
1.223199951171875 0.3579149748571344
1.224199951171875 0.3584630488829879
1.225199951171875 0.3603778417213489
1.226199951171875 0.3624566950017677
1.227199951171875 0.36512159675435724
1.228199951171875 0.36726595699532766
1.229199951171875 0.3689916963395035
1.230199951171875 0.37045652238792764
1.231199951171875 0.37086542114554444
1.232199951171875 0.37187980649280167
1.233199951171875 0.3722754185201242
1.234199951171875 0.373755599667858
1.235199951171875 0.3738937509396696
1.236199951171875 0.373680438945256
1.237199951171875 0.3734257090067101
1.238199951171875 0.3734861950283886
1.239199951171875 0.3737354770062095
1.240199951171875 0.374452953049309
1.241199951171875 0.37510886001892785
1.242199951171875 0.3769378388272213
1.243199951171875 0.37779448339392113
1.244199951171875 0.3791584215548572
1.245199951171875 0.3801748928402597
1.246199951171875 0.380651821907972
1.247199951171875 0.3813193983507013
1.248199951171875 0.3824050566303121
1.249199951171875 0.38403209906322944
1.250199951171875 0.38584934353894645
1.251199951171875 0.38775291877292845
1.252199951171875 0.38927021050295907
1.253199951171875 0.3907482883840048
1.254199951171875 0.3918978682911342
1.255199951171875 0.3928433938426707
1.256199951171875 0.3934962861289434
1.257199951171875 0.39384517930541174
1.258199951171875 0.3936928672379076
1.259199951171875 0.39336660800280393
1.260199951171875 0.3929320252716423
1.261199951171875 0.39291828583880484
1.262199951171875 0.39248866115184144
1.263199951171875 0.3927962121730759
1.264199951171875 0.3933682762323203
1.265199951171875 0.3938045227601816
1.266199951171875 0.3928299425687974
1.267199951171875 0.39321313720051154
1.268199951171875 0.39396177876676497
1.269199951171875 0.39519811988109554
1.270199951171875 0.3940533075477616
1.271199951171875 0.3921477743671546
1.272199951171875 0.388283309429022
1.273199951171875 0.38454072618762236
1.274199951171875 0.3765017482262433
1.275199951171875 0.36559900472493134
1.276199951171875 0.34843304170317935
1.277199951171875 0.32799947239963
1.278199951171875 0.30239396392546836
1.279199951171875 0.2741811921283077
1.280199951171875 0.24427609955222518
1.281199951171875 0.21407108535607333
1.282199951171875 0.18522781691350498
1.283199951171875 0.15819635411100774
1.284199951171875 0.13429729565696166
1.285199951171875 0.11366558276160164
1.286199951171875 0.09633226135870325
1.287199951171875 0.08233174133223244
1.288199951171875 0.07024562731253978
1.289199951171875 0.06060270582569015
1.290199951171875 0.052213533489801275
1.291199951171875 0.04569890298809156
1.292199951171875 0.03989942439556847
1.293199951171875 0.03546587029687656
1.294199951171875 0.031272674641531314
1.295199951171875 0.0279781368737483
1.296199951171875 0.024538733909473465
1.297199951171875 0.021108774647988496
1.298199951171875 0.017443279027745274
1.299199951171875 0.014078823643456737
1.300199951171875 0.01131003758887306
1.301199951171875 0.009025568792077677
1.302199951171875 0.007233475687455111
1.303199951171875 0.005792718007428337
1.304199951171875 0.004683219698549185
1.305199951171875 0.003779927163602302
1.306199951171875 0.003046140089810532
1.307199951171875 0.002478176500916105
1.308199951171875 0.0020280990948174033
1.309199951171875 0.001674223813692674
1.310199951171875 0.0013934145463058796
1.311199951171875 0.0011655799868485297
1.312199951171875 0.0009796462223186286
1.313199951171875 0.0008267556310923371
1.314199951171875 0.0006990868963842612
1.315199951171875 0.0005946414967682728
1.316199951171875 0.0005047363430050023
1.317199951171875 0.0004319548498267079
1.318199951171875 0.0003695792908193595
1.319199951171875 0.00031743573160865205
1.320199951171875 0.0002719395244477254
1.321199951171875 0.00023541304372871175
1.322199951171875 0.00020418728242893008
1.323199951171875 0.00017851365823499932
1.324199951171875 0.00015499579424402241
1.325199951171875 0.00013486810469057084
1.326199951171875 0.0001188628154023513
1.327199951171875 0.00010398271420346768
1.328199951171875 9.19862528322789e-05
1.329199951171875 8.033061749109315e-05
1.330199951171875 7.190789015229393e-05
1.331199951171875 6.411106853213527e-05
1.332199951171875 5.742790848207464e-05
1.333199951171875 5.1659875097254685e-05
1.334199951171875 4.676822025724347e-05
1.335199951171875 4.186471087075814e-05
1.336199951171875 3.74385257721015e-05
1.337199951171875 3.380356476742813e-05
1.338199951171875 3.0785748932932195e-05
1.339199951171875 2.8399454712772342e-05
1.340199951171875 2.5934931957207352e-05
1.341199951171875 2.3799694269775673e-05
1.342199951171875 2.1394407963918655e-05
1.343199951171875 1.976919681484936e-05
1.344199951171875 1.8704518846077145e-05
1.345199951171875 1.74364114470587e-05
1.346199951171875 1.5705496442541352e-05
1.347199951171875 1.4892121981549718e-05
1.348199951171875 1.3820983800702578e-05
1.349199951171875 1.3286381063885214e-05
1.350199951171875 1.1574407449835317e-05
1.351199951171875 1.0752562900395219e-05
1.352199951171875 1.0240350380542829e-05
1.353199951171875 9.926205889133367e-06
1.354199951171875 9.125421303395258e-06
1.3551999511718749 0.0
1.356199951171875 0.0
