Microns Throughput
1.8985999755859375 0.0
1.8995999755859376 0.0
1.9005999755859373 7.01810530891202e-06
1.9015999755859372 6.8615862402006356e-06
1.9025999755859373 7.693983837006521e-06
1.9035999755859372 7.937411795040349e-06
1.9045999755859373 9.275723010684798e-06
1.9055999755859372 9.906998313624535e-06
1.9065999755859373 1.0112834887004233e-05
1.9075999755859372 1.0589907005483404e-05
1.9085999755859373 1.276018210264009e-05
1.9095999755859372 1.1884061271417363e-05
1.9105999755859373 1.4181947996634815e-05
1.9115999755859372 1.5372345826978004e-05
1.9125999755859373 1.6122776456543293e-05
1.9135999755859372 1.940247512632339e-05
1.9145999755859373 2.02362085546961e-05
1.9155999755859372 2.279068819357125e-05
1.9165999755859373 2.266077050485322e-05
1.9175999755859372 2.522255234556714e-05
1.918599975585937 2.8484381480169658e-05
1.9195999755859372 3.184987600275194e-05
1.920599975585937 3.5488766231837754e-05
1.9215999755859372 3.783800651973657e-05
1.922599975585937 4.3850151463495956e-05
1.9235999755859372 4.817383093734611e-05
1.924599975585937 5.2088693208894204e-05
1.9255999755859372 6.054353013393791e-05
1.926599975585937 6.685503228628906e-05
1.9275999755859372 7.394566080699342e-05
1.928599975585937 8.062528027233952e-05
1.9295999755859372 9.415106971912292e-05
1.930599975585937 0.000101131978391136
1.9315999755859372 0.00011478513717580799
1.932599975585937 0.000130753584274464
1.9335999755859372 0.00014315434785868797
1.934599975585937 0.000162941254962912
1.9355999755859372 0.000180182931853152
1.936599975585937 0.00020748009932736
1.9375999755859372 0.000233661936700704
1.9385999755859376 0.0002606404787928
1.9395999755859372 0.000290654765554944
1.9405999755859376 0.00032721490208169595
1.9415999755859372 0.00038104301777712
1.9425999755859376 0.00041483136938265597
1.9435999755859372 0.00047907359628902396
1.9445999755859376 0.0005366313458162879
1.9455999755859372 0.000616071135217632
1.9465999755859376 0.000695121006195456
1.9475999755859372 0.0007739936886457919
1.9485999755859376 0.000901794118274112
1.9495999755859372 0.0009783477646311358
1.9505999755859376 0.00114588581012784
1.9515999755859372 0.001279107648869376
1.9525999755859376 0.001489330663085088
1.9535999755859372 0.0016486561818175678
1.9545999755859376 0.0019070593512747838
1.9555999755859372 0.002253699558007872
1.9565999755859376 0.0024987246056728317
1.9575999755859372 0.0028324165238893437
1.9585999755859376 0.0033385133919567357
1.9595999755859372 0.0038101288692477123
1.9605999755859376 0.004427380376487359
1.9615999755859372 0.005004022340348448
1.9625999755859376 0.00574891010138448
1.9635999755859372 0.006673815840060768
1.9645999755859376 0.007728419251957056
1.9655999755859372 0.008982074384032415
1.9665999755859376 0.010313908018743457
1.9675999755859372 0.011986228604020608
1.9685999755859376 0.013916887105739711
1.9695999755859372 0.01620803850160032
1.9705999755859376 0.019384738165824957
1.9715999755859372 0.02200879969826486
1.9725999755859376 0.025516579695766366
1.9735999755859372 0.029133761174970144
1.9745999755859376 0.03391073822785478
1.9755999755859373 0.037370716442045857
1.9765999755859376 0.042661066365833854
1.9775999755859373 0.04852344726393715
1.9785999755859376 0.05153408029532026
1.9795999755859373 0.05946925186385375
1.9805999755859376 0.06561462607724813
1.9815999755859373 0.07384168458862368
1.9825999755859376 0.08189039994753186
1.9835999755859373 0.09147611569238112
1.9845999755859376 0.10527546952597315
1.9855999755859373 0.11613053187743155
1.9865999755859376 0.13165139937217563
1.9875999755859373 0.14921522463949383
1.9885999755859376 0.17135097087139967
1.9895999755859373 0.1944711268762411
1.9905999755859376 0.2121019392997864
1.9915999755859373 0.239214145849428
1.9925999755859376 0.2680620339267726
1.9935999755859373 0.2964509524373254
1.9945999755859376 0.3282607379834119
1.9955999755859373 0.3544903059953056
1.9965999755859376 0.3826039400865169
1.9975999755859373 0.4022657472113018
1.9985999755859376 0.4295262425199521
1.9995999755859373 0.4548598708205593
2.0005999755859376 0.4839210807016415
2.001599975585937 0.491230019507394
2.0025999755859374 0.5126317434108509
2.0035999755859377 0.516030644949651
2.0045999755859376 0.5299055902333786
2.005599975585937 0.5307534460429556
2.0065999755859374 0.542824951618468
2.0075999755859373 0.550461182654215
2.0085999755859376 0.5502984750531397
2.009599975585937 0.5482076748643072
2.0105999755859374 0.5475525370147949
2.0115999755859373 0.5560134847802373
2.0125999755859376 0.5525992737494752
2.013599975585937 0.5484758490081426
2.0145999755859374 0.557450326789603
2.0155999755859373 0.5551954176591029
2.0165999755859376 0.5554263816525912
2.017599975585937 0.5519827374837655
2.0185999755859374 0.5546689015452713
2.0195999755859373 0.559309017797094
2.0205999755859376 0.5511399324387986
2.021599975585937 0.5559626552073427
2.0225999755859374 0.5456977200118323
2.0235999755859373 0.5581423280918382
2.0245999755859376 0.5469904831012143
2.025599975585937 0.5578138142740099
2.0265999755859374 0.5510171659497055
2.0275999755859373 0.5513124276156701
2.0285999755859376 0.5481562599038747
2.029599975585937 0.5483193976464563
2.0305999755859374 0.555683175769642
2.0315999755859373 0.5504922878217805
2.0325999755859376 0.552729997296034
2.033599975585937 0.5544876210393882
2.0345999755859374 0.5459282091517815
2.0355999755859373 0.5432308970409845
2.0365999755859376 0.5546413633542602
2.037599975585937 0.5478843717116022
2.0385999755859374 0.5489762413878225
2.0395999755859373 0.5446394261051902
2.0405999755859376 0.5412271565654233
2.041599975585937 0.5547885953852306
2.0425999755859374 0.5438790872654888
2.0435999755859373 0.5439986977055526
2.0445999755859376 0.5400672342872833
2.045599975585937 0.5415638730446778
2.046599975585937 0.543228464278459
2.0475999755859373 0.5407189333931153
2.04860009765625 0.5423399713976884
2.04960009765625 0.532663860628873
2.05060009765625 0.5461098534705435
2.05160009765625 0.5375269914417622
2.05260009765625 0.5362820246660208
2.05360009765625 0.5418785133653107
2.05460009765625 0.5353004497991267
2.05560009765625 0.527374570792879
2.05660009765625 0.5441813315080177
2.05760009765625 0.5343105787018029
2.05860009765625 0.5401765979810575
2.05960009765625 0.5368331738818811
2.06060009765625 0.5418515410592083
2.06160009765625 0.5348182066540698
2.06260009765625 0.5468930914702013
2.06360009765625 0.5411537375731078
2.06460009765625 0.5419363556666376
2.06560009765625 0.5378931865288539
2.06660009765625 0.5458290683231625
2.06760009765625 0.5436567209364124
2.06860009765625 0.5448238924005211
2.06960009765625 0.538515944932671
2.07060009765625 0.5532539608374135
2.07160009765625 0.55419915012086
2.07260009765625 0.5465872466433616
2.07360009765625 0.5569796835830603
2.07460009765625 0.5486544126909098
2.07560009765625 0.5458847438408517
2.07660009765625 0.5466446014848249
2.07760009765625 0.5501056097100214
2.07860009765625 0.5498565969601779
2.07960009765625 0.5507864697745778
2.08060009765625 0.5489594809114348
2.08160009765625 0.5564209699329988
2.08260009765625 0.5327491258631598
2.08360009765625 0.5639723310236725
2.08460009765625 0.5500148368880607
2.08560009765625 0.5522638352869412
2.08660009765625 0.5515104420928694
2.08760009765625 0.5519464910575771
2.08860009765625 0.5567885303836029
2.08960009765625 0.5495324775065147
2.09060009765625 0.5481606165341771
2.09160009765625 0.5396574515051269
2.09260009765625 0.5433607507306545
2.09360009765625 0.5599705506708218
2.09460009765625 0.5557017325500562
2.09560009765625 0.5430277135012159
2.09660009765625 0.5564913274045893
2.09760009765625 0.5464951443932554
2.09860009765625 0.5419242336511458
2.09960009765625 0.5631757541997979
2.10060009765625 0.5354713885956868
2.10160009765625 0.5464159176250406
2.10260009765625 0.5351617199388623
2.10360009765625 0.5472986974899962
2.10460009765625 0.5336674230208881
2.10560009765625 0.553518971456616
2.10660009765625 0.5457859532245826
2.10760009765625 0.5338865290711634
2.10860009765625 0.5335178899128467
2.10960009765625 0.5418781661390094
2.11060009765625 0.5398265323220423
2.11160009765625 0.5388888192682231
2.11260009765625 0.5287479539661443
2.11360009765625 0.5565614333151828
2.11460009765625 0.5358503939444609
2.11560009765625 0.5377854683761611
2.11660009765625 0.5300289728209655
2.11760009765625 0.5536537157756857
2.11860009765625 0.536979072435027
2.11960009765625 0.5415158066062467
2.12060009765625 0.5345285411764049
2.12160009765625 0.5299872079261576
2.12260009765625 0.5384891847982652
2.12360009765625 0.5373972070860547
2.12460009765625 0.5359923745833209
2.12560009765625 0.5382081896023693
2.12660009765625 0.5385693061725472
2.12760009765625 0.5349472471439388
2.12860009765625 0.5422635617310834
2.12960009765625 0.5415717980479482
2.13060009765625 0.5479303130400128
2.13160009765625 0.5306913270471704
2.13260009765625 0.5361166516092986
2.13360009765625 0.5363230634015563
2.13460009765625 0.5363756834169681
2.13560009765625 0.542242415379913
2.13660009765625 0.534841929379533
2.13760009765625 0.5338656935452316
2.13860009765625 0.5365163512246733
2.13960009765625 0.5462561813158466
2.14060009765625 0.5340301026306747
2.14160009765625 0.5312849065073678
2.14260009765625 0.5403956194856167
2.14360009765625 0.5379308166702541
2.14460009765625 0.5321084569612015
2.14560009765625 0.5348837065623215
2.14660009765625 0.5385398384680258
2.14760009765625 0.5355948351033315
2.14860009765625 0.529867875442387
2.14960009765625 0.5347617116088516
2.15060009765625 0.5324242856959527
2.15160009765625 0.5294844735488645
2.15260009765625 0.525415008555702
2.15360009765625 0.5278299555179967
2.15460009765625 0.5316686121757082
2.15560009765625 0.5307757447608816
2.15660009765625 0.5321594973013338
2.15760009765625 0.5291712835853162
2.15860009765625 0.5311737976115157
2.15960009765625 0.5244992463431861
2.16060009765625 0.5217376171567428
2.16160009765625 0.51909808127697
2.16260009765625 0.5243499882597568
2.16360009765625 0.5212158402653648
2.16460009765625 0.5196977283877758
2.16560009765625 0.5245877358983303
2.16660009765625 0.521361436115575
2.16760009765625 0.5129733284389991
2.16860009765625 0.5169082412793201
2.16960009765625 0.5232935474581977
2.17060009765625 0.5164662608346627
2.17160009765625 0.5158903195495914
2.17260009765625 0.5199985799769135
2.17360009765625 0.5129936420917081
2.17460009765625 0.5190358952084672
2.17560009765625 0.5194757719647674
2.17660009765625 0.5157914896067504
2.17760009765625 0.5125950686353394
2.17860009765625 0.5137590890962815
2.17960009765625 0.4998821224306184
2.18060009765625 0.5260102935365341
2.18160009765625 0.5154840616721645
2.18260009765625 0.5098580139741632
2.18360009765625 0.5075184891261014
2.18460009765625 0.5051172125631833
2.18560009765625 0.502554917216983
2.18660009765625 0.4978268055504364
2.18760009765625 0.4939274904583135
2.18860009765625 0.4811359954770731
2.18960009765625 0.47788202403447455
2.19060009765625 0.46488833929601814
2.19160009765625 0.45146644666244723
2.19260009765625 0.4350702888653225
2.19360009765625 0.41174436385539287
2.19460009765625 0.4004394090369603
2.19560009765625 0.37586979287206324
2.19660009765625 0.3514735696743569
2.19760009765625 0.3302541249945403
2.19860009765625 0.3034201058846298
2.19960009765625 0.2803048145874184
2.20060009765625 0.26035434681758723
2.20160009765625 0.24572589876370443
2.20260009765625 0.22232634457042694
2.20360009765625 0.2031923154129498
2.20460009765625 0.1906157042696975
2.20560009765625 0.17346493582722372
2.20660009765625 0.16065103204122747
2.20760009765625 0.14484198945723264
2.20860009765625 0.13343938096803368
2.20960009765625 0.12170314371001728
2.21060009765625 0.10973102536881177
2.21160009765625 0.09910286398490678
2.21260009765625 0.08674980738907631
2.21360009765625 0.0789298480012176
2.21460009765625 0.06875063078506703
2.21560009765625 0.05946532175787033
2.21660009765625 0.05168833003332432
2.21760009765625 0.044442587380248096
2.21860009765625 0.03737306648606688
2.21960009765625 0.033973459243897434
2.22060009765625 0.029083400335377502
2.22160009765625 0.024293683093135295
2.22260009765625 0.021484568545756033
2.22360009765625 0.01819323569285491
2.22460009765625 0.015628395817138752
2.22560009765625 0.0137404233055176
2.22660009765625 0.011627810715960672
2.22760009765625 0.01011599762118
2.22860009765625 0.008816006966247552
2.22960009765625 0.007767386663016863
2.23060009765625 0.006723851164924224
2.23160009765625 0.0058432378185966725
2.23260009765625 0.005091457805659584
2.23360009765625 0.004399528493185632
2.23460009765625 0.003849969400296192
2.23560009765625 0.0034451997882230397
2.23660009765625 0.0029856263666403838
2.23760009765625 0.00263164064684016
2.23860009765625 0.0023049419721858236
2.23960009765625 0.002014966453741824
2.24060009765625 0.001774008767678496
2.24160009765625 0.0015429660594464638
2.24260009765625 0.0014093356689123839
2.24360009765625 0.0012168341929152
2.24460009765625 0.001095605645769792
2.24560009765625 0.000955125454390176
2.24660009765625 0.0008378534239076159
2.24760009765625 0.000752025663716256
2.24860009765625 0.0006564691697944319
2.24960009765625 0.000613221058822656
2.25060009765625 0.000528648718704768
2.25160009765625 0.000460956954192864
2.25260009765625 0.000415712319511296
2.25360009765625 0.000373348265219424
2.25460009765625 0.000320469600492288
2.25560009765625 0.00029356078752864
2.25660009765625 0.000267022197526464
2.25760009765625 0.00023748497210179199
2.25860009765625 0.00020959822842806398
2.25960009765625 0.000194041031037312
2.26060009765625 0.00017042102026646402
2.26160009765625 0.00015859784255020797
2.26260009765625 0.000139462696336128
2.26360009765625 0.000127139218717536
2.26460009765625 0.00011135184707299199
2.26560009765625 0.000100711302820896
2.26660009765625 9.149983484169534e-05
2.26760009765625 8.603486032732586e-05
2.26860009765625 7.728454186145229e-05
2.26960009765625 7.00394548153653e-05
2.27060009765625 6.333779427964282e-05
2.27160009765625 5.882217271549136e-05
2.27260009765625 5.838733600140633e-05
2.27360009765625 5.4185217834294646e-05
2.27460009765625 4.699539663790117e-05
2.27560009765625 4.560516643259004e-05
2.27660009765625 3.9559347504375195e-05
2.27760009765625 3.86103275069627e-05
2.27860009765625 3.2124512363910684e-05
2.27960009765625 3.270661158274411e-05
2.28060009765625 3.055497406221327e-05
2.28160009765625 2.9395995799646388e-05
2.28260009765625 2.756056047859893e-05
2.28360009765625 2.4969500608909467e-05
2.28460009765625 2.076847381820019e-05
2.28560009765625 2.392402525351586e-05
2.28660009765625 1.81301791209991e-05
2.28760009765625 1.9855516005979633e-05
2.28860009765625 1.90646826237202e-05
2.28960009765625 1.8890136177160708e-05
2.29060009765625 1.702197438756723e-05
2.29160009765625 1.759968590230315e-05
2.29260009765625 1.5617785236292635e-05
2.29360009765625 1.4996463020290066e-05
2.29460009765625 1.5090040024634963e-05
2.29560009765625 1.4726977457988928e-05
2.29660009765625 1.1735542665172486e-05
2.29760009765625 1.2991557197134012e-05
2.29860009765625 1.1456164600887231e-05
2.29960009765625 1.0454765977013034e-05
2.30060009765625 1.1330987817310471e-05
2.30160009765625 1.0934502389225609e-05
2.3026000976562497 0.0
2.3036000976562496 0.0
